Bin center (eV),Counts per 2 eV bin
801.0,26
803.0,22
805.0,17
807.0,20
809.0,18
811.0,34
813.0,39
815.0,27
817.0,33
819.0,27
821.0,28
823.0,33
825.0,38
827.0,33
829.0,44
831.0,58
833.0,67
835.0,99
837.0,154
839.0,173
841.0,231
843.0,214
845.0,197
847.0,203
849.0,232
851.0,275
853.0,287
855.0,292
857.0,255
859.0,167
861.0,100
863.0,72
865.0,45
867.0,42
869.0,35
871.0,27
873.0,41
875.0,27
877.0,27
879.0,27
881.0,15
883.0,25
885.0,18
887.0,36
889.0,37
891.0,20
893.0,31
895.0,28
897.0,22
899.0,34
901.0,74
903.0,117
905.0,138
907.0,190
909.0,169
911.0,109
913.0,86
915.0,73
917.0,132
919.0,172
921.0,231
923.0,215
925.0,188
927.0,155
929.0,122
931.0,160
933.0,140
935.0,120
937.0,89
939.0,52
941.0,59
943.0,50
945.0,35
947.0,32
949.0,26
951.0,41
953.0,44
955.0,41
957.0,32
959.0,19
961.0,25
963.0,25
965.0,22
967.0,18
969.0,23
971.0,25
973.0,25
975.0,13
977.0,21
979.0,18
981.0,16
983.0,15
985.0,24
987.0,12
989.0,13
991.0,18
993.0,16
995.0,11
997.0,14
999.0,15
1001.0,12
1003.0,17
1005.0,14
1007.0,12
1009.0,17
1011.0,19
1013.0,16
1015.0,17
1017.0,12
1019.0,13
1021.0,7
1023.0,9
1025.0,16
1027.0,16
1029.0,23
1031.0,33
1033.0,28
1035.0,28
1037.0,15
1039.0,11
1041.0,14
1043.0,16
1045.0,8
1047.0,11
1049.0,14
1051.0,8
1053.0,17
1055.0,11
1057.0,12
1059.0,12
1061.0,14
1063.0,7
1065.0,6
1067.0,13
1069.0,14
1071.0,10
1073.0,10
1075.0,15
1077.0,9
1079.0,18
1081.0,12
1083.0,12
1085.0,10
1087.0,12
1089.0,19
1091.0,11
1093.0,18
1095.0,11
1097.0,12
1099.0,11
1101.0,11
1103.0,12
1105.0,14
1107.0,12
1109.0,20
1111.0,16
1113.0,9
1115.0,14
1117.0,13
1119.0,11
1121.0,15
1123.0,9
1125.0,15
1127.0,9
1129.0,16
1131.0,21
1133.0,12
1135.0,8
1137.0,12
1139.0,10
1141.0,9
1143.0,14
1145.0,15
1147.0,21
1149.0,14
1151.0,15
1153.0,16
1155.0,9
1157.0,13
1159.0,17
1161.0,15
1163.0,9
1165.0,13
1167.0,9
1169.0,9
1171.0,13
1173.0,14
1175.0,10
1177.0,9
1179.0,12
1181.0,12
1183.0,12
1185.0,21
1187.0,18
1189.0,9
1191.0,19
1193.0,12
1195.0,11
1197.0,17
1199.0,13
1201.0,8
1203.0,12
1205.0,5
1207.0,17
1209.0,6
1211.0,8
1213.0,18
1215.0,8
1217.0,18
1219.0,15
1221.0,18
1223.0,17
1225.0,12
1227.0,16
1229.0,12
1231.0,11
1233.0,11
1235.0,13
1237.0,6
1239.0,9
1241.0,11
1243.0,15
1245.0,11
1247.0,9
1249.0,20
1251.0,18
1253.0,16
1255.0,25
1257.0,9
1259.0,14
1261.0,21
1263.0,8
1265.0,12
1267.0,11
1269.0,14
1271.0,20
1273.0,14
1275.0,19
1277.0,12
1279.0,15
1281.0,14
1283.0,13
1285.0,15
1287.0,21
1289.0,20
1291.0,15
1293.0,16
1295.0,15
1297.0,14
1299.0,20
1301.0,12
1303.0,11
1305.0,16
1307.0,19
1309.0,10
1311.0,16
1313.0,11
1315.0,14
1317.0,9
1319.0,17
1321.0,16
1323.0,20
1325.0,16
1327.0,15
1329.0,18
1331.0,10
1333.0,14
1335.0,11
1337.0,14
1339.0,18
1341.0,25
1343.0,20
1345.0,17
1347.0,26
1349.0,13
1351.0,14
1353.0,14
1355.0,13
1357.0,15
1359.0,18
1361.0,18
1363.0,9
1365.0,11
1367.0,9
1369.0,12
1371.0,15
1373.0,12
1375.0,17
1377.0,13
1379.0,15
1381.0,11
1383.0,16
1385.0,19
1387.0,22
1389.0,23
1391.0,21
1393.0,18
1395.0,24
1397.0,17
1399.0,23
1401.0,22
1403.0,17
1405.0,15
1407.0,11
1409.0,15
1411.0,9
1413.0,17
1415.0,18
1417.0,24
1419.0,16
1421.0,10
1423.0,16
1425.0,9
1427.0,14
1429.0,11
1431.0,13
1433.0,19
1435.0,12
1437.0,8
1439.0,24
1441.0,15
1443.0,24
1445.0,13
1447.0,20
1449.0,10
1451.0,15
1453.0,14
1455.0,25
1457.0,11
1459.0,12
1461.0,12
1463.0,19
1465.0,24
1467.0,15
1469.0,19
1471.0,14
1473.0,15
1475.0,19
1477.0,17
1479.0,17
1481.0,12
1483.0,16
1485.0,14
1487.0,15
1489.0,14
1491.0,22
1493.0,9
1495.0,17
1497.0,15
1499.0,11
1501.0,18
1503.0,13
1505.0,17
1507.0,19
1509.0,12
1511.0,10
1513.0,20
1515.0,11
1517.0,15
1519.0,22
1521.0,10
1523.0,11
1525.0,16
1527.0,22
1529.0,14
1531.0,10
1533.0,16
1535.0,15
1537.0,17
1539.0,18
1541.0,21
1543.0,15
1545.0,20
1547.0,15
1549.0,14
1551.0,16
1553.0,19
1555.0,17
1557.0,15
1559.0,13
1561.0,9
1563.0,17
1565.0,11
1567.0,5
1569.0,9
1571.0,5
1573.0,12
1575.0,13
1577.0,14
1579.0,8
1581.0,6
1583.0,9
1585.0,6
1587.0,10
1589.0,9
1591.0,9
1593.0,13
1595.0,8
1597.0,7
1599.0,8
1601.0,8
1603.0,7
1605.0,4
1607.0,7
1609.0,10
1611.0,7
1613.0,10
1615.0,7
1617.0,5
1619.0,8
1621.0,8
1623.0,10
1625.0,6
1627.0,15
1629.0,15
1631.0,10
1633.0,11
1635.0,9
1637.0,13
1639.0,8
1641.0,10
1643.0,9
1645.0,5
1647.0,11
1649.0,8
1651.0,8
1653.0,9
1655.0,9
1657.0,6
1659.0,9
1661.0,14
1663.0,12
1665.0,10
1667.0,13
1669.0,17
1671.0,16
1673.0,9
1675.0,6
1677.0,11
1679.0,13
1681.0,20
1683.0,8
1685.0,9
1687.0,14
1689.0,9
1691.0,7
1693.0,8
1695.0,8
1697.0,11
1699.0,15
1701.0,17
1703.0,12
1705.0,12
1707.0,10
1709.0,8
1711.0,13
1713.0,7
1715.0,12
1717.0,16
1719.0,14
1721.0,17
1723.0,12
1725.0,10
1727.0,16
1729.0,9
1731.0,8
1733.0,12
1735.0,12
1737.0,22
1739.0,29
1741.0,18
1743.0,12
1745.0,7
1747.0,7
1749.0,10
1751.0,4
1753.0,5
1755.0,6
1757.0,5
1759.0,10
1761.0,1
1763.0,8
1765.0,8
1767.0,7
1769.0,12
1771.0,4
1773.0,7
1775.0,5
1777.0,8
1779.0,17
1781.0,9
1783.0,12
1785.0,17
1787.0,7
1789.0,4
1791.0,9
1793.0,12
1795.0,8
1797.0,6
1799.0,9
1801.0,9
1803.0,10
1805.0,3
1807.0,12
1809.0,13
1811.0,6
1813.0,7
1815.0,10
1817.0,16
1819.0,9
1821.0,19
1823.0,6
1825.0,14
1827.0,7
1829.0,6
1831.0,12
1833.0,17
1835.0,9
1837.0,6
1839.0,14
1841.0,14
1843.0,10
1845.0,6
1847.0,13
1849.0,8
1851.0,8
1853.0,9
1855.0,9
1857.0,7
1859.0,10
1861.0,14
1863.0,21
1865.0,22
1867.0,9
1869.0,12
1871.0,13
1873.0,13
1875.0,11
1877.0,9
1879.0,7
1881.0,16
1883.0,10
1885.0,17
1887.0,9
1889.0,14
1891.0,8
1893.0,15
1895.0,11
1897.0,13
1899.0,8
1901.0,10
1903.0,14
1905.0,15
1907.0,6
1909.0,11
1911.0,5
1913.0,7
1915.0,4
1917.0,10
1919.0,11
1921.0,15
1923.0,9
1925.0,11
1927.0,11
1929.0,7
1931.0,9
1933.0,7
1935.0,7
1937.0,8
1939.0,8
1941.0,8
1943.0,11
1945.0,1
1947.0,8
1949.0,8
1951.0,3
1953.0,9
1955.0,11
1957.0,3
1959.0,7
1961.0,8
1963.0,10
1965.0,8
1967.0,7
1969.0,6
1971.0,12
1973.0,14
1975.0,7
1977.0,13
1979.0,9
1981.0,12
1983.0,10
1985.0,12
1987.0,10
1989.0,6
1991.0,9
1993.0,8
1995.0,9
1997.0,4
1999.0,5
2001.0,6
2003.0,5
2005.0,9
2007.0,9
2009.0,7
2011.0,4
2013.0,7
2015.0,7
2017.0,9
2019.0,8
2021.0,16
2023.0,7
2025.0,11
2027.0,8
2029.0,7
2031.0,4
2033.0,13
2035.0,15
2037.0,7
2039.0,9
2041.0,9
2043.0,5
2045.0,8
2047.0,10
2049.0,10
2051.0,8
2053.0,7
2055.0,9
2057.0,4
2059.0,5
2061.0,1
2063.0,8
2065.0,6
2067.0,4
2069.0,5
2071.0,7
2073.0,8
2075.0,5
2077.0,10
2079.0,11
2081.0,13
2083.0,13
2085.0,16
2087.0,18
2089.0,25
2091.0,21
2093.0,11
2095.0,16
2097.0,10
2099.0,8
2101.0,12
2103.0,19
2105.0,10
2107.0,21
2109.0,15
2111.0,19
2113.0,12
2115.0,9
2117.0,17
2119.0,9
2121.0,5
2123.0,9
2125.0,10
2127.0,7
2129.0,9
2131.0,16
2133.0,12
2135.0,10
2137.0,11
2139.0,17
2141.0,11
2143.0,13
2145.0,15
2147.0,8
2149.0,18
2151.0,17
2153.0,12
2155.0,13
2157.0,10
2159.0,11
2161.0,14
2163.0,12
2165.0,8
2167.0,13
2169.0,12
2171.0,18
2173.0,27
2175.0,44
2177.0,54
2179.0,45
2181.0,26
2183.0,33
2185.0,26
2187.0,29
2189.0,16
2191.0,18
2193.0,20
2195.0,16
2197.0,12
2199.0,12
2201.0,17
2203.0,27
2205.0,37
2207.0,30
2209.0,23
2211.0,16
2213.0,12
2215.0,12
2217.0,20
2219.0,8
2221.0,15
2223.0,16
2225.0,19
2227.0,13
2229.0,11
2231.0,14
2233.0,8
2235.0,9
2237.0,7
2239.0,13
2241.0,7
2243.0,11
2245.0,17
2247.0,15
2249.0,7
2251.0,13
2253.0,12
2255.0,17
2257.0,16
2259.0,24
2261.0,13
2263.0,9
2265.0,5
2267.0,13
2269.0,15
2271.0,9
2273.0,6
2275.0,12
2277.0,12
2279.0,11
2281.0,15
2283.0,11
2285.0,19
2287.0,10
2289.0,16
2291.0,15
2293.0,10
2295.0,20
2297.0,15
2299.0,11
2301.0,7
2303.0,17
2305.0,21
2307.0,16
2309.0,14
2311.0,14
2313.0,18
2315.0,21
2317.0,13
2319.0,16
2321.0,18
2323.0,14
2325.0,16
2327.0,13
2329.0,12
2331.0,18
2333.0,19
2335.0,11
2337.0,12
2339.0,7
2341.0,16
2343.0,20
2345.0,30
2347.0,36
2349.0,20
2351.0,10
2353.0,15
2355.0,16
2357.0,9
2359.0,12
2361.0,14
2363.0,19
2365.0,18
2367.0,18
2369.0,18
2371.0,18
2373.0,20
2375.0,17
2377.0,16
2379.0,10
2381.0,19
2383.0,21
2385.0,18
2387.0,11
2389.0,13
2391.0,30
2393.0,23
2395.0,19
2397.0,13
2399.0,11
2401.0,17
2403.0,16
2405.0,17
2407.0,22
2409.0,21
2411.0,22
2413.0,31
2415.0,20
2417.0,29
2419.0,28
2421.0,22
2423.0,33
2425.0,42
2427.0,63
2429.0,40
2431.0,28
2433.0,22
2435.0,18
2437.0,18
2439.0,19
2441.0,16
2443.0,15
2445.0,17
2447.0,14
2449.0,14
2451.0,13
2453.0,20
2455.0,13
2457.0,31
2459.0,32
2461.0,36
2463.0,27
2465.0,20
2467.0,11
2469.0,25
2471.0,29
2473.0,29
2475.0,36
2477.0,39
2479.0,31
2481.0,24
2483.0,17
2485.0,16
2487.0,23
2489.0,10
2491.0,11
2493.0,13
2495.0,10
2497.0,11
2499.0,16
2501.0,17
2503.0,9
2505.0,11
2507.0,17
2509.0,15
2511.0,15
2513.0,10
2515.0,10
2517.0,18
2519.0,18
2521.0,23
2523.0,30
2525.0,44
2527.0,44
2529.0,22
2531.0,19
2533.0,24
2535.0,24
2537.0,23
2539.0,29
2541.0,14
2543.0,11
2545.0,14
2547.0,11
2549.0,14
2551.0,11
2553.0,13
2555.0,12
2557.0,12
2559.0,18
2561.0,13
2563.0,11
2565.0,14
2567.0,17
2569.0,24
2571.0,38
2573.0,26
2575.0,42
2577.0,22
2579.0,20
2581.0,15
2583.0,23
2585.0,29
2587.0,13
2589.0,30
2591.0,22
2593.0,26
2595.0,23
2597.0,15
2599.0,9
2601.0,16
2603.0,21
2605.0,16
2607.0,16
2609.0,14
2611.0,20
2613.0,32
2615.0,22
2617.0,23
2619.0,27
2621.0,36
2623.0,37
2625.0,38
2627.0,25
2629.0,9
2631.0,14
2633.0,14
2635.0,16
2637.0,22
2639.0,16
2641.0,22
2643.0,21
2645.0,27
2647.0,12
2649.0,19
2651.0,17
2653.0,19
2655.0,19
2657.0,19
2659.0,15
2661.0,14
2663.0,27
2665.0,27
2667.0,29
2669.0,35
2671.0,35
2673.0,27
2675.0,24
2677.0,21
2679.0,24
2681.0,14
2683.0,21
2685.0,12
2687.0,11
2689.0,13
2691.0,15
2693.0,19
2695.0,14
2697.0,15
2699.0,7
2701.0,16
2703.0,28
2705.0,17
2707.0,21
2709.0,18
2711.0,19
2713.0,21
2715.0,18
2717.0,37
2719.0,46
2721.0,45
2723.0,23
2725.0,20
2727.0,25
2729.0,14
2731.0,19
2733.0,16
2735.0,17
2737.0,13
2739.0,12
2741.0,20
2743.0,18
2745.0,15
2747.0,18
2749.0,16
2751.0,16
2753.0,33
2755.0,18
2757.0,17
2759.0,23
2761.0,30
2763.0,26
2765.0,28
2767.0,27
2769.0,23
2771.0,23
2773.0,33
2775.0,23
2777.0,15
2779.0,21
2781.0,25
2783.0,30
2785.0,26
2787.0,30
2789.0,15
2791.0,18
2793.0,31
2795.0,27
2797.0,27
2799.0,20
2801.0,20
2803.0,33
2805.0,19
2807.0,17
2809.0,13
2811.0,25
2813.0,21
2815.0,18
2817.0,31
2819.0,28
2821.0,30
2823.0,18
2825.0,16
2827.0,16
2829.0,25
2831.0,26
2833.0,28
2835.0,45
2837.0,53
2839.0,44
2841.0,26
2843.0,16
2845.0,22
2847.0,18
2849.0,24
2851.0,24
2853.0,31
2855.0,24
2857.0,28
2859.0,32
2861.0,38
2863.0,26
2865.0,16
2867.0,24
2869.0,26
2871.0,27
2873.0,19
2875.0,19
2877.0,34
2879.0,19
2881.0,38
2883.0,48
2885.0,42
2887.0,33
2889.0,26
2891.0,28
2893.0,22
2895.0,26
2897.0,20
2899.0,17
2901.0,31
2903.0,28
2905.0,30
2907.0,42
2909.0,39
2911.0,34
2913.0,53
2915.0,31
2917.0,28
2919.0,30
2921.0,19
2923.0,24
2925.0,33
2927.0,32
2929.0,26
2931.0,16
2933.0,35
2935.0,35
2937.0,34
2939.0,40
2941.0,36
2943.0,36
2945.0,39
2947.0,40
2949.0,29
2951.0,25
2953.0,29
2955.0,46
2957.0,40
2959.0,41
2961.0,68
2963.0,73
2965.0,50
2967.0,38
2969.0,30
2971.0,21
2973.0,23
2975.0,24
2977.0,29
2979.0,26
2981.0,20
2983.0,31
2985.0,20
2987.0,23
2989.0,27
2991.0,19
2993.0,24
2995.0,31
2997.0,29
2999.0,30
3001.0,26
3003.0,22
3005.0,21
3007.0,27
3009.0,36
3011.0,36
3013.0,35
3015.0,40
3017.0,45
3019.0,37
3021.0,26
3023.0,30
3025.0,16
3027.0,25
3029.0,27
3031.0,18
3033.0,31
3035.0,29
3037.0,28
3039.0,24
3041.0,17
3043.0,32
3045.0,44
3047.0,41
3049.0,45
3051.0,30
3053.0,32
3055.0,25
3057.0,16
3059.0,32
3061.0,30
3063.0,27
3065.0,23
3067.0,45
3069.0,41
3071.0,35
3073.0,19
3075.0,20
3077.0,18
3079.0,17
3081.0,25
3083.0,18
3085.0,22
3087.0,30
3089.0,31
3091.0,27
3093.0,26
3095.0,38
3097.0,41
3099.0,34
3101.0,35
3103.0,34
3105.0,37
3107.0,42
3109.0,32
3111.0,45
3113.0,37
3115.0,23
3117.0,20
3119.0,34
3121.0,30
3123.0,48
3125.0,29
3127.0,17
3129.0,23
3131.0,29
3133.0,21
3135.0,15
3137.0,20
3139.0,22
3141.0,38
3143.0,27
3145.0,30
3147.0,31
3149.0,26
3151.0,24
3153.0,43
3155.0,37
3157.0,28
3159.0,19
3161.0,23
3163.0,26
3165.0,24
3167.0,17
3169.0,29
3171.0,25
3173.0,30
3175.0,35
3177.0,51
3179.0,42
3181.0,54
3183.0,20
3185.0,26
3187.0,15
3189.0,15
3191.0,25
3193.0,36
3195.0,32
3197.0,24
3199.0,33
3201.0,17
3203.0,18
3205.0,19
3207.0,14
3209.0,17
3211.0,28
3213.0,28
3215.0,38
3217.0,32
3219.0,39
3221.0,31
3223.0,28
3225.0,30
3227.0,31
3229.0,37
3231.0,35
3233.0,29
3235.0,28
3237.0,32
3239.0,25
3241.0,15
3243.0,19
3245.0,13
3247.0,22
3249.0,15
3251.0,25
3253.0,10
3255.0,16
3257.0,16
3259.0,15
3261.0,11
3263.0,21
3265.0,13
3267.0,24
3269.0,25
3271.0,23
3273.0,24
3275.0,30
3277.0,28
3279.0,42
3281.0,45
3283.0,40
3285.0,31
3287.0,30
3289.0,16
3291.0,15
3293.0,19
3295.0,25
3297.0,16
3299.0,15
3301.0,19
3303.0,21
3305.0,19
3307.0,13
3309.0,8
3311.0,13
3313.0,15
3315.0,11
3317.0,13
3319.0,14
3321.0,24
3323.0,20
3325.0,24
3327.0,23
3329.0,32
3331.0,38
3333.0,44
3335.0,58
3337.0,55
3339.0,54
3341.0,39
3343.0,24
3345.0,27
3347.0,25
3349.0,15
3351.0,13
3353.0,14
3355.0,14
3357.0,10
3359.0,14
3361.0,13
3363.0,18
3365.0,11
3367.0,21
3369.0,26
3371.0,20
3373.0,23
3375.0,14
3377.0,18
3379.0,22
3381.0,28
3383.0,42
3385.0,36
3387.0,44
3389.0,26
3391.0,39
3393.0,32
3395.0,30
3397.0,17
3399.0,19
3401.0,28
3403.0,24
3405.0,31
3407.0,31
3409.0,27
3411.0,27
3413.0,31
3415.0,31
3417.0,50
3419.0,57
3421.0,27
3423.0,21
3425.0,14
3427.0,20
3429.0,17
3431.0,21
3433.0,23
3435.0,16
3437.0,32
3439.0,44
3441.0,29
3443.0,27
3445.0,23
3447.0,6
3449.0,13
3451.0,17
3453.0,11
3455.0,12
3457.0,23
3459.0,29
3461.0,18
3463.0,20
3465.0,18
3467.0,19
3469.0,20
3471.0,32
3473.0,35
3475.0,25
3477.0,23
3479.0,24
3481.0,23
3483.0,12
3485.0,14
3487.0,21
3489.0,27
3491.0,27
3493.0,7
3495.0,14
3497.0,12
3499.0,15
3501.0,13
3503.0,18
3505.0,21
3507.0,13
3509.0,13
3511.0,14
3513.0,12
3515.0,13
3517.0,15
3519.0,12
3521.0,19
3523.0,20
3525.0,17
3527.0,21
3529.0,32
3531.0,19
3533.0,16
3535.0,10
3537.0,26
3539.0,20
3541.0,26
3543.0,10
3545.0,8
3547.0,11
3549.0,9
3551.0,9
3553.0,11
3555.0,10
3557.0,14
3559.0,12
3561.0,12
3563.0,19
3565.0,15
3567.0,18
3569.0,31
3571.0,29
3573.0,27
3575.0,28
3577.0,20
3579.0,19
3581.0,17
3583.0,17
3585.0,21
3587.0,15
3589.0,13
3591.0,14
3593.0,10
3595.0,12
3597.0,15
3599.0,12
3601.0,12
3603.0,8
3605.0,8
3607.0,13
3609.0,21
3611.0,18
3613.0,22
3615.0,24
3617.0,45
3619.0,40
3621.0,42
3623.0,50
3625.0,56
3627.0,25
3629.0,22
3631.0,17
3633.0,18
3635.0,11
3637.0,5
3639.0,6
3641.0,5
3643.0,9
3645.0,8
3647.0,4
3649.0,15
3651.0,19
3653.0,24
3655.0,22
3657.0,20
3659.0,18
3661.0,12
3663.0,8
3665.0,25
3667.0,22
3669.0,35
3671.0,33
3673.0,36
3675.0,27
3677.0,27
3679.0,20
3681.0,15
3683.0,22
3685.0,24
3687.0,27
3689.0,12
3691.0,12
3693.0,9
3695.0,10
3697.0,19
3699.0,10
3701.0,13
3703.0,15
3705.0,21
3707.0,28
3709.0,16
3711.0,37
3713.0,25
3715.0,20
3717.0,16
3719.0,7
3721.0,9
3723.0,10
3725.0,10
3727.0,13
3729.0,17
3731.0,16
3733.0,22
3735.0,22
3737.0,14
3739.0,18
3741.0,14
3743.0,32
3745.0,24
3747.0,20
3749.0,17
3751.0,18
3753.0,6
3755.0,19
3757.0,28
3759.0,24
3761.0,23
3763.0,11
3765.0,11
3767.0,7
3769.0,6
3771.0,11
3773.0,9
3775.0,7
3777.0,4
3779.0,7
3781.0,16
3783.0,16
3785.0,16
3787.0,24
3789.0,23
3791.0,23
3793.0,18
3795.0,28
3797.0,23
3799.0,23
3801.0,29
3803.0,32
3805.0,25
3807.0,10
3809.0,11
3811.0,11
3813.0,15
3815.0,11
3817.0,2
3819.0,8
3821.0,16
3823.0,12
3825.0,19
3827.0,9
3829.0,15
3831.0,12
3833.0,16
3835.0,30
3837.0,28
3839.0,37
3841.0,33
3843.0,14
3845.0,17
3847.0,18
3849.0,17
3851.0,7
3853.0,9
3855.0,7
3857.0,15
3859.0,7
3861.0,7
3863.0,11
3865.0,7
3867.0,5
3869.0,4
3871.0,8
3873.0,7
3875.0,9
3877.0,10
3879.0,5
3881.0,5
3883.0,8
3885.0,3
3887.0,8
3889.0,7
3891.0,8
3893.0,9
3895.0,18
3897.0,19
3899.0,40
3901.0,24
3903.0,16
3905.0,16
3907.0,7
3909.0,6
3911.0,9
3913.0,15
3915.0,9
3917.0,13
3919.0,5
3921.0,8
3923.0,6
3925.0,14
3927.0,19
3929.0,18
3931.0,10
3933.0,9
3935.0,9
3937.0,5
3939.0,8
3941.0,15
3943.0,8
3945.0,7
3947.0,8
3949.0,6
3951.0,8
3953.0,12
3955.0,9
3957.0,8
3959.0,20
3961.0,28
3963.0,22
3965.0,12
3967.0,11
3969.0,5
3971.0,15
3973.0,5
3975.0,8
3977.0,9
3979.0,9
3981.0,9
3983.0,4
3985.0,5
3987.0,6
3989.0,9
3991.0,4
3993.0,4
3995.0,5
3997.0,3
3999.0,4
4001.0,6
4003.0,6
4005.0,5
4007.0,9
4009.0,4
4011.0,2
4013.0,5
4015.0,4
4017.0,6
4019.0,3
4021.0,5
4023.0,9
4025.0,9
4027.0,11
4029.0,4
4031.0,2
4033.0,3
4035.0,11
4037.0,7
4039.0,7
4041.0,7
4043.0,10
4045.0,10
4047.0,2
4049.0,9
4051.0,3
4053.0,6
4055.0,3
4057.0,3
4059.0,2
4061.0,3
4063.0,3
4065.0,3
4067.0,6
4069.0,2
4071.0,5
4073.0,4
4075.0,4
4077.0,3
4079.0,5
4081.0,15
4083.0,14
4085.0,5
4087.0,4
4089.0,3
4091.0,5
4093.0,3
4095.0,3
4097.0,5
4099.0,3
4101.0,4
4103.0,3
4105.0,4
4107.0,2
4109.0,5
4111.0,4
4113.0,3
4115.0,8
4117.0,10
4119.0,11
4121.0,10
4123.0,15
4125.0,6
4127.0,4
4129.0,4
4131.0,4
4133.0,8
4135.0,2
4137.0,3
4139.0,2
4141.0,3
4143.0,4
4145.0,1
4147.0,6
4149.0,7
4151.0,3
4153.0,4
4155.0,3
4157.0,8
4159.0,4
4161.0,7
4163.0,5
4165.0,1
4167.0,3
4169.0,9
4171.0,1
4173.0,3
4175.0,3
4177.0,2
4179.0,6
4181.0,6
4183.0,4
4185.0,4
4187.0,7
4189.0,7
4191.0,7
4193.0,3
4195.0,1
4197.0,8
4199.0,3
4201.0,7
4203.0,5
4205.0,5
4207.0,5
4209.0,7
4211.0,3
4213.0,4
4215.0,7
4217.0,6
4219.0,8
4221.0,11
4223.0,9
4225.0,4
4227.0,5
4229.0,7
4231.0,7
4233.0,6
4235.0,4
4237.0,4
4239.0,3
4241.0,4
4243.0,2
4245.0,6
4247.0,6
4249.0,3
4251.0,3
4253.0,7
4255.0,11
4257.0,10
4259.0,5
4261.0,11
4263.0,6
4265.0,6
4267.0,6
4269.0,7
4271.0,3
4273.0,3
4275.0,6
4277.0,5
4279.0,11
4281.0,1
4283.0,5
4285.0,4
4287.0,3
4289.0,4
4291.0,6
4293.0,7
4295.0,12
4297.0,10
4299.0,15
4301.0,4
4303.0,5
4305.0,8
4307.0,4
4309.0,10
4311.0,1
4313.0,7
4315.0,7
4317.0,9
4319.0,12
4321.0,7
4323.0,12
4325.0,4
4327.0,8
4329.0,5
4331.0,5
4333.0,5
4335.0,2
4337.0,10
4339.0,9
4341.0,15
4343.0,21
4345.0,11
4347.0,4
4349.0,7
4351.0,7
4353.0,8
4355.0,6
4357.0,6
4359.0,5
4361.0,7
4363.0,5
4365.0,7
4367.0,4
4369.0,3
4371.0,9
4373.0,7
4375.0,3
4377.0,4
4379.0,9
4381.0,5
4383.0,1
4385.0,9
4387.0,6
4389.0,19
4391.0,21
4393.0,20
4395.0,14
4397.0,5
4399.0,5
4401.0,5
4403.0,3
4405.0,4
4407.0,6
4409.0,13
4411.0,25
4413.0,17
4415.0,11
4417.0,5
4419.0,4
4421.0,3
4423.0,3
4425.0,2
4427.0,4
4429.0,6
4431.0,4
4433.0,4
4435.0,10
4437.0,5
4439.0,5
4441.0,2
4443.0,7
4445.0,5
4447.0,3
4449.0,4
4451.0,5
4453.0,10
4455.0,13
4457.0,3
4459.0,4
4461.0,6
4463.0,15
4465.0,14
4467.0,20
4469.0,18
4471.0,11
4473.0,18
4475.0,6
4477.0,3
4479.0,8
4481.0,9
4483.0,6
4485.0,8
4487.0,4
4489.0,4
4491.0,7
4493.0,2
4495.0,4
4497.0,11
4499.0,10
4501.0,6
4503.0,20
4505.0,13
4507.0,16
4509.0,11
4511.0,8
4513.0,12
4515.0,14
4517.0,12
4519.0,9
4521.0,5
4523.0,1
4525.0,8
4527.0,4
4529.0,0
4531.0,5
4533.0,3
4535.0,6
4537.0,2
4539.0,4
4541.0,3
4543.0,8
4545.0,14
4547.0,9
4549.0,8
4551.0,12
4553.0,5
4555.0,9
4557.0,16
4559.0,16
4561.0,8
4563.0,10
4565.0,9
4567.0,15
4569.0,5
4571.0,4
4573.0,4
4575.0,3
4577.0,6
4579.0,3
4581.0,7
4583.0,5
4585.0,4
4587.0,9
4589.0,9
4591.0,6
4593.0,4
4595.0,4
4597.0,7
4599.0,6
4601.0,3
4603.0,5
4605.0,15
4607.0,15
4609.0,13
4611.0,10
4613.0,3
4615.0,4
4617.0,4
4619.0,3
4621.0,10
4623.0,2
4625.0,6
4627.0,2
4629.0,4
4631.0,7
4633.0,3
4635.0,5
4637.0,7
4639.0,7
4641.0,7
4643.0,6
4645.0,4
4647.0,5
4649.0,6
4651.0,7
4653.0,5
4655.0,24
4657.0,15
4659.0,15
4661.0,7
4663.0,7
4665.0,5
4667.0,7
4669.0,4
4671.0,5
4673.0,6
4675.0,5
4677.0,9
4679.0,4
4681.0,1
4683.0,1
4685.0,7
4687.0,1
4689.0,6
4691.0,4
4693.0,7
4695.0,4
4697.0,7
4699.0,4
4701.0,3
4703.0,2
4705.0,0
4707.0,2
4709.0,3
4711.0,2
4713.0,3
4715.0,4
4717.0,6
4719.0,5
4721.0,3
4723.0,2
4725.0,4
4727.0,5
4729.0,6
4731.0,5
4733.0,5
4735.0,1
4737.0,2
4739.0,4
4741.0,9
4743.0,7
4745.0,3
4747.0,2
4749.0,3
4751.0,3
4753.0,2
4755.0,9
4757.0,3
4759.0,8
4761.0,7
4763.0,4
4765.0,6
4767.0,0
4769.0,3
4771.0,2
4773.0,2
4775.0,4
4777.0,6
4779.0,5
4781.0,3
4783.0,1
4785.0,2
4787.0,4
4789.0,2
4791.0,1
4793.0,6
4795.0,1
4797.0,3
4799.0,1
4801.0,2
4803.0,4
4805.0,2
4807.0,3
4809.0,2
4811.0,1
4813.0,6
4815.0,6
4817.0,2
4819.0,2
4821.0,2
4823.0,9
4825.0,3
4827.0,3
4829.0,2
4831.0,7
4833.0,1
4835.0,3
4837.0,3
4839.0,2
4841.0,2
4843.0,5
4845.0,2
4847.0,5
4849.0,3
4851.0,5
4853.0,8
4855.0,5
4857.0,3
4859.0,5
4861.0,2
4863.0,6
4865.0,2
4867.0,3
4869.0,3
4871.0,2
4873.0,0
4875.0,0
4877.0,4
4879.0,1
4881.0,6
4883.0,1
4885.0,4
4887.0,6
4889.0,6
4891.0,3
4893.0,4
4895.0,4
4897.0,1
4899.0,1
4901.0,3
4903.0,2
4905.0,4
4907.0,5
4909.0,1
4911.0,1
4913.0,5
4915.0,2
4917.0,4
4919.0,3
4921.0,4
4923.0,5
4925.0,5
4927.0,5
4929.0,3
4931.0,4
4933.0,5
4935.0,5
4937.0,2
4939.0,8
4941.0,4
4943.0,2
4945.0,3
4947.0,1
4949.0,3
4951.0,4
4953.0,2
4955.0,5
4957.0,6
4959.0,4
4961.0,5
4963.0,3
4965.0,6
4967.0,5
4969.0,3
4971.0,1
4973.0,1
4975.0,3
4977.0,0
4979.0,3
4981.0,3
4983.0,0
4985.0,0
4987.0,3
4989.0,1
4991.0,4
4993.0,3
4995.0,3
4997.0,0
4999.0,8
5001.0,4
5003.0,9
5005.0,6
5007.0,7
5009.0,0
5011.0,2
5013.0,3
5015.0,4
5017.0,2
5019.0,1
5021.0,5
5023.0,4
5025.0,2
5027.0,4
5029.0,3
5031.0,3
5033.0,6
5035.0,4
5037.0,8
5039.0,11
5041.0,9
5043.0,5
5045.0,4
5047.0,3
5049.0,2
5051.0,4
5053.0,3
5055.0,1
5057.0,2
5059.0,4
5061.0,3
5063.0,2
5065.0,1
5067.0,3
5069.0,6
5071.0,5
5073.0,2
5075.0,1
5077.0,2
5079.0,1
5081.0,5
5083.0,5
5085.0,4
5087.0,2
5089.0,3
5091.0,4
5093.0,3
5095.0,2
5097.0,3
5099.0,2
5101.0,3
5103.0,7
5105.0,4
5107.0,8
5109.0,7
5111.0,1
5113.0,8
5115.0,9
5117.0,6
5119.0,7
5121.0,8
5123.0,11
5125.0,6
5127.0,2
5129.0,5
5131.0,1
5133.0,1
5135.0,7
5137.0,6
5139.0,7
5141.0,3
5143.0,0
5145.0,5
5147.0,3
5149.0,1
5151.0,9
5153.0,0
5155.0,2
5157.0,2
5159.0,6
5161.0,4
5163.0,7
5165.0,4
5167.0,4
5169.0,3
5171.0,10
5173.0,6
5175.0,2
5177.0,3
5179.0,8
5181.0,3
5183.0,10
5185.0,1
5187.0,4
5189.0,2
5191.0,4
5193.0,1
5195.0,2
5197.0,1
5199.0,4
5201.0,5
5203.0,1
5205.0,4
5207.0,5
5209.0,10
5211.0,15
5213.0,9
5215.0,10
5217.0,5
5219.0,6
5221.0,7
5223.0,8
5225.0,4
5227.0,9
5229.0,7
5231.0,5
5233.0,5
5235.0,4
5237.0,3
5239.0,4
5241.0,5
5243.0,8
5245.0,2
5247.0,8
5249.0,6
5251.0,4
5253.0,3
5255.0,3
5257.0,10
5259.0,1
5261.0,7
5263.0,3
5265.0,4
5267.0,4
5269.0,3
5271.0,4
5273.0,1
5275.0,3
5277.0,0
5279.0,5
5281.0,4
5283.0,4
5285.0,4
5287.0,3
5289.0,4
5291.0,5
5293.0,7
5295.0,9
5297.0,8
5299.0,4
5301.0,8
5303.0,7
5305.0,10
5307.0,13
5309.0,4
5311.0,7
5313.0,4
5315.0,2
5317.0,5
5319.0,9
5321.0,6
5323.0,5
5325.0,0
5327.0,4
5329.0,4
5331.0,3
5333.0,6
5335.0,4
5337.0,6
5339.0,5
5341.0,5
5343.0,6
5345.0,4
5347.0,7
5349.0,6
5351.0,4
5353.0,5
5355.0,1
5357.0,4
5359.0,3
5361.0,1
5363.0,6
5365.0,6
5367.0,2
5369.0,3
5371.0,3
5373.0,4
5375.0,0
5377.0,4
5379.0,6
5381.0,4
5383.0,5
5385.0,9
5387.0,10
5389.0,5
5391.0,3
5393.0,8
5395.0,6
5397.0,8
5399.0,6
5401.0,2
5403.0,2
5405.0,2
5407.0,8
5409.0,7
5411.0,2
5413.0,3
5415.0,2
5417.0,4
5419.0,5
5421.0,8
5423.0,8
5425.0,7
5427.0,3
5429.0,5
5431.0,4
5433.0,4
5435.0,2
5437.0,1
5439.0,6
5441.0,5
5443.0,4
5445.0,3
5447.0,3
5449.0,4
5451.0,5
5453.0,2
5455.0,2
5457.0,11
5459.0,5
5461.0,3
5463.0,5
5465.0,3
5467.0,6
5469.0,4
5471.0,5
5473.0,4
5475.0,4
5477.0,5
5479.0,4
5481.0,9
5483.0,3
5485.0,0
5487.0,7
5489.0,6
5491.0,3
5493.0,3
5495.0,3
5497.0,3
5499.0,6
5501.0,2
5503.0,4
5505.0,5
5507.0,6
5509.0,6
5511.0,3
5513.0,1
5515.0,2
5517.0,4
5519.0,6
5521.0,6
5523.0,7
5525.0,5
5527.0,6
5529.0,5
5531.0,6
5533.0,3
5535.0,2
5537.0,8
5539.0,6
5541.0,14
5543.0,12
5545.0,17
5547.0,9
5549.0,4
5551.0,4
5553.0,1
5555.0,3
5557.0,1
5559.0,6
5561.0,5
5563.0,1
5565.0,1
5567.0,3
5569.0,1
5571.0,3
5573.0,1
5575.0,3
5577.0,2
5579.0,5
5581.0,1
5583.0,4
5585.0,4
5587.0,6
5589.0,1
5591.0,3
5593.0,6
5595.0,4
5597.0,2
5599.0,6
5601.0,3
5603.0,7
5605.0,4
5607.0,3
5609.0,3
5611.0,2
5613.0,3
5615.0,3
5617.0,7
5619.0,7
5621.0,3
5623.0,4
5625.0,4
5627.0,6
5629.0,6
5631.0,4
5633.0,3
5635.0,5
5637.0,4
5639.0,1
5641.0,5
5643.0,8
5645.0,4
5647.0,11
5649.0,5
5651.0,8
5653.0,4
5655.0,3
5657.0,0
5659.0,2
5661.0,0
5663.0,3
5665.0,5
5667.0,6
5669.0,5
5671.0,3
5673.0,3
5675.0,4
5677.0,5
5679.0,4
5681.0,2
5683.0,4
5685.0,4
5687.0,2
5689.0,4
5691.0,3
5693.0,2
5695.0,2
5697.0,2
5699.0,3
5701.0,0
5703.0,4
5705.0,2
5707.0,0
5709.0,3
5711.0,4
5713.0,4
5715.0,1
5717.0,4
5719.0,0
5721.0,4
5723.0,6
5725.0,4
5727.0,3
5729.0,3
5731.0,2
5733.0,0
5735.0,3
5737.0,4
5739.0,3
5741.0,2
5743.0,5
5745.0,2
5747.0,2
5749.0,3
5751.0,2
5753.0,6
5755.0,5
5757.0,3
5759.0,4
5761.0,5
5763.0,3
5765.0,5
5767.0,11
5769.0,13
5771.0,4
5773.0,5
5775.0,2
5777.0,7
5779.0,3
5781.0,1
5783.0,4
5785.0,2
5787.0,1
5789.0,2
5791.0,3
5793.0,3
5795.0,2
5797.0,1
5799.0,3
5801.0,1
5803.0,0
5805.0,4
5807.0,2
5809.0,2
5811.0,1
5813.0,1
5815.0,3
5817.0,3
5819.0,3
5821.0,3
5823.0,5
5825.0,4
5827.0,1
5829.0,0
5831.0,2
5833.0,0
5835.0,5
5837.0,0
5839.0,4
5841.0,4
5843.0,2
5845.0,1
5847.0,5
5849.0,1
5851.0,5
5853.0,4
5855.0,6
5857.0,7
5859.0,2
5861.0,1
5863.0,3
5865.0,6
5867.0,6
5869.0,6
5871.0,12
5873.0,7
5875.0,4
5877.0,6
5879.0,7
5881.0,3
5883.0,4
5885.0,2
5887.0,3
5889.0,4
5891.0,0
5893.0,1
5895.0,1
5897.0,1
5899.0,2
5901.0,1
5903.0,3
5905.0,2
5907.0,3
5909.0,2
5911.0,3
5913.0,0
5915.0,2
5917.0,2
5919.0,2
5921.0,9
5923.0,10
5925.0,6
5927.0,5
5929.0,6
5931.0,1
5933.0,1
5935.0,0
5937.0,2
5939.0,2
5941.0,3
5943.0,1
5945.0,5
5947.0,2
5949.0,9
5951.0,4
5953.0,3
5955.0,2
5957.0,2
5959.0,3
5961.0,3
5963.0,2
5965.0,3
5967.0,4
5969.0,0
5971.0,4
5973.0,4
5975.0,2
5977.0,2
5979.0,1
5981.0,1
5983.0,1
5985.0,1
5987.0,1
5989.0,2
5991.0,6
5993.0,7
5995.0,3
5997.0,8
5999.0,6
6001.0,5
6003.0,3
6005.0,5
6007.0,7
6009.0,8
6011.0,1
6013.0,3
6015.0,3
6017.0,2
6019.0,1
6021.0,2
6023.0,2
6025.0,0
6027.0,2
6029.0,3
6031.0,2
6033.0,4
6035.0,2
6037.0,3
6039.0,3
6041.0,8
6043.0,4
6045.0,2
6047.0,1
6049.0,1
6051.0,0
6053.0,2
6055.0,2
6057.0,1
6059.0,1
6061.0,0
6063.0,3
6065.0,1
6067.0,4
6069.0,0
6071.0,3
6073.0,1
6075.0,0
6077.0,1
6079.0,1
6081.0,3
6083.0,0
6085.0,2
6087.0,7
6089.0,3
6091.0,4
6093.0,5
6095.0,4
6097.0,7
6099.0,8
6101.0,7
6103.0,1
6105.0,3
6107.0,6
6109.0,6
6111.0,8
6113.0,8
6115.0,4
6117.0,2
6119.0,0
6121.0,2
6123.0,1
6125.0,2
6127.0,0
6129.0,1
6131.0,1
6133.0,1
6135.0,2
6137.0,1
6139.0,2
6141.0,1
6143.0,2
6145.0,4
6147.0,1
6149.0,2
6151.0,2
6153.0,2
6155.0,8
6157.0,1
6159.0,0
6161.0,3
6163.0,6
6165.0,1
6167.0,4
6169.0,2
6171.0,1
6173.0,2
6175.0,1
6177.0,1
6179.0,1
6181.0,4
6183.0,2
6185.0,2
6187.0,1
6189.0,4
6191.0,2
6193.0,0
6195.0,2
6197.0,1
6199.0,3
6201.0,4
6203.0,4
6205.0,4
6207.0,1
6209.0,2
6211.0,2
6213.0,3
6215.0,2
6217.0,1
6219.0,1
6221.0,2
6223.0,3
6225.0,4
6227.0,6
6229.0,4
6231.0,2
6233.0,5
6235.0,4
6237.0,2
6239.0,0
6241.0,1
6243.0,3
6245.0,6
6247.0,2
6249.0,3
6251.0,4
6253.0,3
6255.0,1
6257.0,0
6259.0,4
6261.0,1
6263.0,2
6265.0,6
6267.0,2
6269.0,4
6271.0,2
6273.0,1
6275.0,3
6277.0,2
6279.0,0
6281.0,0
6283.0,1
6285.0,3
6287.0,0
6289.0,0
6291.0,2
6293.0,3
6295.0,1
6297.0,1
6299.0,2
6301.0,3
6303.0,3
6305.0,5
6307.0,4
6309.0,3
6311.0,3
6313.0,4
6315.0,2
6317.0,3
6319.0,1
6321.0,0
6323.0,2
6325.0,2
6327.0,1
6329.0,2
6331.0,4
6333.0,0
6335.0,1
6337.0,0
6339.0,3
6341.0,0
6343.0,3
6345.0,10
6347.0,4
6349.0,3
6351.0,3
6353.0,3
6355.0,2
6357.0,2
6359.0,6
6361.0,0
6363.0,1
6365.0,4
6367.0,3
6369.0,2
6371.0,3
6373.0,1
6375.0,0
6377.0,1
6379.0,1
6381.0,2
6383.0,3
6385.0,3
6387.0,3
6389.0,2
6391.0,2
6393.0,0
6395.0,1
6397.0,6
6399.0,5
6401.0,3
6403.0,2
6405.0,3
6407.0,1
6409.0,1
6411.0,0
6413.0,0
6415.0,1
6417.0,5
6419.0,3
6421.0,3
6423.0,3
6425.0,4
6427.0,5
6429.0,1
6431.0,5
6433.0,3
6435.0,1
6437.0,2
6439.0,0
6441.0,0
6443.0,0
6445.0,1
6447.0,1
6449.0,1
6451.0,1
6453.0,1
6455.0,1
6457.0,5
6459.0,9
6461.0,10
6463.0,5
6465.0,6
6467.0,3
6469.0,4
6471.0,2
6473.0,3
6475.0,0
6477.0,2
6479.0,0
6481.0,0
6483.0,1
6485.0,2
6487.0,0
6489.0,1
6491.0,2
6493.0,3
6495.0,0
6497.0,0
6499.0,2
6501.0,0
6503.0,1
6505.0,3
6507.0,1
6509.0,1
6511.0,1
6513.0,0
6515.0,1
6517.0,0
6519.0,0
6521.0,0
6523.0,4
6525.0,5
6527.0,0
6529.0,1
6531.0,0
6533.0,1
6535.0,2
6537.0,1
6539.0,1
6541.0,5
6543.0,1
6545.0,0
6547.0,1
6549.0,1
6551.0,1
6553.0,2
6555.0,1
6557.0,2
6559.0,1
6561.0,1
6563.0,3
6565.0,2
6567.0,1
6569.0,1
6571.0,0
6573.0,2
6575.0,3
6577.0,0
6579.0,1
6581.0,1
6583.0,3
6585.0,1
6587.0,3
6589.0,3
6591.0,4
6593.0,3
6595.0,1
6597.0,1
6599.0,1
6601.0,0
6603.0,0
6605.0,0
6607.0,1
6609.0,0
6611.0,0
6613.0,0
6615.0,3
6617.0,1
6619.0,0
6621.0,1
6623.0,0
6625.0,0
6627.0,0
6629.0,0
6631.0,0
6633.0,0
6635.0,2
6637.0,1
6639.0,4
6641.0,1
6643.0,1
6645.0,0
6647.0,2
6649.0,1
6651.0,0
6653.0,1
6655.0,0
6657.0,1
6659.0,0
6661.0,1
6663.0,0
6665.0,1
6667.0,1
6669.0,0
6671.0,1
6673.0,2
6675.0,1
6677.0,1
6679.0,0
6681.0,4
6683.0,0
6685.0,1
6687.0,1
6689.0,3
6691.0,0
6693.0,2
6695.0,3
6697.0,2
6699.0,1
6701.0,1
6703.0,1
6705.0,1
6707.0,0
6709.0,1
6711.0,0
6713.0,1
6715.0,2
6717.0,0
6719.0,1
6721.0,1
6723.0,3
6725.0,1
6727.0,0
6729.0,0
6731.0,0
6733.0,0
6735.0,1
6737.0,3
6739.0,2
6741.0,0
6743.0,1
6745.0,2
6747.0,1
6749.0,0
6751.0,0
6753.0,0
6755.0,0
6757.0,1
6759.0,4
6761.0,2
6763.0,0
6765.0,2
6767.0,1
6769.0,0
6771.0,1
6773.0,2
6775.0,1
6777.0,2
6779.0,2
6781.0,2
6783.0,0
6785.0,1
6787.0,0
6789.0,0
6791.0,1
6793.0,1
6795.0,2
6797.0,1
6799.0,0
6801.0,0
6803.0,0
6805.0,2
6807.0,1
6809.0,3
6811.0,1
6813.0,0
6815.0,0
6817.0,1
6819.0,3
6821.0,0
6823.0,2
6825.0,2
6827.0,0
6829.0,0
6831.0,0
6833.0,3
6835.0,1
6837.0,1
6839.0,0
6841.0,1
6843.0,3
6845.0,0
6847.0,2
6849.0,2
6851.0,2
6853.0,0
6855.0,1
6857.0,0
6859.0,0
6861.0,1
6863.0,1
6865.0,1
6867.0,1
6869.0,3
6871.0,3
6873.0,1
6875.0,2
6877.0,1
6879.0,4
6881.0,1
6883.0,1
6885.0,1
6887.0,2
6889.0,1
6891.0,0
6893.0,3
6895.0,1
6897.0,2
6899.0,1
6901.0,0
6903.0,1
6905.0,1
6907.0,1
6909.0,2
6911.0,0
6913.0,1
6915.0,0
6917.0,1
6919.0,0
6921.0,0
6923.0,0
6925.0,1
6927.0,0
6929.0,1
6931.0,1
6933.0,0
6935.0,0
6937.0,1
6939.0,1
6941.0,2
6943.0,0
6945.0,1
6947.0,2
6949.0,0
6951.0,2
6953.0,0
6955.0,0
6957.0,0
6959.0,1
6961.0,3
6963.0,3
6965.0,1
6967.0,2
6969.0,1
6971.0,3
6973.0,1
6975.0,2
6977.0,2
6979.0,2
6981.0,2
6983.0,0
6985.0,0
6987.0,0
6989.0,0
6991.0,0
6993.0,0
6995.0,1
6997.0,0
6999.0,0
7001.0,1
7003.0,0
7005.0,0
7007.0,0
7009.0,1
7011.0,1
7013.0,0
7015.0,0
7017.0,3
7019.0,0
7021.0,0
7023.0,0
7025.0,2
7027.0,0
7029.0,1
7031.0,2
7033.0,0
7035.0,0
7037.0,1
7039.0,0
7041.0,2
7043.0,1
7045.0,2
7047.0,0
7049.0,0
7051.0,2
7053.0,1
7055.0,2
7057.0,0
7059.0,1
7061.0,3
7063.0,1
7065.0,0
7067.0,0
7069.0,2
7071.0,1
7073.0,1
7075.0,2
7077.0,0
7079.0,1
7081.0,4
7083.0,0
7085.0,0
7087.0,2
7089.0,1
7091.0,0
7093.0,1
7095.0,0
7097.0,3
7099.0,0
7101.0,0
7103.0,3
7105.0,3
7107.0,0
7109.0,3
7111.0,0
7113.0,0
7115.0,0
7117.0,0
7119.0,0
7121.0,0
7123.0,1
7125.0,0
7127.0,2
7129.0,0
7131.0,0
7133.0,0
7135.0,1
7137.0,1
7139.0,0
7141.0,0
7143.0,0
7145.0,1
7147.0,1
7149.0,0
7151.0,0
7153.0,0
7155.0,0
7157.0,3
7159.0,1
7161.0,2
7163.0,2
7165.0,0
7167.0,2
7169.0,2
7171.0,0
7173.0,0
7175.0,1
7177.0,3
7179.0,0
7181.0,1
7183.0,0
7185.0,1
7187.0,1
7189.0,0
7191.0,0
7193.0,2
7195.0,0
7197.0,1
7199.0,1
7201.0,0
7203.0,0
7205.0,1
7207.0,2
7209.0,1
7211.0,1
7213.0,0
7215.0,1
7217.0,1
7219.0,1
7221.0,3
7223.0,2
7225.0,2
7227.0,1
7229.0,1
7231.0,4
7233.0,0
7235.0,0
7237.0,1
7239.0,3
7241.0,0
7243.0,0
7245.0,1
7247.0,1
7249.0,3
7251.0,1
7253.0,0
7255.0,1
7257.0,0
7259.0,2
7261.0,0
7263.0,1
7265.0,1
7267.0,1
7269.0,0
7271.0,2
7273.0,0
7275.0,0
7277.0,0
7279.0,1
7281.0,0
7283.0,0
7285.0,1
7287.0,1
7289.0,0
7291.0,0
7293.0,0
7295.0,0
7297.0,1
7299.0,0
7301.0,1
7303.0,0
7305.0,2
7307.0,0
7309.0,0
7311.0,0
7313.0,0
7315.0,0
7317.0,1
7319.0,0
7321.0,0
7323.0,2
7325.0,0
7327.0,1
7329.0,1
7331.0,0
7333.0,3
7335.0,2
7337.0,1
7339.0,2
7341.0,0
7343.0,1
7345.0,1
7347.0,0
7349.0,0
7351.0,1
7353.0,0
7355.0,2
7357.0,1
7359.0,1
7361.0,1
7363.0,0
7365.0,0
7367.0,0
7369.0,1
7371.0,2
7373.0,1
7375.0,1
7377.0,1
7379.0,1
7381.0,1
7383.0,1
7385.0,1
7387.0,0
7389.0,1
7391.0,3
7393.0,1
7395.0,1
7397.0,3
7399.0,0
7401.0,0
7403.0,0
7405.0,1
7407.0,1
7409.0,1
7411.0,0
7413.0,1
7415.0,0
7417.0,0
7419.0,0
7421.0,1
7423.0,1
7425.0,2
7427.0,1
7429.0,0
7431.0,1
7433.0,0
7435.0,0
7437.0,0
7439.0,0
7441.0,0
7443.0,0
7445.0,1
7447.0,1
7449.0,0
7451.0,0
7453.0,0
7455.0,0
7457.0,0
7459.0,2
7461.0,1
7463.0,2
7465.0,0
7467.0,2
7469.0,0
7471.0,0
7473.0,1
7475.0,0
7477.0,2
7479.0,0
7481.0,1
7483.0,0
7485.0,0
7487.0,1
7489.0,1
7491.0,0
7493.0,1
7495.0,1
7497.0,2
7499.0,0
7501.0,0
7503.0,1
7505.0,0
7507.0,1
7509.0,0
7511.0,0
7513.0,1
7515.0,1
7517.0,0
7519.0,0
7521.0,1
7523.0,1
7525.0,0
7527.0,1
7529.0,1
7531.0,1
7533.0,2
7535.0,1
7537.0,0
7539.0,0
7541.0,1
7543.0,1
7545.0,1
7547.0,0
7549.0,0
7551.0,0
7553.0,0
7555.0,0
7557.0,2
7559.0,0
7561.0,1
7563.0,1
7565.0,2
7567.0,0
7569.0,2
7571.0,1
7573.0,0
7575.0,0
7577.0,0
7579.0,0
7581.0,1
7583.0,1
7585.0,1
7587.0,0
7589.0,0
7591.0,0
7593.0,0
7595.0,1
7597.0,1
7599.0,2
7601.0,3
7603.0,0
7605.0,0
7607.0,0
7609.0,0
7611.0,7
7613.0,0
7615.0,0
7617.0,1
7619.0,0
7621.0,0
7623.0,0
7625.0,0
7627.0,2
7629.0,0
7631.0,0
7633.0,0
7635.0,1
7637.0,3
7639.0,0
7641.0,0
7643.0,0
7645.0,1
7647.0,0
7649.0,0
7651.0,2
7653.0,0
7655.0,0
7657.0,1
7659.0,0
7661.0,2
7663.0,2
7665.0,3
7667.0,0
7669.0,1
7671.0,1
7673.0,0
7675.0,1
7677.0,1
7679.0,1
7681.0,1
7683.0,1
7685.0,0
7687.0,1
7689.0,1
7691.0,0
7693.0,0
7695.0,1
7697.0,1
7699.0,1
7701.0,1
7703.0,0
7705.0,0
7707.0,0
7709.0,0
7711.0,1
7713.0,2
7715.0,0
7717.0,2
7719.0,0
7721.0,0
7723.0,0
7725.0,0
7727.0,1
7729.0,2
7731.0,1
7733.0,0
7735.0,0
7737.0,0
7739.0,0
7741.0,1
7743.0,1
7745.0,1
7747.0,1
7749.0,1
7751.0,0
7753.0,0
7755.0,1
7757.0,0
7759.0,0
7761.0,1
7763.0,0
7765.0,2
7767.0,2
7769.0,0
7771.0,0
7773.0,0
7775.0,0
7777.0,2
7779.0,0
7781.0,1
7783.0,0
7785.0,2
7787.0,1
7789.0,0
7791.0,0
7793.0,2
7795.0,2
7797.0,0
7799.0,0
7801.0,0
7803.0,1
7805.0,0
7807.0,0
7809.0,0
7811.0,0
7813.0,0
7815.0,1
7817.0,0
7819.0,0
7821.0,1
7823.0,1
7825.0,0
7827.0,1
7829.0,1
7831.0,2
7833.0,2
7835.0,0
7837.0,1
7839.0,1
7841.0,1
7843.0,0
7845.0,0
7847.0,2
7849.0,0
7851.0,1
7853.0,0
7855.0,2
7857.0,1
7859.0,2
7861.0,0
7863.0,1
7865.0,1
7867.0,1
7869.0,1
7871.0,0
7873.0,1
7875.0,0
7877.0,1
7879.0,0
7881.0,0
7883.0,1
7885.0,0
7887.0,0
7889.0,1
7891.0,0
7893.0,0
7895.0,1
7897.0,0
7899.0,0
7901.0,3
7903.0,1
7905.0,2
7907.0,2
7909.0,1
7911.0,0
7913.0,2
7915.0,0
7917.0,1
7919.0,0
7921.0,0
7923.0,2
7925.0,0
7927.0,0
7929.0,0
7931.0,0
7933.0,0
7935.0,0
7937.0,1
7939.0,0
7941.0,2
7943.0,0
7945.0,0
7947.0,0
7949.0,0
7951.0,0
7953.0,0
7955.0,1
7957.0,1
7959.0,0
7961.0,0
7963.0,1
7965.0,0
7967.0,0
7969.0,0
7971.0,0
7973.0,1
7975.0,1
7977.0,2
7979.0,0
7981.0,2
7983.0,1
7985.0,1
7987.0,0
7989.0,0
7991.0,0
7993.0,0
7995.0,1
7997.0,1
7999.0,0
8001.0,1
8003.0,1
8005.0,1
8007.0,1
8009.0,0
8011.0,1
8013.0,3
8015.0,2
8017.0,0
8019.0,0
8021.0,0
8023.0,0
8025.0,3
8027.0,0
8029.0,1
8031.0,2
8033.0,0
8035.0,1
8037.0,3
8039.0,3
8041.0,3
8043.0,1
8045.0,2
8047.0,4
8049.0,2
8051.0,2
8053.0,1
8055.0,1
8057.0,1
8059.0,2
8061.0,1
8063.0,2
8065.0,2
8067.0,0
8069.0,0
8071.0,0
8073.0,0
8075.0,2
8077.0,0
8079.0,0
8081.0,0
8083.0,2
8085.0,1
8087.0,0
8089.0,1
8091.0,1
8093.0,1
8095.0,0
8097.0,2
8099.0,2
8101.0,1
8103.0,0
8105.0,1
8107.0,0
8109.0,0
8111.0,1
8113.0,1
8115.0,0
8117.0,0
8119.0,1
8121.0,0
8123.0,0
8125.0,1
8127.0,0
8129.0,0
8131.0,2
8133.0,0
8135.0,0
8137.0,1
8139.0,1
8141.0,0
8143.0,1
8145.0,0
8147.0,0
8149.0,1
8151.0,0
8153.0,0
8155.0,1
8157.0,0
8159.0,0
8161.0,0
8163.0,1
8165.0,1
8167.0,1
8169.0,0
8171.0,0
8173.0,1
8175.0,1
8177.0,0
8179.0,0
8181.0,0
8183.0,1
8185.0,1
8187.0,0
8189.0,0
8191.0,1
8193.0,0
8195.0,0
8197.0,0
8199.0,0
8201.0,0
8203.0,0
8205.0,0
8207.0,0
8209.0,0
8211.0,4
8213.0,0
8215.0,1
8217.0,1
8219.0,0
8221.0,1
8223.0,1
8225.0,1
8227.0,0
8229.0,0
8231.0,1
8233.0,0
8235.0,1
8237.0,0
8239.0,0
8241.0,1
8243.0,2
8245.0,0
8247.0,1
8249.0,2
8251.0,0
8253.0,1
8255.0,0
8257.0,0
8259.0,2
8261.0,3
8263.0,2
8265.0,0
8267.0,0
8269.0,0
8271.0,1
8273.0,0
8275.0,0
8277.0,1
8279.0,1
8281.0,0
8283.0,1
8285.0,0
8287.0,0
8289.0,0
8291.0,0
8293.0,0
8295.0,0
8297.0,1
8299.0,1
8301.0,0
8303.0,2
8305.0,0
8307.0,0
8309.0,0
8311.0,2
8313.0,0
8315.0,0
8317.0,1
8319.0,0
8321.0,0
8323.0,0
8325.0,2
8327.0,1
8329.0,2
8331.0,2
8333.0,0
8335.0,0
8337.0,1
8339.0,0
8341.0,0
8343.0,0
8345.0,0
8347.0,0
8349.0,1
8351.0,0
8353.0,0
8355.0,1
8357.0,0
8359.0,0
8361.0,1
8363.0,0
8365.0,0
8367.0,0
8369.0,1
8371.0,1
8373.0,0
8375.0,1
8377.0,1
8379.0,1
8381.0,2
8383.0,0
8385.0,2
8387.0,0
8389.0,0
8391.0,0
8393.0,0
8395.0,1
8397.0,0
8399.0,1
8401.0,0
8403.0,0
8405.0,0
8407.0,0
8409.0,0
8411.0,0
8413.0,0
8415.0,0
8417.0,0
8419.0,0
8421.0,0
8423.0,1
8425.0,0
8427.0,0
8429.0,2
8431.0,1
8433.0,1
8435.0,1
8437.0,1
8439.0,2
8441.0,0
8443.0,0
8445.0,0
8447.0,0
8449.0,2
8451.0,1
8453.0,0
8455.0,3
8457.0,2
8459.0,1
8461.0,0
8463.0,0
8465.0,0
8467.0,0
8469.0,0
8471.0,0
8473.0,1
8475.0,0
8477.0,1
8479.0,1
8481.0,0
8483.0,0
8485.0,0
8487.0,0
8489.0,0
8491.0,0
8493.0,0
8495.0,0
8497.0,0
8499.0,0
8501.0,1
8503.0,0
8505.0,0
8507.0,0
8509.0,0
8511.0,0
8513.0,1
8515.0,0
8517.0,0
8519.0,0
8521.0,1
8523.0,0
8525.0,1
8527.0,1
8529.0,1
8531.0,0
8533.0,0
8535.0,0
8537.0,1
8539.0,0
8541.0,0
8543.0,0
8545.0,0
8547.0,1
8549.0,1
8551.0,0
8553.0,2
8555.0,0
8557.0,0
8559.0,1
8561.0,2
8563.0,0
8565.0,0
8567.0,1
8569.0,0
8571.0,0
8573.0,0
8575.0,0
8577.0,1
8579.0,1
8581.0,1
8583.0,0
8585.0,0
8587.0,0
8589.0,0
8591.0,0
8593.0,0
8595.0,0
8597.0,0
8599.0,1
8601.0,0
8603.0,1
8605.0,0
8607.0,0
8609.0,0
8611.0,0
8613.0,0
8615.0,0
8617.0,0
8619.0,0
8621.0,0
8623.0,1
8625.0,0
8627.0,0
8629.0,2
8631.0,0
8633.0,0
8635.0,0
8637.0,0
8639.0,0
8641.0,2
8643.0,0
8645.0,0
8647.0,0
8649.0,0
8651.0,0
8653.0,1
8655.0,0
8657.0,0
8659.0,1
8661.0,1
8663.0,0
8665.0,0
8667.0,0
8669.0,1
8671.0,0
8673.0,0
8675.0,0
8677.0,1
8679.0,0
8681.0,0
8683.0,1
8685.0,2
8687.0,1
8689.0,0
8691.0,0
8693.0,1
8695.0,0
8697.0,0
8699.0,0
8701.0,0
8703.0,1
8705.0,1
8707.0,1
8709.0,1
8711.0,2
8713.0,0
8715.0,0
8717.0,2
8719.0,0
8721.0,0
8723.0,2
8725.0,0
8727.0,1
8729.0,0
8731.0,0
8733.0,0
8735.0,0
8737.0,0
8739.0,0
8741.0,0
8743.0,1
8745.0,0
8747.0,1
8749.0,1
8751.0,2
8753.0,1
8755.0,1
8757.0,1
8759.0,1
8761.0,0
8763.0,1
8765.0,1
8767.0,1
8769.0,0
8771.0,0
8773.0,0
8775.0,2
8777.0,0
8779.0,1
8781.0,0
8783.0,0
8785.0,0
8787.0,0
8789.0,1
8791.0,0
8793.0,2
8795.0,1
8797.0,0
8799.0,1
8801.0,1
8803.0,0
8805.0,1
8807.0,3
8809.0,1
8811.0,0
8813.0,0
8815.0,1
8817.0,1
8819.0,2
8821.0,0
8823.0,0
8825.0,1
8827.0,0
8829.0,0
8831.0,2
8833.0,0
8835.0,0
8837.0,2
8839.0,0
8841.0,1
8843.0,1
8845.0,1
8847.0,1
8849.0,4
8851.0,0
8853.0,1
8855.0,0
8857.0,0
8859.0,1
8861.0,1
8863.0,0
8865.0,1
8867.0,0
8869.0,0
8871.0,1
8873.0,1
8875.0,3
8877.0,0
8879.0,0
8881.0,2
8883.0,2
8885.0,3
8887.0,1
8889.0,5
8891.0,0
8893.0,2
8895.0,0
8897.0,1
8899.0,0
8901.0,1
8903.0,3
8905.0,1
8907.0,4
8909.0,7
8911.0,1
8913.0,1
8915.0,2
8917.0,4
8919.0,2
8921.0,0
8923.0,0
8925.0,1
8927.0,0
8929.0,2
8931.0,3
8933.0,1
8935.0,1
8937.0,2
8939.0,4
8941.0,0
8943.0,3
8945.0,1
8947.0,2
8949.0,7
8951.0,2
8953.0,1
8955.0,4
8957.0,5
8959.0,3
8961.0,1
8963.0,1
8965.0,1
8967.0,3
8969.0,5
8971.0,4
8973.0,1
8975.0,3
8977.0,1
8979.0,1
8981.0,3
8983.0,1
8985.0,3
8987.0,3
8989.0,1
8991.0,0
8993.0,2
8995.0,1
8997.0,0
8999.0,0
9001.0,3
9003.0,3
9005.0,7
9007.0,10
9009.0,20
9011.0,20
9013.0,28
9015.0,33
9017.0,39
9019.0,40
9021.0,34
9023.0,15
9025.0,8
9027.0,3
9029.0,5
9031.0,2
9033.0,1
9035.0,0
9037.0,2
9039.0,3
9041.0,2
9043.0,3
9045.0,0
9047.0,0
9049.0,1
9051.0,0
9053.0,3
9055.0,0
9057.0,2
9059.0,1
9061.0,0
9063.0,0
9065.0,0
9067.0,0
9069.0,0
9071.0,0
9073.0,0
9075.0,0
9077.0,0
9079.0,0
9081.0,0
9083.0,0
9085.0,0
9087.0,0
9089.0,0
9091.0,1
9093.0,1
9095.0,0
9097.0,0
9099.0,1
9101.0,0
9103.0,0
9105.0,0
9107.0,0
9109.0,0
9111.0,0
9113.0,0
9115.0,4
9117.0,0
9119.0,0
9121.0,1
9123.0,1
9125.0,0
9127.0,0
9129.0,0
9131.0,0
9133.0,0
9135.0,3
9137.0,2
9139.0,1
9141.0,0
9143.0,1
9145.0,0
9147.0,2
9149.0,2
9151.0,0
9153.0,1
9155.0,1
9157.0,0
9159.0,1
9161.0,2
9163.0,2
9165.0,6
9167.0,7
9169.0,10
9171.0,10
9173.0,13
9175.0,8
9177.0,2
9179.0,3
9181.0,4
9183.0,0
9185.0,5
9187.0,0
9189.0,1
9191.0,0
9193.0,1
9195.0,1
9197.0,0
9199.0,0
9201.0,0
9203.0,0
9205.0,1
9207.0,1
9209.0,0
9211.0,0
9213.0,0
9215.0,0
9217.0,0
9219.0,0
9221.0,0
9223.0,0
9225.0,0
9227.0,0
9229.0,1
9231.0,1
9233.0,0
9235.0,1
9237.0,2
9239.0,0
9241.0,2
9243.0,1
9245.0,1
9247.0,0
9249.0,0
9251.0,0
9253.0,0
9255.0,0
9257.0,0
9259.0,1
9261.0,0
9263.0,0
9265.0,0
9267.0,3
9269.0,0
9271.0,0
9273.0,1
9275.0,0
9277.0,0
9279.0,0
9281.0,0
9283.0,0
9285.0,0
9287.0,1
9289.0,1
9291.0,0
9293.0,0
9295.0,0
9297.0,0
9299.0,0
9301.0,1
9303.0,1
9305.0,1
9307.0,0
9309.0,0
9311.0,0
9313.0,0
9315.0,0
9317.0,2
9319.0,1
9321.0,0
9323.0,1
9325.0,2
9327.0,1
9329.0,0
9331.0,2
9333.0,1
9335.0,0
9337.0,0
9339.0,0
9341.0,0
9343.0,1
9345.0,1
9347.0,0
9349.0,0
9351.0,0
9353.0,0
9355.0,0
9357.0,1
9359.0,0
9361.0,0
9363.0,1
9365.0,0
9367.0,1
9369.0,1
9371.0,0
9373.0,1
9375.0,2
9377.0,0
9379.0,0
9381.0,0
9383.0,3
9385.0,2
9387.0,0
9389.0,1
9391.0,0
9393.0,0
9395.0,0
9397.0,0
9399.0,1
9401.0,0
9403.0,0
9405.0,0
9407.0,0
9409.0,0
9411.0,2
9413.0,0
9415.0,0
9417.0,0
9419.0,0
9421.0,2
9423.0,1
9425.0,0
9427.0,1
9429.0,0
9431.0,1
9433.0,0
9435.0,0
9437.0,0
9439.0,0
9441.0,0
9443.0,1
9445.0,1
9447.0,1
9449.0,0
9451.0,0
9453.0,0
9455.0,0
9457.0,1
9459.0,0
9461.0,1
9463.0,1
9465.0,0
9467.0,0
9469.0,0
9471.0,0
9473.0,1
9475.0,0
9477.0,0
9479.0,0
9481.0,1
9483.0,0
9485.0,0
9487.0,1
9489.0,1
9491.0,0
9493.0,0
9495.0,1
9497.0,0
9499.0,0
9501.0,0
9503.0,0
9505.0,1
9507.0,0
9509.0,0
9511.0,1
9513.0,0
9515.0,0
9517.0,0
9519.0,0
9521.0,0
9523.0,1
9525.0,1
9527.0,0
9529.0,0
9531.0,0
9533.0,1
9535.0,1
9537.0,0
9539.0,0
9541.0,0
9543.0,1
9545.0,0
9547.0,0
9549.0,0
9551.0,0
9553.0,0
9555.0,1
9557.0,0
9559.0,0
9561.0,1
9563.0,1
9565.0,0
9567.0,0
9569.0,0
9571.0,1
9573.0,1
9575.0,1
9577.0,0
9579.0,0
9581.0,0
9583.0,0
9585.0,1
9587.0,0
9589.0,0
9591.0,0
9593.0,1
9595.0,1
9597.0,0
9599.0,0
9601.0,0
9603.0,1
9605.0,0
9607.0,0
9609.0,1
9611.0,0
9613.0,0
9615.0,0
9617.0,0
9619.0,0
9621.0,0
9623.0,0
9625.0,0
9627.0,0
9629.0,1
9631.0,0
9633.0,1
9635.0,1
9637.0,2
9639.0,1
9641.0,3
9643.0,5
9645.0,0
9647.0,2
9649.0,1
9651.0,1
9653.0,1
9655.0,0
9657.0,0
9659.0,0
9661.0,1
9663.0,2
9665.0,0
9667.0,1
9669.0,1
9671.0,1
9673.0,0
9675.0,0
9677.0,1
9679.0,1
9681.0,0
9683.0,0
9685.0,0
9687.0,2
9689.0,0
9691.0,1
9693.0,0
9695.0,0
9697.0,1
9699.0,0
9701.0,0
9703.0,0
9705.0,1
9707.0,1
9709.0,0
9711.0,0
9713.0,1
9715.0,0
9717.0,3
9719.0,1
9721.0,0
9723.0,1
9725.0,0
9727.0,0
9729.0,0
9731.0,0
9733.0,2
9735.0,1
9737.0,0
9739.0,0
9741.0,0
9743.0,1
9745.0,0
9747.0,0
9749.0,0
9751.0,1
9753.0,0
9755.0,3
9757.0,2
9759.0,2
9761.0,0
9763.0,1
9765.0,3
9767.0,3
9769.0,1
9771.0,0
9773.0,0
9775.0,0
9777.0,0
9779.0,1
9781.0,0
9783.0,0
9785.0,2
9787.0,2
9789.0,4
9791.0,2
9793.0,5
9795.0,2
9797.0,5
9799.0,1
9801.0,0
9803.0,3
9805.0,2
9807.0,3
9809.0,1
9811.0,1
9813.0,1
9815.0,2
9817.0,1
9819.0,0
9821.0,0
9823.0,1
9825.0,1
9827.0,1
9829.0,0
9831.0,2
9833.0,2
9835.0,6
9837.0,4
9839.0,6
9841.0,1
9843.0,3
9845.0,5
9847.0,1
9849.0,1
9851.0,1
9853.0,1
9855.0,3
9857.0,0
9859.0,1
9861.0,0
9863.0,0
9865.0,1
9867.0,0
9869.0,0
9871.0,1
9873.0,4
9875.0,2
9877.0,7
9879.0,5
9881.0,8
9883.0,4
9885.0,8
9887.0,2
9889.0,5
9891.0,1
9893.0,1
9895.0,0
9897.0,2
9899.0,0
9901.0,1
9903.0,0
9905.0,0
9907.0,3
9909.0,2
9911.0,6
9913.0,9
9915.0,10
9917.0,12
9919.0,11
9921.0,2
9923.0,9
9925.0,4
9927.0,3
9929.0,2
9931.0,1
9933.0,1
9935.0,1
9937.0,5
9939.0,1
9941.0,2
9943.0,2
9945.0,2
9947.0,10
9949.0,14
9951.0,27
9953.0,36
9955.0,37
9957.0,29
9959.0,17
9961.0,12
9963.0,4
9965.0,1
9967.0,4
9969.0,2
9971.0,1
9973.0,3
9975.0,1
9977.0,1
9979.0,1
9981.0,0
9983.0,3
9985.0,0
9987.0,2
9989.0,0
9991.0,0
9993.0,0
9995.0,1
9997.0,0
9999.0,1
10001.0,0
10003.0,0
10005.0,0
10007.0,2
10009.0,0
10011.0,1
10013.0,0
10015.0,0
10017.0,0
10019.0,0
10021.0,0
10023.0,0
10025.0,0
10027.0,1
10029.0,0
10031.0,0
10033.0,2
10035.0,0
10037.0,0
10039.0,1
10041.0,1
10043.0,1
10045.0,2
10047.0,0
10049.0,1
10051.0,2
10053.0,0
10055.0,0
10057.0,0
10059.0,0
10061.0,0
10063.0,0
10065.0,0
10067.0,1
10069.0,1
10071.0,0
10073.0,1
10075.0,1
10077.0,1
10079.0,0
10081.0,0
10083.0,1
10085.0,0
10087.0,5
10089.0,3
10091.0,5
10093.0,3
10095.0,5
10097.0,5
10099.0,3
10101.0,2
10103.0,0
10105.0,0
10107.0,0
10109.0,1
10111.0,0
10113.0,1
10115.0,0
10117.0,0
10119.0,1
10121.0,0
10123.0,1
10125.0,1
10127.0,4
10129.0,2
10131.0,7
10133.0,3
10135.0,3
10137.0,1
10139.0,0
10141.0,0
10143.0,1
10145.0,0
10147.0,0
10149.0,1
10151.0,0
10153.0,0
10155.0,0
10157.0,0
10159.0,1
10161.0,0
10163.0,0
10165.0,0
10167.0,0
10169.0,1
10171.0,0
10173.0,0
10175.0,0
10177.0,0
10179.0,2
10181.0,0
10183.0,1
10185.0,0
10187.0,1
10189.0,0
10191.0,0
10193.0,0
10195.0,0
10197.0,1
10199.0,0
10201.0,1
10203.0,1
10205.0,0
10207.0,0
10209.0,1
10211.0,1
10213.0,0
10215.0,0
10217.0,2
10219.0,1
10221.0,0
10223.0,0
10225.0,0
10227.0,2
10229.0,0
10231.0,1
10233.0,1
10235.0,1
10237.0,0
10239.0,0
10241.0,1
10243.0,0
10245.0,0
10247.0,1
10249.0,0
10251.0,1
10253.0,1
10255.0,1
10257.0,0
10259.0,4
10261.0,1
10263.0,1
10265.0,1
10267.0,0
10269.0,1
10271.0,1
10273.0,2
10275.0,1
10277.0,4
10279.0,1
10281.0,1
10283.0,0
10285.0,1
10287.0,0
10289.0,0
10291.0,0
10293.0,2
10295.0,0
10297.0,2
10299.0,1
10301.0,1
10303.0,2
10305.0,3
10307.0,2
10309.0,1
10311.0,1
10313.0,1
10315.0,2
10317.0,3
10319.0,1
10321.0,3
10323.0,2
10325.0,0
10327.0,1
10329.0,1
10331.0,1
10333.0,1
10335.0,0
10337.0,0
10339.0,0
10341.0,2
10343.0,0
10345.0,0
10347.0,2
10349.0,2
10351.0,1
10353.0,0
10355.0,2
10357.0,0
10359.0,1
10361.0,0
10363.0,0
10365.0,1
10367.0,0
10369.0,0
10371.0,2
10373.0,1
10375.0,2
10377.0,1
10379.0,3
10381.0,3
10383.0,0
10385.0,3
10387.0,3
10389.0,3
10391.0,2
10393.0,0
10395.0,0
10397.0,1
10399.0,0
10401.0,2
10403.0,1
10405.0,1
10407.0,2
10409.0,0
10411.0,1
10413.0,2
10415.0,3
10417.0,0
10419.0,0
10421.0,2
10423.0,2
10425.0,1
10427.0,3
10429.0,2
10431.0,2
10433.0,5
10435.0,4
10437.0,1
10439.0,0
10441.0,3
10443.0,2
10445.0,3
10447.0,4
10449.0,4
10451.0,1
10453.0,6
10455.0,6
10457.0,2
10459.0,1
10461.0,3
10463.0,0
10465.0,2
10467.0,2
10469.0,1
10471.0,2
10473.0,2
10475.0,1
10477.0,2
10479.0,1
10481.0,1
10483.0,3
10485.0,1
10487.0,0
10489.0,2
10491.0,0
10493.0,3
10495.0,2
10497.0,7
10499.0,4
10501.0,4
10503.0,7
10505.0,12
10507.0,7
10509.0,14
10511.0,8
10513.0,8
10515.0,2
10517.0,4
10519.0,3
10521.0,2
10523.0,1
10525.0,1
10527.0,0
10529.0,1
10531.0,1
10533.0,2
10535.0,1
10537.0,0
10539.0,0
10541.0,1
10543.0,0
10545.0,0
10547.0,1
10549.0,0
10551.0,1
10553.0,0
10555.0,0
10557.0,1
10559.0,0
10561.0,0
10563.0,1
10565.0,1
10567.0,0
10569.0,1
10571.0,0
10573.0,1
10575.0,0
10577.0,3
10579.0,0
10581.0,0
10583.0,0
10585.0,0
10587.0,0
10589.0,2
10591.0,0
10593.0,1
10595.0,1
10597.0,0
10599.0,0
10601.0,1
10603.0,0
10605.0,1
10607.0,1
10609.0,2
10611.0,3
10613.0,1
10615.0,0
10617.0,1
10619.0,0
10621.0,1
10623.0,2
10625.0,1
10627.0,1
10629.0,0
10631.0,1
10633.0,3
10635.0,1
10637.0,1
10639.0,2
10641.0,1
10643.0,1
10645.0,0
10647.0,1
10649.0,1
10651.0,1
10653.0,0
10655.0,0
10657.0,0
10659.0,2
10661.0,0
10663.0,0
10665.0,0
10667.0,0
10669.0,0
10671.0,1
10673.0,1
10675.0,1
10677.0,2
10679.0,10
10681.0,11
10683.0,6
10685.0,3
10687.0,1
10689.0,0
10691.0,1
10693.0,0
10695.0,2
10697.0,1
10699.0,0
10701.0,0
10703.0,1
10705.0,1
10707.0,0
10709.0,0
10711.0,1
10713.0,0
10715.0,0
10717.0,0
10719.0,2
10721.0,0
10723.0,0
10725.0,0
10727.0,0
10729.0,0
10731.0,0
10733.0,0
10735.0,0
10737.0,0
10739.0,0
10741.0,0
10743.0,0
10745.0,0
10747.0,0
10749.0,1
10751.0,0
10753.0,0
10755.0,0
10757.0,0
10759.0,0
10761.0,0
10763.0,0
10765.0,0
10767.0,1
10769.0,0
10771.0,0
10773.0,0
10775.0,0
10777.0,0
10779.0,0
10781.0,0
10783.0,0
10785.0,0
10787.0,2
10789.0,0
10791.0,0
10793.0,0
10795.0,0
10797.0,0
10799.0,0
10801.0,1
10803.0,0
10805.0,1
10807.0,1
10809.0,0
10811.0,0
10813.0,0
10815.0,0
10817.0,0
10819.0,1
10821.0,0
10823.0,0
10825.0,0
10827.0,0
10829.0,0
10831.0,0
10833.0,0
10835.0,1
10837.0,1
10839.0,0
10841.0,2
10843.0,1
10845.0,1
10847.0,0
10849.0,0
10851.0,0
10853.0,0
10855.0,0
10857.0,2
10859.0,1
10861.0,0
10863.0,0
10865.0,0
10867.0,1
10869.0,2
10871.0,0
10873.0,1
10875.0,1
10877.0,1
10879.0,0
10881.0,1
10883.0,0
10885.0,0
10887.0,0
10889.0,1
10891.0,0
10893.0,1
10895.0,1
10897.0,0
10899.0,0
10901.0,0
10903.0,0
10905.0,1
10907.0,0
10909.0,1
10911.0,0
10913.0,0
10915.0,0
10917.0,0
10919.0,0
10921.0,1
10923.0,0
10925.0,1
10927.0,0
10929.0,0
10931.0,0
10933.0,0
10935.0,1
10937.0,0
10939.0,0
10941.0,0
10943.0,0
10945.0,1
10947.0,1
10949.0,1
10951.0,0
10953.0,0
10955.0,0
10957.0,0
10959.0,0
10961.0,0
10963.0,1
10965.0,2
10967.0,0
10969.0,1
10971.0,0
10973.0,0
10975.0,1
10977.0,1
10979.0,0
10981.0,0
10983.0,2
10985.0,0
10987.0,1
10989.0,0
10991.0,1
10993.0,0
10995.0,0
10997.0,0
10999.0,0
11001.0,1
11003.0,0
11005.0,0
11007.0,1
11009.0,1
11011.0,2
11013.0,0
11015.0,1
11017.0,0
11019.0,0
11021.0,0
11023.0,1
11025.0,0
11027.0,2
11029.0,1
11031.0,1
11033.0,1
11035.0,0
11037.0,0
11039.0,1
11041.0,0
11043.0,0
11045.0,0
11047.0,0
11049.0,2
11051.0,1
11053.0,0
11055.0,1
11057.0,0
11059.0,1
11061.0,0
11063.0,0
11065.0,0
11067.0,1
11069.0,1
11071.0,1
11073.0,0
11075.0,2
11077.0,0
11079.0,0
11081.0,0
11083.0,0
11085.0,0
11087.0,0
11089.0,1
11091.0,1
11093.0,0
11095.0,1
11097.0,0
11099.0,1
11101.0,2
11103.0,1
11105.0,0
11107.0,0
11109.0,0
11111.0,0
11113.0,3
11115.0,0
11117.0,0
11119.0,0
11121.0,0
11123.0,1
11125.0,1
11127.0,1
11129.0,0
11131.0,0
11133.0,1
11135.0,0
11137.0,1
11139.0,0
11141.0,0
11143.0,1
11145.0,0
11147.0,0
11149.0,0
11151.0,0
11153.0,0
11155.0,0
11157.0,1
11159.0,0
11161.0,0
11163.0,1
11165.0,2
11167.0,1
11169.0,0
11171.0,0
11173.0,2
11175.0,0
11177.0,1
11179.0,0
11181.0,1
11183.0,1
11185.0,0
11187.0,1
11189.0,0
11191.0,0
11193.0,0
11195.0,1
11197.0,0
11199.0,0
11201.0,0
11203.0,1
11205.0,0
11207.0,1
11209.0,1
11211.0,0
11213.0,1
11215.0,0
11217.0,1
11219.0,0
11221.0,0
11223.0,0
11225.0,0
11227.0,1
11229.0,1
11231.0,1
11233.0,2
11235.0,1
11237.0,0
11239.0,2
11241.0,1
11243.0,1
11245.0,0
11247.0,0
11249.0,2
11251.0,0
11253.0,1
11255.0,0
11257.0,1
11259.0,1
11261.0,1
11263.0,1
11265.0,1
11267.0,1
11269.0,0
11271.0,0
11273.0,0
11275.0,0
11277.0,0
11279.0,1
11281.0,0
11283.0,0
11285.0,0
11287.0,1
11289.0,1
11291.0,0
11293.0,0
11295.0,0
11297.0,0
11299.0,1
11301.0,0
11303.0,1
11305.0,2
11307.0,0
11309.0,2
11311.0,0
11313.0,2
11315.0,0
11317.0,1
11319.0,1
11321.0,0
11323.0,1
11325.0,2
11327.0,0
11329.0,3
11331.0,0
11333.0,1
11335.0,0
11337.0,3
11339.0,1
11341.0,0
11343.0,2
11345.0,2
11347.0,1
11349.0,1
11351.0,3
11353.0,0
11355.0,1
11357.0,0
11359.0,0
11361.0,0
11363.0,0
11365.0,0
11367.0,0
11369.0,0
11371.0,0
11373.0,0
11375.0,0
11377.0,0
11379.0,1
11381.0,1
11383.0,1
11385.0,0
11387.0,0
11389.0,1
11391.0,1
11393.0,2
11395.0,0
11397.0,0
11399.0,0
11401.0,2
11403.0,1
11405.0,1
11407.0,1
11409.0,0
11411.0,0
11413.0,0
11415.0,0
11417.0,1
11419.0,1
11421.0,1
11423.0,1
11425.0,2
11427.0,2
11429.0,1
11431.0,3
11433.0,3
11435.0,4
11437.0,3
11439.0,4
11441.0,1
11443.0,0
11445.0,1
11447.0,3
11449.0,0
11451.0,0
11453.0,1
11455.0,3
11457.0,1
11459.0,8
11461.0,0
11463.0,0
11465.0,2
11467.0,1
11469.0,0
11471.0,4
11473.0,1
11475.0,3
11477.0,3
11479.0,3
11481.0,0
11483.0,3
11485.0,4
11487.0,1
11489.0,2
11491.0,2
11493.0,1
11495.0,4
11497.0,1
11499.0,4
11501.0,5
11503.0,3
11505.0,2
11507.0,3
11509.0,3
11511.0,0
11513.0,2
11515.0,0
11517.0,2
11519.0,0
11521.0,1
11523.0,1
11525.0,1
11527.0,0
11529.0,4
11531.0,0
11533.0,0
11535.0,0
11537.0,1
11539.0,3
11541.0,3
11543.0,1
11545.0,1
11547.0,0
11549.0,0
11551.0,1
11553.0,2
11555.0,0
11557.0,0
11559.0,1
11561.0,0
11563.0,1
11565.0,1
11567.0,0
11569.0,1
11571.0,0
11573.0,2
11575.0,2
11577.0,2
11579.0,2
11581.0,1
11583.0,0
11585.0,2
11587.0,0
11589.0,4
11591.0,0
11593.0,2
11595.0,2
11597.0,1
11599.0,1
11601.0,1
11603.0,0
11605.0,2
11607.0,0
11609.0,0
11611.0,0
11613.0,0
11615.0,1
11617.0,2
11619.0,0
11621.0,2
11623.0,2
11625.0,0
11627.0,0
11629.0,2
11631.0,1
11633.0,2
11635.0,1
11637.0,6
11639.0,2
11641.0,3
11643.0,4
11645.0,1
11647.0,1
11649.0,2
11651.0,1
11653.0,0
11655.0,5
11657.0,0
11659.0,2
11661.0,1
11663.0,0
11665.0,4
11667.0,2
11669.0,1
11671.0,1
11673.0,0
11675.0,1
11677.0,3
11679.0,0
11681.0,1
11683.0,2
11685.0,4
11687.0,5
11689.0,5
11691.0,4
11693.0,1
11695.0,1
11697.0,1
11699.0,2
11701.0,0
11703.0,1
11705.0,0
11707.0,2
11709.0,0
11711.0,2
11713.0,2
11715.0,2
11717.0,3
11719.0,3
11721.0,2
11723.0,1
11725.0,5
11727.0,3
11729.0,3
11731.0,3
11733.0,0
11735.0,1
11737.0,1
11739.0,1
11741.0,2
11743.0,0
11745.0,0
11747.0,2
11749.0,1
11751.0,0
11753.0,1
11755.0,0
11757.0,0
11759.0,0
11761.0,0
11763.0,0
11765.0,1
11767.0,0
11769.0,0
11771.0,0
11773.0,0
11775.0,0
11777.0,1
11779.0,0
11781.0,2
11783.0,1
11785.0,0
11787.0,0
11789.0,0
11791.0,1
11793.0,0
11795.0,1
11797.0,0
11799.0,2
11801.0,0
11803.0,0
11805.0,0
11807.0,1
11809.0,0
11811.0,1
11813.0,1
11815.0,1
11817.0,1
11819.0,0
11821.0,1
11823.0,0
11825.0,0
11827.0,0
11829.0,0
11831.0,0
11833.0,0
11835.0,0
11837.0,0
11839.0,1
11841.0,0
11843.0,0
11845.0,0
11847.0,0
11849.0,0
11851.0,1
11853.0,0
11855.0,0
11857.0,0
11859.0,0
11861.0,0
11863.0,0
11865.0,1
11867.0,0
11869.0,1
11871.0,0
11873.0,0
11875.0,0
11877.0,0
11879.0,0
11881.0,0
11883.0,1
11885.0,0
11887.0,0
11889.0,0
11891.0,2
11893.0,0
11895.0,1
11897.0,1
11899.0,0
11901.0,0
11903.0,0
11905.0,0
11907.0,0
11909.0,0
11911.0,0
11913.0,0
11915.0,0
11917.0,0
11919.0,1
11921.0,0
11923.0,1
11925.0,0
11927.0,0
11929.0,1
11931.0,0
11933.0,0
11935.0,0
11937.0,0
11939.0,0
11941.0,0
11943.0,1
11945.0,0
11947.0,0
11949.0,0
11951.0,0
11953.0,0
11955.0,0
11957.0,0
11959.0,0
11961.0,1
11963.0,0
11965.0,0
11967.0,0
11969.0,0
11971.0,0
11973.0,0
11975.0,0
11977.0,0
11979.0,1
11981.0,0
11983.0,0
11985.0,1
11987.0,0
11989.0,0
11991.0,1
11993.0,0
11995.0,0
11997.0,0
11999.0,0
12001.0,0
12003.0,0
12005.0,0
12007.0,1
12009.0,1
12011.0,1
12013.0,0
12015.0,0
12017.0,1
12019.0,1
12021.0,0
12023.0,0
12025.0,1
12027.0,0
12029.0,0
12031.0,1
12033.0,0
12035.0,1
12037.0,0
12039.0,1
12041.0,0
12043.0,0
12045.0,0
12047.0,0
12049.0,0
12051.0,0
12053.0,0
12055.0,1
12057.0,0
12059.0,0
12061.0,1
12063.0,0
12065.0,0
12067.0,0
12069.0,0
12071.0,1
12073.0,2
12075.0,0
12077.0,0
12079.0,0
12081.0,0
12083.0,1
12085.0,0
12087.0,0
12089.0,1
12091.0,0
12093.0,0
12095.0,1
12097.0,0
12099.0,0
12101.0,0
12103.0,2
12105.0,0
12107.0,1
12109.0,0
12111.0,0
12113.0,0
12115.0,1
12117.0,0
12119.0,0
12121.0,0
12123.0,0
12125.0,0
12127.0,0
12129.0,0
12131.0,0
12133.0,0
12135.0,0
12137.0,0
12139.0,0
12141.0,1
12143.0,0
12145.0,1
12147.0,0
12149.0,1
12151.0,0
12153.0,0
12155.0,0
12157.0,1
12159.0,1
12161.0,0
12163.0,0
12165.0,0
12167.0,2
12169.0,0
12171.0,0
12173.0,0
12175.0,0
12177.0,0
12179.0,0
12181.0,0
12183.0,0
12185.0,0
12187.0,0
12189.0,0
12191.0,0
12193.0,0
12195.0,0
12197.0,0
12199.0,1
12201.0,0
12203.0,0
12205.0,1
12207.0,0
12209.0,0
12211.0,0
12213.0,0
12215.0,0
12217.0,0
12219.0,0
12221.0,2
12223.0,0
12225.0,0
12227.0,0
12229.0,0
12231.0,0
12233.0,0
12235.0,1
12237.0,0
12239.0,0
12241.0,0
12243.0,0
12245.0,0
12247.0,0
12249.0,1
12251.0,0
12253.0,1
12255.0,0
12257.0,0
12259.0,0
12261.0,2
12263.0,0
12265.0,0
12267.0,0
12269.0,0
12271.0,0
12273.0,0
12275.0,0
12277.0,0
12279.0,1
12281.0,0
12283.0,2
12285.0,0
12287.0,0
12289.0,0
12291.0,0
12293.0,0
12295.0,0
12297.0,0
12299.0,0
12301.0,0
12303.0,0
12305.0,0
12307.0,1
12309.0,1
12311.0,0
12313.0,0
12315.0,0
12317.0,0
12319.0,0
12321.0,0
12323.0,0
12325.0,0
12327.0,0
12329.0,0
12331.0,0
12333.0,0
12335.0,0
12337.0,0
12339.0,0
12341.0,1
12343.0,0
12345.0,0
12347.0,0
12349.0,0
12351.0,0
12353.0,0
12355.0,0
12357.0,0
12359.0,0
12361.0,0
12363.0,0
12365.0,0
12367.0,1
12369.0,0
12371.0,1
12373.0,0
12375.0,0
12377.0,0
12379.0,1
12381.0,0
12383.0,0
12385.0,1
12387.0,0
12389.0,0
12391.0,0
12393.0,1
12395.0,0
12397.0,0
12399.0,1
12401.0,0
12403.0,1
12405.0,0
12407.0,0
12409.0,0
12411.0,1
12413.0,0
12415.0,1
12417.0,0
12419.0,2
12421.0,0
12423.0,0
12425.0,0
12427.0,1
12429.0,1
12431.0,0
12433.0,1
12435.0,0
12437.0,0
12439.0,0
12441.0,0
12443.0,0
12445.0,0
12447.0,0
12449.0,0
12451.0,0
12453.0,0
12455.0,0
12457.0,0
12459.0,0
12461.0,0
12463.0,0
12465.0,1
12467.0,1
12469.0,0
12471.0,0
12473.0,0
12475.0,0
12477.0,1
12479.0,0
12481.0,0
12483.0,0
12485.0,0
12487.0,0
12489.0,0
12491.0,0
12493.0,0
12495.0,0
12497.0,1
12499.0,1
12501.0,0
12503.0,0
12505.0,0
12507.0,0
12509.0,0
12511.0,0
12513.0,1
12515.0,1
12517.0,0
12519.0,0
12521.0,0
12523.0,0
12525.0,1
12527.0,0
12529.0,0
12531.0,1
12533.0,0
12535.0,0
12537.0,0
12539.0,1
12541.0,0
12543.0,0
12545.0,0
12547.0,0
12549.0,0
12551.0,0
12553.0,0
12555.0,1
12557.0,0
12559.0,1
12561.0,1
12563.0,1
12565.0,0
12567.0,2
12569.0,0
12571.0,1
12573.0,0
12575.0,0
12577.0,0
12579.0,0
12581.0,0
12583.0,0
12585.0,0
12587.0,0
12589.0,0
12591.0,0
12593.0,0
12595.0,0
12597.0,0
12599.0,0
12601.0,0
12603.0,0
12605.0,0
12607.0,0
12609.0,2
12611.0,0
12613.0,0
12615.0,0
12617.0,0
12619.0,0
12621.0,0
12623.0,0
12625.0,0
12627.0,1
12629.0,0
12631.0,0
12633.0,0
12635.0,0
12637.0,0
12639.0,0
12641.0,0
12643.0,0
12645.0,0
12647.0,1
12649.0,0
12651.0,0
12653.0,0
12655.0,0
12657.0,1
12659.0,0
12661.0,1
12663.0,0
12665.0,1
12667.0,0
12669.0,0
12671.0,0
12673.0,0
12675.0,1
12677.0,0
12679.0,0
12681.0,0
12683.0,0
12685.0,0
12687.0,0
12689.0,0
12691.0,0
12693.0,0
12695.0,0
12697.0,0
12699.0,0
12701.0,0
12703.0,1
12705.0,2
12707.0,1
12709.0,0
12711.0,0
12713.0,0
12715.0,0
12717.0,1
12719.0,0
12721.0,0
12723.0,0
12725.0,0
12727.0,0
12729.0,1
12731.0,0
12733.0,0
12735.0,1
12737.0,1
12739.0,0
12741.0,0
12743.0,0
12745.0,0
12747.0,0
12749.0,2
12751.0,0
12753.0,0
12755.0,0
12757.0,0
12759.0,0
12761.0,0
12763.0,1
12765.0,1
12767.0,2
12769.0,0
12771.0,0
12773.0,0
12775.0,1
12777.0,0
12779.0,0
12781.0,1
12783.0,1
12785.0,1
12787.0,0
12789.0,1
12791.0,0
12793.0,0
12795.0,0
12797.0,0
12799.0,1
12801.0,1
12803.0,0
12805.0,1
12807.0,0
12809.0,1
12811.0,1
12813.0,0
12815.0,1
12817.0,0
12819.0,2
12821.0,3
12823.0,1
12825.0,0
12827.0,0
12829.0,0
12831.0,1
12833.0,0
12835.0,0
12837.0,0
12839.0,0
12841.0,0
12843.0,0
12845.0,1
12847.0,0
12849.0,0
12851.0,0
12853.0,1
12855.0,0
12857.0,3
12859.0,0
12861.0,0
12863.0,1
12865.0,1
12867.0,1
12869.0,0
12871.0,0
12873.0,0
12875.0,0
12877.0,0
12879.0,0
12881.0,0
12883.0,0
12885.0,0
12887.0,0
12889.0,0
12891.0,1
12893.0,1
12895.0,0
12897.0,0
12899.0,1
12901.0,0
12903.0,0
12905.0,0
12907.0,0
12909.0,0
12911.0,1
12913.0,0
12915.0,0
12917.0,1
12919.0,0
12921.0,0
12923.0,1
12925.0,0
12927.0,0
12929.0,0
12931.0,1
12933.0,0
12935.0,0
12937.0,1
12939.0,0
12941.0,0
12943.0,0
12945.0,1
12947.0,0
12949.0,0
12951.0,0
12953.0,0
12955.0,0
12957.0,0
12959.0,1
12961.0,1
12963.0,2
12965.0,1
12967.0,0
12969.0,2
12971.0,0
12973.0,0
12975.0,0
12977.0,1
12979.0,0
12981.0,1
12983.0,1
12985.0,0
12987.0,0
12989.0,0
12991.0,0
12993.0,0
12995.0,1
12997.0,1
