Bin center (eV),Counts per 2 eV bin
801.0,8
803.0,13
805.0,8
807.0,9
809.0,9
811.0,6
813.0,5
815.0,9
817.0,10
819.0,10
821.0,9
823.0,11
825.0,9
827.0,5
829.0,6
831.0,4
833.0,11
835.0,12
837.0,11
839.0,12
841.0,9
843.0,9
845.0,7
847.0,10
849.0,13
851.0,9
853.0,7
855.0,15
857.0,5
859.0,12
861.0,11
863.0,9
865.0,8
867.0,11
869.0,14
871.0,8
873.0,7
875.0,9
877.0,16
879.0,7
881.0,16
883.0,15
885.0,14
887.0,16
889.0,24
891.0,25
893.0,44
895.0,38
897.0,16
899.0,22
901.0,11
903.0,18
905.0,18
907.0,12
909.0,18
911.0,7
913.0,22
915.0,29
917.0,34
919.0,30
921.0,29
923.0,28
925.0,41
927.0,48
929.0,45
931.0,79
933.0,61
935.0,56
937.0,48
939.0,53
941.0,71
943.0,87
945.0,108
947.0,100
949.0,138
951.0,241
953.0,447
955.0,419
957.0,325
959.0,320
961.0,359
963.0,447
965.0,696
967.0,528
969.0,300
971.0,212
973.0,141
975.0,119
977.0,84
979.0,72
981.0,46
983.0,47
985.0,38
987.0,58
989.0,42
991.0,44
993.0,31
995.0,42
997.0,82
999.0,71
1001.0,58
1003.0,62
1005.0,80
1007.0,105
1009.0,150
1011.0,287
1013.0,421
1015.0,416
1017.0,190
1019.0,141
1021.0,204
1023.0,293
1025.0,396
1027.0,643
1029.0,520
1031.0,302
1033.0,334
1035.0,417
1037.0,408
1039.0,312
1041.0,163
1043.0,165
1045.0,138
1047.0,108
1049.0,81
1051.0,83
1053.0,106
1055.0,147
1057.0,74
1059.0,64
1061.0,70
1063.0,76
1065.0,47
1067.0,51
1069.0,47
1071.0,41
1073.0,55
1075.0,52
1077.0,57
1079.0,44
1081.0,47
1083.0,31
1085.0,37
1087.0,40
1089.0,28
1091.0,31
1093.0,34
1095.0,41
1097.0,42
1099.0,32
1101.0,30
1103.0,31
1105.0,32
1107.0,23
1109.0,27
1111.0,22
1113.0,23
1115.0,27
1117.0,30
1119.0,35
1121.0,44
1123.0,60
1125.0,37
1127.0,37
1129.0,43
1131.0,23
1133.0,22
1135.0,19
1137.0,22
1139.0,20
1141.0,23
1143.0,24
1145.0,23
1147.0,20
1149.0,27
1151.0,16
1153.0,27
1155.0,24
1157.0,18
1159.0,23
1161.0,17
1163.0,22
1165.0,18
1167.0,27
1169.0,30
1171.0,18
1173.0,22
1175.0,18
1177.0,16
1179.0,15
1181.0,20
1183.0,12
1185.0,16
1187.0,22
1189.0,17
1191.0,20
1193.0,19
1195.0,19
1197.0,19
1199.0,22
1201.0,16
1203.0,16
1205.0,16
1207.0,25
1209.0,19
1211.0,14
1213.0,14
1215.0,27
1217.0,22
1219.0,20
1221.0,16
1223.0,25
1225.0,17
1227.0,21
1229.0,18
1231.0,17
1233.0,20
1235.0,21
1237.0,21
1239.0,21
1241.0,20
1243.0,10
1245.0,16
1247.0,33
1249.0,30
1251.0,23
1253.0,18
1255.0,14
1257.0,10
1259.0,26
1261.0,25
1263.0,28
1265.0,20
1267.0,11
1269.0,20
1271.0,20
1273.0,19
1275.0,22
1277.0,14
1279.0,26
1281.0,16
1283.0,20
1285.0,16
1287.0,23
1289.0,21
1291.0,17
1293.0,20
1295.0,22
1297.0,27
1299.0,30
1301.0,19
1303.0,31
1305.0,12
1307.0,19
1309.0,19
1311.0,19
1313.0,25
1315.0,24
1317.0,16
1319.0,15
1321.0,20
1323.0,13
1325.0,20
1327.0,26
1329.0,24
1331.0,16
1333.0,20
1335.0,23
1337.0,24
1339.0,18
1341.0,21
1343.0,14
1345.0,27
1347.0,18
1349.0,22
1351.0,20
1353.0,16
1355.0,19
1357.0,24
1359.0,26
1361.0,23
1363.0,17
1365.0,27
1367.0,14
1369.0,21
1371.0,23
1373.0,23
1375.0,15
1377.0,24
1379.0,17
1381.0,29
1383.0,21
1385.0,23
1387.0,30
1389.0,23
1391.0,21
1393.0,13
1395.0,18
1397.0,10
1399.0,20
1401.0,17
1403.0,12
1405.0,22
1407.0,18
1409.0,28
1411.0,26
1413.0,20
1415.0,19
1417.0,20
1419.0,17
1421.0,22
1423.0,18
1425.0,17
1427.0,30
1429.0,19
1431.0,29
1433.0,22
1435.0,15
1437.0,18
1439.0,17
1441.0,19
1443.0,18
1445.0,13
1447.0,19
1449.0,19
1451.0,18
1453.0,21
1455.0,16
1457.0,24
1459.0,25
1461.0,28
1463.0,14
1465.0,19
1467.0,15
1469.0,22
1471.0,20
1473.0,24
1475.0,23
1477.0,27
1479.0,28
1481.0,12
1483.0,20
1485.0,25
1487.0,23
1489.0,21
1491.0,24
1493.0,27
1495.0,28
1497.0,23
1499.0,30
1501.0,25
1503.0,28
1505.0,24
1507.0,23
1509.0,21
1511.0,17
1513.0,23
1515.0,23
1517.0,27
1519.0,22
1521.0,36
1523.0,21
1525.0,29
1527.0,24
1529.0,35
1531.0,27
1533.0,30
1535.0,21
1537.0,17
1539.0,25
1541.0,19
1543.0,38
1545.0,20
1547.0,29
1549.0,27
1551.0,22
1553.0,25
1555.0,29
1557.0,19
1559.0,28
1561.0,44
1563.0,33
1565.0,34
1567.0,39
1569.0,51
1571.0,62
1573.0,48
1575.0,47
1577.0,62
1579.0,70
1581.0,95
1583.0,84
1585.0,86
1587.0,59
1589.0,67
1591.0,74
1593.0,69
1595.0,66
1597.0,53
1599.0,70
1601.0,76
1603.0,79
1605.0,75
1607.0,73
1609.0,58
1611.0,57
1613.0,61
1615.0,52
1617.0,35
1619.0,34
1621.0,36
1623.0,45
1625.0,27
1627.0,27
1629.0,18
1631.0,16
1633.0,28
1635.0,23
1637.0,18
1639.0,23
1641.0,22
1643.0,12
1645.0,20
1647.0,11
1649.0,20
1651.0,23
1653.0,26
1655.0,19
1657.0,10
1659.0,21
1661.0,13
1663.0,19
1665.0,28
1667.0,23
1669.0,29
1671.0,28
1673.0,27
1675.0,24
1677.0,34
1679.0,25
1681.0,22
1683.0,29
1685.0,17
1687.0,23
1689.0,23
1691.0,22
1693.0,19
1695.0,25
1697.0,21
1699.0,16
1701.0,22
1703.0,22
1705.0,18
1707.0,21
1709.0,25
1711.0,18
1713.0,29
1715.0,38
1717.0,30
1719.0,26
1721.0,20
1723.0,38
1725.0,38
1727.0,37
1729.0,33
1731.0,27
1733.0,32
1735.0,37
1737.0,25
1739.0,32
1741.0,25
1743.0,17
1745.0,29
1747.0,26
1749.0,22
1751.0,36
1753.0,34
1755.0,35
1757.0,39
1759.0,40
1761.0,31
1763.0,35
1765.0,40
1767.0,43
1769.0,55
1771.0,54
1773.0,50
1775.0,42
1777.0,62
1779.0,53
1781.0,52
1783.0,51
1785.0,73
1787.0,91
1789.0,78
1791.0,104
1793.0,77
1795.0,69
1797.0,67
1799.0,72
1801.0,70
1803.0,54
1805.0,51
1807.0,44
1809.0,57
1811.0,52
1813.0,50
1815.0,55
1817.0,40
1819.0,38
1821.0,31
1823.0,32
1825.0,34
1827.0,36
1829.0,34
1831.0,33
1833.0,53
1835.0,46
1837.0,40
1839.0,53
1841.0,48
1843.0,54
1845.0,50
1847.0,66
1849.0,49
1851.0,54
1853.0,70
1855.0,66
1857.0,58
1859.0,46
1861.0,59
1863.0,54
1865.0,57
1867.0,64
1869.0,52
1871.0,35
1873.0,44
1875.0,44
1877.0,37
1879.0,32
1881.0,30
1883.0,23
1885.0,16
1887.0,21
1889.0,14
1891.0,26
1893.0,17
1895.0,20
1897.0,20
1899.0,19
1901.0,16
1903.0,25
1905.0,22
1907.0,19
1909.0,26
1911.0,25
1913.0,20
1915.0,30
1917.0,31
1919.0,35
1921.0,23
1923.0,21
1925.0,28
1927.0,21
1929.0,23
1931.0,23
1933.0,25
1935.0,23
1937.0,17
1939.0,20
1941.0,19
1943.0,13
1945.0,10
1947.0,8
1949.0,7
1951.0,9
1953.0,14
1955.0,18
1957.0,14
1959.0,22
1961.0,18
1963.0,15
1965.0,18
1967.0,17
1969.0,22
1971.0,15
1973.0,26
1975.0,36
1977.0,38
1979.0,31
1981.0,36
1983.0,33
1985.0,29
1987.0,22
1989.0,27
1991.0,26
1993.0,20
1995.0,19
1997.0,34
1999.0,24
2001.0,24
2003.0,26
2005.0,22
2007.0,22
2009.0,28
2011.0,33
2013.0,27
2015.0,34
2017.0,34
2019.0,27
2021.0,39
2023.0,40
2025.0,42
2027.0,43
2029.0,36
2031.0,38
2033.0,37
2035.0,37
2037.0,46
2039.0,42
2041.0,43
2043.0,44
2045.0,47
2047.0,43
2049.0,47
2051.0,55
2053.0,34
2055.0,49
2057.0,50
2059.0,46
2061.0,56
2063.0,59
2065.0,55
2067.0,64
2069.0,45
2071.0,42
2073.0,39
2075.0,35
2077.0,29
2079.0,43
2081.0,37
2083.0,40
2085.0,49
2087.0,63
2089.0,44
2091.0,23
2093.0,32
2095.0,27
2097.0,33
2099.0,33
2101.0,48
2103.0,41
2105.0,51
2107.0,41
2109.0,43
2111.0,51
2113.0,65
2115.0,67
2117.0,67
2119.0,72
2121.0,72
2123.0,78
2125.0,68
2127.0,58
2129.0,55
2131.0,45
2133.0,51
2135.0,44
2137.0,41
2139.0,36
2141.0,53
2143.0,38
2145.0,32
2147.0,24
2149.0,26
2151.0,26
2153.0,30
2155.0,34
2157.0,34
2159.0,36
2161.0,34
2163.0,45
2165.0,43
2167.0,47
2169.0,43
2171.0,77
2173.0,64
2175.0,66
2177.0,53
2179.0,79
2181.0,78
2183.0,78
2185.0,75
2187.0,65
2189.0,82
2191.0,64
2193.0,45
2195.0,42
2197.0,37
2199.0,34
2201.0,26
2203.0,21
2205.0,19
2207.0,25
2209.0,26
2211.0,32
2213.0,26
2215.0,35
2217.0,26
2219.0,27
2221.0,34
2223.0,22
2225.0,21
2227.0,25
2229.0,20
2231.0,36
2233.0,23
2235.0,26
2237.0,25
2239.0,27
2241.0,22
2243.0,26
2245.0,42
2247.0,32
2249.0,22
2251.0,31
2253.0,21
2255.0,23
2257.0,30
2259.0,33
2261.0,27
2263.0,25
2265.0,31
2267.0,29
2269.0,37
2271.0,30
2273.0,33
2275.0,33
2277.0,29
2279.0,30
2281.0,40
2283.0,42
2285.0,21
2287.0,33
2289.0,28
2291.0,36
2293.0,28
2295.0,40
2297.0,39
2299.0,49
2301.0,44
2303.0,38
2305.0,47
2307.0,37
2309.0,39
2311.0,27
2313.0,29
2315.0,17
2317.0,19
2319.0,31
2321.0,19
2323.0,29
2325.0,26
2327.0,21
2329.0,18
2331.0,21
2333.0,18
2335.0,15
2337.0,20
2339.0,25
2341.0,29
2343.0,29
2345.0,37
2347.0,43
2349.0,26
2351.0,31
2353.0,22
2355.0,26
2357.0,36
2359.0,38
2361.0,39
2363.0,38
2365.0,49
2367.0,33
2369.0,42
2371.0,37
2373.0,39
2375.0,31
2377.0,27
2379.0,25
2381.0,22
2383.0,12
2385.0,28
2387.0,20
2389.0,33
2391.0,33
2393.0,35
2395.0,29
2397.0,37
2399.0,30
2401.0,35
2403.0,25
2405.0,23
2407.0,21
2409.0,28
2411.0,32
2413.0,20
2415.0,25
2417.0,41
2419.0,28
2421.0,31
2423.0,31
2425.0,24
2427.0,31
2429.0,24
2431.0,19
2433.0,20
2435.0,21
2437.0,28
2439.0,22
2441.0,26
2443.0,33
2445.0,22
2447.0,32
2449.0,28
2451.0,14
2453.0,19
2455.0,15
2457.0,15
2459.0,23
2461.0,20
2463.0,18
2465.0,27
2467.0,28
2469.0,53
2471.0,58
2473.0,59
2475.0,32
2477.0,35
2479.0,34
2481.0,20
2483.0,29
2485.0,28
2487.0,33
2489.0,16
2491.0,23
2493.0,21
2495.0,24
2497.0,24
2499.0,25
2501.0,29
2503.0,23
2505.0,25
2507.0,24
2509.0,19
2511.0,22
2513.0,21
2515.0,12
2517.0,20
2519.0,12
2521.0,20
2523.0,15
2525.0,17
2527.0,17
2529.0,26
2531.0,28
2533.0,30
2535.0,29
2537.0,27
2539.0,27
2541.0,35
2543.0,25
2545.0,37
2547.0,32
2549.0,23
2551.0,43
2553.0,38
2555.0,25
2557.0,30
2559.0,21
2561.0,30
2563.0,38
2565.0,33
2567.0,33
2569.0,37
2571.0,35
2573.0,39
2575.0,26
2577.0,26
2579.0,35
2581.0,36
2583.0,23
2585.0,27
2587.0,24
2589.0,31
2591.0,29
2593.0,25
2595.0,27
2597.0,18
2599.0,34
2601.0,34
2603.0,39
2605.0,38
2607.0,44
2609.0,40
2611.0,39
2613.0,41
2615.0,37
2617.0,41
2619.0,26
2621.0,30
2623.0,36
2625.0,35
2627.0,29
2629.0,27
2631.0,26
2633.0,30
2635.0,43
2637.0,31
2639.0,27
2641.0,50
2643.0,49
2645.0,31
2647.0,29
2649.0,24
2651.0,43
2653.0,27
2655.0,24
2657.0,23
2659.0,34
2661.0,25
2663.0,29
2665.0,38
2667.0,22
2669.0,35
2671.0,22
2673.0,30
2675.0,28
2677.0,32
2679.0,31
2681.0,41
2683.0,30
2685.0,14
2687.0,28
2689.0,27
2691.0,26
2693.0,35
2695.0,34
2697.0,44
2699.0,43
2701.0,41
2703.0,30
2705.0,23
2707.0,12
2709.0,18
2711.0,27
2713.0,17
2715.0,20
2717.0,22
2719.0,14
2721.0,7
2723.0,22
2725.0,20
2727.0,24
2729.0,33
2731.0,36
2733.0,38
2735.0,30
2737.0,37
2739.0,28
2741.0,18
2743.0,23
2745.0,25
2747.0,30
2749.0,25
2751.0,26
2753.0,32
2755.0,42
2757.0,35
2759.0,32
2761.0,32
2763.0,31
2765.0,38
2767.0,26
2769.0,29
2771.0,36
2773.0,34
2775.0,19
2777.0,29
2779.0,25
2781.0,31
2783.0,42
2785.0,41
2787.0,37
2789.0,50
2791.0,50
2793.0,50
2795.0,57
2797.0,47
2799.0,36
2801.0,53
2803.0,55
2805.0,60
2807.0,68
2809.0,65
2811.0,70
2813.0,58
2815.0,79
2817.0,60
2819.0,69
2821.0,61
2823.0,56
2825.0,67
2827.0,45
2829.0,60
2831.0,50
2833.0,45
2835.0,45
2837.0,52
2839.0,58
2841.0,33
2843.0,45
2845.0,37
2847.0,43
2849.0,37
2851.0,44
2853.0,37
2855.0,38
2857.0,39
2859.0,41
2861.0,42
2863.0,54
2865.0,58
2867.0,60
2869.0,54
2871.0,42
2873.0,34
2875.0,29
2877.0,29
2879.0,35
2881.0,56
2883.0,53
2885.0,53
2887.0,37
2889.0,28
2891.0,30
2893.0,27
2895.0,30
2897.0,27
2899.0,43
2901.0,34
2903.0,18
2905.0,23
2907.0,25
2909.0,38
2911.0,36
2913.0,44
2915.0,43
2917.0,53
2919.0,41
2921.0,27
2923.0,31
2925.0,36
2927.0,35
2929.0,45
2931.0,62
2933.0,54
2935.0,63
2937.0,34
2939.0,38
2941.0,39
2943.0,38
2945.0,31
2947.0,24
2949.0,30
2951.0,36
2953.0,37
2955.0,54
2957.0,42
2959.0,31
2961.0,38
2963.0,42
2965.0,42
2967.0,46
2969.0,54
2971.0,77
2973.0,80
2975.0,65
2977.0,64
2979.0,56
2981.0,36
2983.0,61
2985.0,61
2987.0,81
2989.0,75
2991.0,91
2993.0,70
2995.0,56
2997.0,35
2999.0,42
3001.0,30
3003.0,33
3005.0,36
3007.0,34
3009.0,29
3011.0,39
3013.0,40
3015.0,25
3017.0,44
3019.0,33
3021.0,32
3023.0,38
3025.0,41
3027.0,37
3029.0,52
3031.0,33
3033.0,50
3035.0,52
3037.0,44
3039.0,60
3041.0,62
3043.0,40
3045.0,67
3047.0,49
3049.0,45
3051.0,38
3053.0,27
3055.0,36
3057.0,22
3059.0,31
3061.0,27
3063.0,39
3065.0,28
3067.0,33
3069.0,36
3071.0,31
3073.0,53
3075.0,44
3077.0,41
3079.0,42
3081.0,42
3083.0,41
3085.0,41
3087.0,43
3089.0,43
3091.0,49
3093.0,46
3095.0,47
3097.0,52
3099.0,71
3101.0,53
3103.0,41
3105.0,34
3107.0,24
3109.0,38
3111.0,31
3113.0,28
3115.0,30
3117.0,28
3119.0,25
3121.0,33
3123.0,33
3125.0,23
3127.0,31
3129.0,57
3131.0,60
3133.0,38
3135.0,50
3137.0,70
3139.0,59
3141.0,36
3143.0,28
3145.0,43
3147.0,50
3149.0,39
3151.0,61
3153.0,65
3155.0,42
3157.0,33
3159.0,30
3161.0,28
3163.0,25
3165.0,34
3167.0,27
3169.0,39
3171.0,31
3173.0,44
3175.0,45
3177.0,43
3179.0,62
3181.0,50
3183.0,48
3185.0,46
3187.0,47
3189.0,30
3191.0,41
3193.0,40
3195.0,38
3197.0,38
3199.0,39
3201.0,48
3203.0,50
3205.0,55
3207.0,68
3209.0,52
3211.0,49
3213.0,32
3215.0,25
3217.0,19
3219.0,22
3221.0,32
3223.0,39
3225.0,41
3227.0,42
3229.0,36
3231.0,38
3233.0,35
3235.0,40
3237.0,39
3239.0,38
3241.0,36
3243.0,51
3245.0,42
3247.0,47
3249.0,43
3251.0,49
3253.0,43
3255.0,72
3257.0,70
3259.0,47
3261.0,44
3263.0,25
3265.0,27
3267.0,32
3269.0,37
3271.0,20
3273.0,32
3275.0,36
3277.0,48
3279.0,30
3281.0,27
3283.0,32
3285.0,33
3287.0,36
3289.0,30
3291.0,37
3293.0,33
3295.0,45
3297.0,46
3299.0,38
3301.0,51
3303.0,62
3305.0,51
3307.0,72
3309.0,64
3311.0,59
3313.0,44
3315.0,43
3317.0,46
3319.0,41
3321.0,29
3323.0,34
3325.0,27
3327.0,43
3329.0,26
3331.0,31
3333.0,36
3335.0,29
3337.0,28
3339.0,35
3341.0,35
3343.0,32
3345.0,29
3347.0,22
3349.0,37
3351.0,36
3353.0,49
3355.0,64
3357.0,59
3359.0,61
3361.0,68
3363.0,62
3365.0,56
3367.0,54
3369.0,37
3371.0,30
3373.0,28
3375.0,27
3377.0,23
3379.0,20
3381.0,26
3383.0,31
3385.0,28
3387.0,24
3389.0,17
3391.0,32
3393.0,47
3395.0,50
3397.0,39
3399.0,34
3401.0,26
3403.0,28
3405.0,57
3407.0,48
3409.0,58
3411.0,52
3413.0,53
3415.0,61
3417.0,73
3419.0,54
3421.0,36
3423.0,36
3425.0,19
3427.0,49
3429.0,41
3431.0,38
3433.0,39
3435.0,37
3437.0,42
3439.0,61
3441.0,66
3443.0,51
3445.0,44
3447.0,30
3449.0,45
3451.0,26
3453.0,36
3455.0,45
3457.0,47
3459.0,50
3461.0,47
3463.0,40
3465.0,28
3467.0,35
3469.0,20
3471.0,30
3473.0,35
3475.0,29
3477.0,39
3479.0,31
3481.0,36
3483.0,36
3485.0,49
3487.0,53
3489.0,47
3491.0,40
3493.0,50
3495.0,47
3497.0,29
3499.0,28
3501.0,33
3503.0,31
3505.0,30
3507.0,24
3509.0,35
3511.0,41
3513.0,35
3515.0,33
3517.0,22
3519.0,19
3521.0,19
3523.0,32
3525.0,34
3527.0,32
3529.0,31
3531.0,24
3533.0,38
3535.0,23
3537.0,23
3539.0,23
3541.0,29
3543.0,29
3545.0,35
3547.0,36
3549.0,20
3551.0,30
3553.0,26
3555.0,28
3557.0,27
3559.0,30
3561.0,19
3563.0,12
3565.0,19
3567.0,25
3569.0,29
3571.0,26
3573.0,25
3575.0,22
3577.0,30
3579.0,28
3581.0,35
3583.0,39
3585.0,34
3587.0,46
3589.0,36
3591.0,37
3593.0,35
3595.0,37
3597.0,31
3599.0,28
3601.0,35
3603.0,39
3605.0,30
3607.0,26
3609.0,22
3611.0,19
3613.0,24
3615.0,20
3617.0,19
3619.0,16
3621.0,19
3623.0,21
3625.0,30
3627.0,33
3629.0,49
3631.0,79
3633.0,68
3635.0,57
3637.0,58
3639.0,53
3641.0,55
3643.0,23
3645.0,14
3647.0,21
3649.0,11
3651.0,13
3653.0,21
3655.0,17
3657.0,20
3659.0,11
3661.0,14
3663.0,14
3665.0,13
3667.0,27
3669.0,16
3671.0,24
3673.0,44
3675.0,38
3677.0,52
3679.0,59
3681.0,52
3683.0,54
3685.0,41
3687.0,34
3689.0,22
3691.0,24
3693.0,24
3695.0,30
3697.0,30
3699.0,30
3701.0,19
3703.0,22
3705.0,20
3707.0,21
3709.0,29
3711.0,23
3713.0,18
3715.0,24
3717.0,19
3719.0,32
3721.0,56
3723.0,45
3725.0,36
3727.0,16
3729.0,14
3731.0,14
3733.0,26
3735.0,13
3737.0,17
3739.0,16
3741.0,31
3743.0,43
3745.0,24
3747.0,16
3749.0,18
3751.0,25
3753.0,30
3755.0,37
3757.0,27
3759.0,30
3761.0,8
3763.0,28
3765.0,33
3767.0,36
3769.0,42
3771.0,33
3773.0,16
3775.0,21
3777.0,20
3779.0,17
3781.0,12
3783.0,12
3785.0,19
3787.0,7
3789.0,21
3791.0,20
3793.0,34
3795.0,33
3797.0,24
3799.0,23
3801.0,18
3803.0,24
3805.0,23
3807.0,34
3809.0,47
3811.0,60
3813.0,35
3815.0,20
3817.0,19
3819.0,23
3821.0,21
3823.0,8
3825.0,12
3827.0,12
3829.0,6
3831.0,18
3833.0,22
3835.0,14
3837.0,14
3839.0,14
3841.0,22
3843.0,25
3845.0,22
3847.0,12
3849.0,17
3851.0,25
3853.0,26
3855.0,11
3857.0,16
3859.0,14
3861.0,19
3863.0,11
3865.0,21
3867.0,16
3869.0,14
3871.0,13
3873.0,7
3875.0,13
3877.0,12
3879.0,13
3881.0,10
3883.0,17
3885.0,14
3887.0,12
3889.0,11
3891.0,10
3893.0,13
3895.0,16
3897.0,10
3899.0,24
3901.0,34
3903.0,39
3905.0,40
3907.0,18
3909.0,10
3911.0,12
3913.0,8
3915.0,11
3917.0,20
3919.0,12
3921.0,14
3923.0,15
3925.0,9
3927.0,11
3929.0,9
3931.0,10
3933.0,12
3935.0,12
3937.0,20
3939.0,14
3941.0,9
3943.0,13
3945.0,11
3947.0,18
3949.0,8
3951.0,17
3953.0,12
3955.0,11
3957.0,20
3959.0,14
3961.0,22
3963.0,29
3965.0,38
3967.0,15
3969.0,14
3971.0,10
3973.0,6
3975.0,8
3977.0,7
3979.0,12
3981.0,11
3983.0,9
3985.0,7
3987.0,9
3989.0,5
3991.0,3
3993.0,10
3995.0,5
3997.0,7
3999.0,4
4001.0,6
4003.0,7
4005.0,11
4007.0,12
4009.0,8
4011.0,9
4013.0,5
4015.0,7
4017.0,13
4019.0,6
4021.0,14
4023.0,17
4025.0,16
4027.0,16
4029.0,7
4031.0,7
4033.0,17
4035.0,10
4037.0,8
4039.0,15
4041.0,18
4043.0,8
4045.0,18
4047.0,18
4049.0,13
4051.0,7
4053.0,11
4055.0,8
4057.0,4
4059.0,6
4061.0,11
4063.0,10
4065.0,11
4067.0,6
4069.0,7
4071.0,2
4073.0,7
4075.0,3
4077.0,4
4079.0,15
4081.0,18
4083.0,21
4085.0,10
4087.0,8
4089.0,12
4091.0,8
4093.0,4
4095.0,7
4097.0,8
4099.0,10
4101.0,10
4103.0,7
4105.0,8
4107.0,12
4109.0,6
4111.0,5
4113.0,10
4115.0,6
4117.0,10
4119.0,19
4121.0,12
4123.0,13
4125.0,10
4127.0,9
4129.0,7
4131.0,8
4133.0,6
4135.0,9
4137.0,9
4139.0,5
4141.0,5
4143.0,9
4145.0,3
4147.0,3
4149.0,9
4151.0,10
4153.0,8
4155.0,12
4157.0,8
4159.0,8
4161.0,9
4163.0,3
4165.0,7
4167.0,10
4169.0,4
4171.0,6
4173.0,3
4175.0,6
4177.0,6
4179.0,5
4181.0,9
4183.0,3
4185.0,9
4187.0,12
4189.0,7
4191.0,4
4193.0,6
4195.0,6
4197.0,9
4199.0,14
4201.0,12
4203.0,9
4205.0,6
4207.0,9
4209.0,7
4211.0,8
4213.0,7
4215.0,7
4217.0,9
4219.0,14
4221.0,15
4223.0,8
4225.0,6
4227.0,7
4229.0,10
4231.0,10
4233.0,7
4235.0,8
4237.0,6
4239.0,5
4241.0,3
4243.0,4
4245.0,6
4247.0,10
4249.0,5
4251.0,9
4253.0,11
4255.0,16
4257.0,14
4259.0,9
4261.0,4
4263.0,5
4265.0,10
4267.0,13
4269.0,8
4271.0,8
4273.0,12
4275.0,8
4277.0,14
4279.0,10
4281.0,11
4283.0,5
4285.0,3
4287.0,5
4289.0,6
4291.0,14
4293.0,11
4295.0,12
4297.0,8
4299.0,11
4301.0,12
4303.0,10
4305.0,13
4307.0,10
4309.0,8
4311.0,11
4313.0,9
4315.0,19
4317.0,7
4319.0,14
4321.0,10
4323.0,9
4325.0,9
4327.0,7
4329.0,9
4331.0,3
4333.0,12
4335.0,5
4337.0,8
4339.0,9
4341.0,25
4343.0,17
4345.0,19
4347.0,11
4349.0,10
4351.0,5
4353.0,12
4355.0,17
4357.0,2
4359.0,10
4361.0,12
4363.0,7
4365.0,6
4367.0,10
4369.0,6
4371.0,5
4373.0,15
4375.0,8
4377.0,2
4379.0,8
4381.0,4
4383.0,4
4385.0,11
4387.0,12
4389.0,12
4391.0,26
4393.0,17
4395.0,11
4397.0,6
4399.0,11
4401.0,8
4403.0,7
4405.0,11
4407.0,13
4409.0,33
4411.0,31
4413.0,32
4415.0,16
4417.0,10
4419.0,6
4421.0,9
4423.0,12
4425.0,9
4427.0,8
4429.0,4
4431.0,4
4433.0,8
4435.0,5
4437.0,7
4439.0,8
4441.0,7
4443.0,3
4445.0,7
4447.0,2
4449.0,4
4451.0,8
4453.0,11
4455.0,4
4457.0,8
4459.0,11
4461.0,9
4463.0,12
4465.0,23
4467.0,27
4469.0,20
4471.0,24
4473.0,10
4475.0,6
4477.0,8
4479.0,6
4481.0,8
4483.0,9
4485.0,9
4487.0,16
4489.0,5
4491.0,9
4493.0,5
4495.0,7
4497.0,9
4499.0,18
4501.0,14
4503.0,20
4505.0,18
4507.0,15
4509.0,11
4511.0,3
4513.0,11
4515.0,27
4517.0,13
4519.0,9
4521.0,10
4523.0,7
4525.0,3
4527.0,7
4529.0,8
4531.0,8
4533.0,5
4535.0,6
4537.0,7
4539.0,6
4541.0,9
4543.0,12
4545.0,15
4547.0,17
4549.0,11
4551.0,6
4553.0,10
4555.0,7
4557.0,7
4559.0,8
4561.0,16
4563.0,14
4565.0,17
4567.0,9
4569.0,13
4571.0,5
4573.0,4
4575.0,4
4577.0,5
4579.0,6
4581.0,5
4583.0,7
4585.0,9
4587.0,13
4589.0,10
4591.0,6
4593.0,10
4595.0,11
4597.0,5
4599.0,7
4601.0,11
4603.0,17
4605.0,17
4607.0,25
4609.0,26
4611.0,15
4613.0,12
4615.0,6
4617.0,3
4619.0,4
4621.0,7
4623.0,7
4625.0,1
4627.0,3
4629.0,5
4631.0,10
4633.0,7
4635.0,7
4637.0,4
4639.0,3
4641.0,3
4643.0,5
4645.0,4
4647.0,8
4649.0,12
4651.0,10
4653.0,11
4655.0,24
4657.0,20
4659.0,9
4661.0,10
4663.0,7
4665.0,2
4667.0,3
4669.0,5
4671.0,8
4673.0,2
4675.0,4
4677.0,5
4679.0,6
4681.0,7
4683.0,4
4685.0,4
4687.0,4
4689.0,5
4691.0,5
4693.0,4
4695.0,3
4697.0,1
4699.0,3
4701.0,1
4703.0,5
4705.0,7
4707.0,5
4709.0,5
4711.0,9
4713.0,4
4715.0,7
4717.0,5
4719.0,7
4721.0,1
4723.0,3
4725.0,7
4727.0,3
4729.0,5
4731.0,3
4733.0,4
4735.0,5
4737.0,8
4739.0,15
4741.0,7
4743.0,8
4745.0,6
4747.0,5
4749.0,2
4751.0,4
4753.0,4
4755.0,8
4757.0,3
4759.0,9
4761.0,4
4763.0,7
4765.0,4
4767.0,2
4769.0,3
4771.0,3
4773.0,4
4775.0,3
4777.0,3
4779.0,1
4781.0,8
4783.0,5
4785.0,6
4787.0,2
4789.0,5
4791.0,4
4793.0,5
4795.0,3
4797.0,4
4799.0,1
4801.0,3
4803.0,3
4805.0,3
4807.0,4
4809.0,8
4811.0,6
4813.0,4
4815.0,7
4817.0,7
4819.0,3
4821.0,7
4823.0,5
4825.0,10
4827.0,5
4829.0,7
4831.0,7
4833.0,1
4835.0,3
4837.0,7
4839.0,3
4841.0,5
4843.0,5
4845.0,3
4847.0,1
4849.0,3
4851.0,4
4853.0,6
4855.0,5
4857.0,8
4859.0,4
4861.0,2
4863.0,5
4865.0,4
4867.0,2
4869.0,3
4871.0,0
4873.0,8
4875.0,7
4877.0,5
4879.0,2
4881.0,6
4883.0,2
4885.0,4
4887.0,1
4889.0,5
4891.0,6
4893.0,3
4895.0,5
4897.0,4
4899.0,2
4901.0,5
4903.0,3
4905.0,5
4907.0,5
4909.0,2
4911.0,4
4913.0,6
4915.0,6
4917.0,12
4919.0,8
4921.0,6
4923.0,3
4925.0,3
4927.0,7
4929.0,2
4931.0,5
4933.0,7
4935.0,5
4937.0,9
4939.0,11
4941.0,9
4943.0,10
4945.0,6
4947.0,4
4949.0,6
4951.0,0
4953.0,6
4955.0,2
4957.0,5
4959.0,2
4961.0,2
4963.0,4
4965.0,8
4967.0,2
4969.0,6
4971.0,4
4973.0,2
4975.0,5
4977.0,2
4979.0,4
4981.0,2
4983.0,3
4985.0,3
4987.0,2
4989.0,4
4991.0,3
4993.0,7
4995.0,5
4997.0,3
4999.0,0
5001.0,1
5003.0,6
5005.0,7
5007.0,4
5009.0,8
5011.0,0
5013.0,5
5015.0,5
5017.0,5
5019.0,3
5021.0,7
5023.0,8
5025.0,7
5027.0,2
5029.0,5
5031.0,4
5033.0,3
5035.0,6
5037.0,8
5039.0,11
5041.0,5
5043.0,3
5045.0,6
5047.0,3
5049.0,7
5051.0,5
5053.0,4
5055.0,6
5057.0,4
5059.0,5
5061.0,5
5063.0,3
5065.0,5
5067.0,6
5069.0,7
5071.0,5
5073.0,5
5075.0,2
5077.0,3
5079.0,6
5081.0,2
5083.0,1
5085.0,4
5087.0,1
5089.0,6
5091.0,2
5093.0,8
5095.0,4
5097.0,7
5099.0,4
5101.0,3
5103.0,2
5105.0,8
5107.0,7
5109.0,8
5111.0,7
5113.0,5
5115.0,3
5117.0,7
5119.0,2
5121.0,6
5123.0,8
5125.0,5
5127.0,3
5129.0,4
5131.0,5
5133.0,3
5135.0,5
5137.0,3
5139.0,6
5141.0,9
5143.0,2
5145.0,6
5147.0,7
5149.0,4
5151.0,10
5153.0,10
5155.0,5
5157.0,5
5159.0,10
5161.0,6
5163.0,5
5165.0,5
5167.0,6
5169.0,5
5171.0,2
5173.0,4
5175.0,5
5177.0,9
5179.0,4
5181.0,2
5183.0,5
5185.0,7
5187.0,8
5189.0,13
5191.0,4
5193.0,3
5195.0,7
5197.0,6
5199.0,3
5201.0,4
5203.0,4
5205.0,2
5207.0,9
5209.0,2
5211.0,3
5213.0,4
5215.0,5
5217.0,4
5219.0,7
5221.0,4
5223.0,4
5225.0,7
5227.0,1
5229.0,8
5231.0,4
5233.0,5
5235.0,1
5237.0,3
5239.0,9
5241.0,6
5243.0,5
5245.0,9
5247.0,5
5249.0,5
5251.0,6
5253.0,4
5255.0,12
5257.0,9
5259.0,4
5261.0,4
5263.0,3
5265.0,5
5267.0,9
5269.0,8
5271.0,8
5273.0,6
5275.0,3
5277.0,5
5279.0,2
5281.0,3
5283.0,4
5285.0,5
5287.0,4
5289.0,5
5291.0,6
5293.0,2
5295.0,1
5297.0,3
5299.0,0
5301.0,7
5303.0,4
5305.0,9
5307.0,9
5309.0,11
5311.0,6
5313.0,9
5315.0,3
5317.0,10
5319.0,11
5321.0,8
5323.0,6
5325.0,5
5327.0,5
5329.0,6
5331.0,7
5333.0,2
5335.0,4
5337.0,3
5339.0,4
5341.0,1
5343.0,3
5345.0,5
5347.0,8
5349.0,5
5351.0,8
5353.0,8
5355.0,9
5357.0,7
5359.0,4
5361.0,2
5363.0,7
5365.0,5
5367.0,1
5369.0,2
5371.0,4
5373.0,5
5375.0,2
5377.0,5
5379.0,5
5381.0,4
5383.0,0
5385.0,3
5387.0,4
5389.0,1
5391.0,2
5393.0,0
5395.0,4
5397.0,2
5399.0,2
5401.0,7
5403.0,3
5405.0,12
5407.0,3
5409.0,5
5411.0,5
5413.0,4
5415.0,4
5417.0,1
5419.0,5
5421.0,7
5423.0,6
5425.0,6
5427.0,9
5429.0,4
5431.0,1
5433.0,2
5435.0,7
5437.0,6
5439.0,7
5441.0,2
5443.0,3
5445.0,3
5447.0,7
5449.0,5
5451.0,5
5453.0,4
5455.0,2
5457.0,3
5459.0,3
5461.0,1
5463.0,3
5465.0,3
5467.0,2
5469.0,2
5471.0,2
5473.0,4
5475.0,4
5477.0,3
5479.0,3
5481.0,4
5483.0,2
5485.0,5
5487.0,3
5489.0,6
5491.0,4
5493.0,4
5495.0,2
5497.0,2
5499.0,2
5501.0,4
5503.0,2
5505.0,4
5507.0,4
5509.0,5
5511.0,8
5513.0,7
5515.0,2
5517.0,4
5519.0,1
5521.0,0
5523.0,4
5525.0,6
5527.0,4
5529.0,6
5531.0,1
5533.0,3
5535.0,6
5537.0,5
5539.0,2
5541.0,3
5543.0,4
5545.0,7
5547.0,3
5549.0,10
5551.0,4
5553.0,10
5555.0,3
5557.0,7
5559.0,3
5561.0,2
5563.0,3
5565.0,3
5567.0,1
5569.0,2
5571.0,9
5573.0,2
5575.0,2
5577.0,2
5579.0,4
5581.0,3
5583.0,2
5585.0,2
5587.0,1
5589.0,2
5591.0,3
5593.0,4
5595.0,2
5597.0,6
5599.0,4
5601.0,4
5603.0,1
5605.0,5
5607.0,1
5609.0,0
5611.0,6
5613.0,0
5615.0,2
5617.0,3
5619.0,2
5621.0,1
5623.0,1
5625.0,3
5627.0,3
5629.0,5
5631.0,3
5633.0,6
5635.0,3
5637.0,6
5639.0,6
5641.0,9
5643.0,5
5645.0,6
5647.0,1
5649.0,3
5651.0,2
5653.0,4
5655.0,2
5657.0,10
5659.0,1
5661.0,5
5663.0,4
5665.0,3
5667.0,1
5669.0,1
5671.0,3
5673.0,4
5675.0,1
5677.0,6
5679.0,4
5681.0,4
5683.0,7
5685.0,2
5687.0,0
5689.0,2
5691.0,2
5693.0,4
5695.0,3
5697.0,1
5699.0,2
5701.0,1
5703.0,5
5705.0,2
5707.0,4
5709.0,1
5711.0,0
5713.0,1
5715.0,4
5717.0,2
5719.0,3
5721.0,5
5723.0,3
5725.0,1
5727.0,3
5729.0,0
5731.0,2
5733.0,5
5735.0,5
5737.0,6
5739.0,1
5741.0,1
5743.0,2
5745.0,3
5747.0,3
5749.0,0
5751.0,1
5753.0,4
5755.0,0
5757.0,2
5759.0,4
5761.0,5
5763.0,3
5765.0,9
5767.0,5
5769.0,2
5771.0,6
5773.0,5
5775.0,6
5777.0,7
5779.0,3
5781.0,1
5783.0,2
5785.0,2
5787.0,1
5789.0,2
5791.0,1
5793.0,4
5795.0,3
5797.0,2
5799.0,0
5801.0,2
5803.0,1
5805.0,0
5807.0,2
5809.0,1
5811.0,2
5813.0,2
5815.0,1
5817.0,2
5819.0,2
5821.0,0
5823.0,1
5825.0,2
5827.0,1
5829.0,2
5831.0,1
5833.0,1
5835.0,2
5837.0,2
5839.0,0
5841.0,2
5843.0,4
5845.0,2
5847.0,5
5849.0,2
5851.0,5
5853.0,5
5855.0,1
5857.0,4
5859.0,2
5861.0,3
5863.0,5
5865.0,3
5867.0,3
5869.0,4
5871.0,0
5873.0,3
5875.0,5
5877.0,3
5879.0,3
5881.0,2
5883.0,2
5885.0,4
5887.0,1
5889.0,3
5891.0,1
5893.0,2
5895.0,1
5897.0,1
5899.0,2
5901.0,0
5903.0,4
5905.0,0
5907.0,1
5909.0,2
5911.0,3
5913.0,1
5915.0,2
5917.0,3
5919.0,2
5921.0,2
5923.0,3
5925.0,7
5927.0,5
5929.0,7
5931.0,6
5933.0,1
5935.0,3
5937.0,4
5939.0,0
5941.0,1
5943.0,1
5945.0,1
5947.0,4
5949.0,1
5951.0,0
5953.0,3
5955.0,1
5957.0,6
5959.0,1
5961.0,1
5963.0,3
5965.0,4
5967.0,6
5969.0,2
5971.0,4
5973.0,1
5975.0,2
5977.0,2
5979.0,4
5981.0,1
5983.0,5
5985.0,4
5987.0,5
5989.0,2
5991.0,5
5993.0,3
5995.0,5
5997.0,0
5999.0,3
6001.0,4
6003.0,9
6005.0,2
6007.0,4
6009.0,5
6011.0,3
6013.0,1
6015.0,2
6017.0,0
6019.0,2
6021.0,4
6023.0,0
6025.0,2
6027.0,0
6029.0,3
6031.0,3
6033.0,2
6035.0,4
6037.0,5
6039.0,2
6041.0,2
6043.0,2
6045.0,1
6047.0,2
6049.0,1
6051.0,3
6053.0,0
6055.0,3
6057.0,2
6059.0,3
6061.0,2
6063.0,3
6065.0,3
6067.0,4
6069.0,3
6071.0,0
6073.0,4
6075.0,0
6077.0,2
6079.0,2
6081.0,3
6083.0,6
6085.0,2
6087.0,2
6089.0,0
6091.0,3
6093.0,5
6095.0,5
6097.0,6
6099.0,5
6101.0,6
6103.0,2
6105.0,2
6107.0,4
6109.0,2
6111.0,1
6113.0,3
6115.0,3
6117.0,2
6119.0,2
6121.0,2
6123.0,2
6125.0,2
6127.0,3
6129.0,3
6131.0,2
6133.0,1
6135.0,2
6137.0,2
6139.0,3
6141.0,3
6143.0,1
6145.0,3
6147.0,3
6149.0,3
6151.0,1
6153.0,3
6155.0,2
6157.0,0
6159.0,2
6161.0,2
6163.0,1
6165.0,7
6167.0,2
6169.0,4
6171.0,3
6173.0,1
6175.0,2
6177.0,0
6179.0,1
6181.0,3
6183.0,1
6185.0,2
6187.0,0
6189.0,0
6191.0,1
6193.0,2
6195.0,3
6197.0,6
6199.0,0
6201.0,2
6203.0,3
6205.0,3
6207.0,4
6209.0,1
6211.0,0
6213.0,1
6215.0,2
6217.0,2
6219.0,1
6221.0,2
6223.0,2
6225.0,2
6227.0,1
6229.0,3
6231.0,1
6233.0,3
6235.0,2
6237.0,1
6239.0,0
6241.0,6
6243.0,4
6245.0,3
6247.0,7
6249.0,1
6251.0,2
6253.0,3
6255.0,1
6257.0,2
6259.0,0
6261.0,2
6263.0,3
6265.0,0
6267.0,4
6269.0,3
6271.0,3
6273.0,1
6275.0,2
6277.0,1
6279.0,1
6281.0,1
6283.0,0
6285.0,4
6287.0,0
6289.0,2
6291.0,0
6293.0,2
6295.0,2
6297.0,2
6299.0,5
6301.0,4
6303.0,1
6305.0,4
6307.0,2
6309.0,2
6311.0,4
6313.0,1
6315.0,2
6317.0,0
6319.0,2
6321.0,5
6323.0,2
6325.0,0
6327.0,3
6329.0,1
6331.0,1
6333.0,3
6335.0,2
6337.0,2
6339.0,2
6341.0,2
6343.0,3
6345.0,4
6347.0,6
6349.0,1
6351.0,2
6353.0,2
6355.0,5
6357.0,3
6359.0,0
6361.0,1
6363.0,2
6365.0,0
6367.0,0
6369.0,0
6371.0,4
6373.0,0
6375.0,1
6377.0,4
6379.0,4
6381.0,1
6383.0,3
6385.0,2
6387.0,2
6389.0,2
6391.0,1
6393.0,1
6395.0,1
6397.0,2
6399.0,5
6401.0,4
6403.0,1
6405.0,2
6407.0,4
6409.0,0
6411.0,3
6413.0,2
6415.0,0
6417.0,1
6419.0,3
6421.0,1
6423.0,2
6425.0,0
6427.0,1
6429.0,0
6431.0,1
6433.0,4
6435.0,1
6437.0,1
6439.0,0
6441.0,0
6443.0,0
6445.0,2
6447.0,2
6449.0,0
6451.0,1
6453.0,1
6455.0,0
6457.0,1
6459.0,2
6461.0,0
6463.0,2
6465.0,3
6467.0,2
6469.0,1
6471.0,0
6473.0,2
6475.0,0
6477.0,0
6479.0,0
6481.0,0
6483.0,2
6485.0,3
6487.0,1
6489.0,3
6491.0,2
6493.0,1
6495.0,1
6497.0,0
6499.0,1
6501.0,0
6503.0,0
6505.0,0
6507.0,2
6509.0,0
6511.0,0
6513.0,1
6515.0,0
6517.0,0
6519.0,2
6521.0,0
6523.0,2
6525.0,0
6527.0,4
6529.0,2
6531.0,1
6533.0,2
6535.0,0
6537.0,1
6539.0,2
6541.0,2
6543.0,0
6545.0,4
6547.0,1
6549.0,3
6551.0,0
6553.0,1
6555.0,1
6557.0,1
6559.0,1
6561.0,1
6563.0,0
6565.0,1
6567.0,0
6569.0,0
6571.0,3
6573.0,1
6575.0,1
6577.0,0
6579.0,3
6581.0,1
6583.0,4
6585.0,2
6587.0,1
6589.0,2
6591.0,1
6593.0,0
6595.0,0
6597.0,2
6599.0,0
6601.0,3
6603.0,0
6605.0,2
6607.0,1
6609.0,3
6611.0,0
6613.0,1
6615.0,0
6617.0,1
6619.0,0
6621.0,0
6623.0,1
6625.0,0
6627.0,1
6629.0,3
6631.0,1
6633.0,1
6635.0,1
6637.0,1
6639.0,0
6641.0,1
6643.0,1
6645.0,0
6647.0,1
6649.0,1
6651.0,2
6653.0,0
6655.0,1
6657.0,1
6659.0,3
6661.0,5
6663.0,0
6665.0,0
6667.0,0
6669.0,3
6671.0,0
6673.0,2
6675.0,0
6677.0,3
6679.0,0
6681.0,0
6683.0,1
6685.0,3
6687.0,1
6689.0,2
6691.0,2
6693.0,0
6695.0,2
6697.0,2
6699.0,1
6701.0,0
6703.0,0
6705.0,0
6707.0,1
6709.0,1
6711.0,0
6713.0,2
6715.0,1
6717.0,0
6719.0,0
6721.0,1
6723.0,1
6725.0,1
6727.0,1
6729.0,0
6731.0,1
6733.0,1
6735.0,3
6737.0,1
6739.0,2
6741.0,2
6743.0,4
6745.0,2
6747.0,1
6749.0,2
6751.0,0
6753.0,0
6755.0,3
6757.0,1
6759.0,3
6761.0,1
6763.0,2
6765.0,1
6767.0,4
6769.0,1
6771.0,2
6773.0,1
6775.0,2
6777.0,2
6779.0,0
6781.0,1
6783.0,1
6785.0,0
6787.0,1
6789.0,1
6791.0,0
6793.0,0
6795.0,3
6797.0,3
6799.0,1
6801.0,0
6803.0,0
6805.0,0
6807.0,0
6809.0,0
6811.0,0
6813.0,1
6815.0,1
6817.0,0
6819.0,1
6821.0,0
6823.0,1
6825.0,1
6827.0,2
6829.0,2
6831.0,1
6833.0,0
6835.0,0
6837.0,0
6839.0,1
6841.0,2
6843.0,1
6845.0,1
6847.0,4
6849.0,4
6851.0,2
6853.0,1
6855.0,2
6857.0,0
6859.0,2
6861.0,0
6863.0,3
6865.0,2
6867.0,5
6869.0,2
6871.0,0
6873.0,2
6875.0,2
6877.0,3
6879.0,2
6881.0,0
6883.0,1
6885.0,1
6887.0,1
6889.0,1
6891.0,1
6893.0,2
6895.0,3
6897.0,2
6899.0,0
6901.0,2
6903.0,0
6905.0,2
6907.0,0
6909.0,0
6911.0,2
6913.0,1
6915.0,2
6917.0,0
6919.0,1
6921.0,0
6923.0,2
6925.0,0
6927.0,2
6929.0,1
6931.0,1
6933.0,2
6935.0,1
6937.0,1
6939.0,2
6941.0,1
6943.0,1
6945.0,2
6947.0,1
6949.0,2
6951.0,0
6953.0,1
6955.0,2
6957.0,0
6959.0,4
6961.0,0
6963.0,2
6965.0,1
6967.0,1
6969.0,2
6971.0,0
6973.0,0
6975.0,0
6977.0,2
6979.0,2
6981.0,2
6983.0,1
6985.0,2
6987.0,0
6989.0,0
6991.0,0
6993.0,1
6995.0,0
6997.0,0
6999.0,1
7001.0,1
7003.0,0
7005.0,1
7007.0,0
7009.0,1
7011.0,1
7013.0,2
7015.0,0
7017.0,1
7019.0,0
7021.0,1
7023.0,1
7025.0,2
7027.0,1
7029.0,0
7031.0,1
7033.0,0
7035.0,0
7037.0,2
7039.0,0
7041.0,0
7043.0,2
7045.0,2
7047.0,0
7049.0,1
7051.0,1
7053.0,1
7055.0,1
7057.0,1
7059.0,0
7061.0,2
7063.0,0
7065.0,0
7067.0,2
7069.0,0
7071.0,0
7073.0,3
7075.0,2
7077.0,1
7079.0,1
7081.0,1
7083.0,0
7085.0,3
7087.0,1
7089.0,3
7091.0,1
7093.0,2
7095.0,2
7097.0,0
7099.0,2
7101.0,2
7103.0,0
7105.0,1
7107.0,1
7109.0,0
7111.0,0
7113.0,0
7115.0,0
7117.0,0
7119.0,0
7121.0,0
7123.0,1
7125.0,0
7127.0,2
7129.0,2
7131.0,1
7133.0,0
7135.0,1
7137.0,0
7139.0,1
7141.0,0
7143.0,1
7145.0,0
7147.0,1
7149.0,0
7151.0,0
7153.0,1
7155.0,1
7157.0,2
7159.0,0
7161.0,1
7163.0,1
7165.0,1
7167.0,0
7169.0,2
7171.0,0
7173.0,1
7175.0,2
7177.0,0
7179.0,0
7181.0,0
7183.0,2
7185.0,3
7187.0,0
7189.0,0
7191.0,0
7193.0,2
7195.0,1
7197.0,3
7199.0,3
7201.0,2
7203.0,2
7205.0,2
7207.0,0
7209.0,1
7211.0,1
7213.0,1
7215.0,1
7217.0,1
7219.0,1
7221.0,2
7223.0,3
7225.0,1
7227.0,0
7229.0,2
7231.0,0
7233.0,3
7235.0,0
7237.0,1
7239.0,1
7241.0,0
7243.0,1
7245.0,3
7247.0,1
7249.0,0
7251.0,2
7253.0,2
7255.0,0
7257.0,2
7259.0,3
7261.0,2
7263.0,3
7265.0,0
7267.0,1
7269.0,1
7271.0,0
7273.0,1
7275.0,1
7277.0,1
7279.0,0
7281.0,1
7283.0,0
7285.0,1
7287.0,0
7289.0,0
7291.0,1
7293.0,0
7295.0,0
7297.0,2
7299.0,0
7301.0,0
7303.0,1
7305.0,2
7307.0,1
7309.0,1
7311.0,1
7313.0,0
7315.0,1
7317.0,0
7319.0,0
7321.0,1
7323.0,1
7325.0,1
7327.0,1
7329.0,1
7331.0,2
7333.0,0
7335.0,1
7337.0,0
7339.0,1
7341.0,0
7343.0,4
7345.0,2
7347.0,0
7349.0,3
7351.0,1
7353.0,0
7355.0,2
7357.0,1
7359.0,2
7361.0,2
7363.0,0
7365.0,0
7367.0,0
7369.0,2
7371.0,0
7373.0,1
7375.0,1
7377.0,0
7379.0,3
7381.0,1
7383.0,1
7385.0,2
7387.0,0
7389.0,1
7391.0,2
7393.0,1
7395.0,0
7397.0,0
7399.0,1
7401.0,0
7403.0,2
7405.0,0
7407.0,1
7409.0,0
7411.0,0
7413.0,0
7415.0,2
7417.0,0
7419.0,1
7421.0,1
7423.0,1
7425.0,1
7427.0,0
7429.0,1
7431.0,0
7433.0,2
7435.0,1
7437.0,0
7439.0,1
7441.0,1
7443.0,2
7445.0,1
7447.0,1
7449.0,0
7451.0,1
7453.0,1
7455.0,1
7457.0,2
7459.0,0
7461.0,1
7463.0,2
7465.0,0
7467.0,1
7469.0,1
7471.0,0
7473.0,2
7475.0,1
7477.0,2
7479.0,1
7481.0,0
7483.0,2
7485.0,2
7487.0,1
7489.0,0
7491.0,1
7493.0,2
7495.0,1
7497.0,2
7499.0,3
7501.0,1
7503.0,0
7505.0,4
7507.0,1
7509.0,2
7511.0,3
7513.0,0
7515.0,2
7517.0,0
7519.0,0
7521.0,2
7523.0,0
7525.0,1
7527.0,2
7529.0,0
7531.0,0
7533.0,1
7535.0,0
7537.0,1
7539.0,1
7541.0,0
7543.0,0
7545.0,1
7547.0,3
7549.0,1
7551.0,1
7553.0,0
7555.0,0
7557.0,2
7559.0,2
7561.0,1
7563.0,0
7565.0,1
7567.0,0
7569.0,2
7571.0,0
7573.0,1
7575.0,1
7577.0,1
7579.0,0
7581.0,0
7583.0,4
7585.0,1
7587.0,0
7589.0,0
7591.0,1
7593.0,0
7595.0,1
7597.0,0
7599.0,0
7601.0,1
7603.0,0
7605.0,2
7607.0,1
7609.0,0
7611.0,0
7613.0,2
7615.0,0
7617.0,0
7619.0,0
7621.0,2
7623.0,0
7625.0,0
7627.0,0
7629.0,0
7631.0,0
7633.0,3
7635.0,0
7637.0,2
7639.0,3
7641.0,0
7643.0,0
7645.0,1
7647.0,0
7649.0,0
7651.0,0
7653.0,0
7655.0,0
7657.0,2
7659.0,0
7661.0,0
7663.0,1
7665.0,1
7667.0,0
7669.0,0
7671.0,0
7673.0,1
7675.0,1
7677.0,0
7679.0,0
7681.0,0
7683.0,1
7685.0,2
7687.0,0
7689.0,0
7691.0,0
7693.0,0
7695.0,2
7697.0,0
7699.0,0
7701.0,0
7703.0,2
7705.0,1
7707.0,1
7709.0,1
7711.0,0
7713.0,0
7715.0,1
7717.0,1
7719.0,1
7721.0,1
7723.0,2
7725.0,1
7727.0,0
7729.0,0
7731.0,1
7733.0,0
7735.0,1
7737.0,1
7739.0,1
7741.0,0
7743.0,0
7745.0,0
7747.0,0
7749.0,1
7751.0,1
7753.0,0
7755.0,0
7757.0,0
7759.0,0
7761.0,2
7763.0,0
7765.0,1
7767.0,0
7769.0,0
7771.0,2
7773.0,0
7775.0,0
7777.0,0
7779.0,1
7781.0,1
7783.0,1
7785.0,1
7787.0,0
7789.0,1
7791.0,0
7793.0,0
7795.0,1
7797.0,0
7799.0,1
7801.0,3
7803.0,0
7805.0,0
7807.0,1
7809.0,1
7811.0,1
7813.0,1
7815.0,0
7817.0,0
7819.0,1
7821.0,1
7823.0,3
7825.0,1
7827.0,1
7829.0,2
7831.0,0
7833.0,0
7835.0,0
7837.0,1
7839.0,0
7841.0,1
7843.0,0
7845.0,3
7847.0,2
7849.0,1
7851.0,1
7853.0,3
7855.0,0
7857.0,0
7859.0,1
7861.0,1
7863.0,0
7865.0,0
7867.0,0
7869.0,0
7871.0,0
7873.0,0
7875.0,1
7877.0,1
7879.0,1
7881.0,1
7883.0,2
7885.0,0
7887.0,1
7889.0,0
7891.0,1
7893.0,0
7895.0,1
7897.0,0
7899.0,2
7901.0,4
7903.0,0
7905.0,0
7907.0,0
7909.0,0
7911.0,0
7913.0,0
7915.0,0
7917.0,0
7919.0,0
7921.0,0
7923.0,0
7925.0,0
7927.0,2
7929.0,0
7931.0,1
7933.0,1
7935.0,0
7937.0,1
7939.0,0
7941.0,0
7943.0,0
7945.0,1
7947.0,1
7949.0,1
7951.0,0
7953.0,1
7955.0,0
7957.0,0
7959.0,0
7961.0,0
7963.0,0
7965.0,1
7967.0,2
7969.0,0
7971.0,1
7973.0,1
7975.0,1
7977.0,0
7979.0,1
7981.0,0
7983.0,1
7985.0,0
7987.0,0
7989.0,1
7991.0,0
7993.0,0
7995.0,1
7997.0,0
7999.0,1
8001.0,0
8003.0,0
8005.0,0
8007.0,0
8009.0,0
8011.0,2
8013.0,0
8015.0,0
8017.0,1
8019.0,0
8021.0,2
8023.0,2
8025.0,3
8027.0,2
8029.0,0
8031.0,1
8033.0,2
8035.0,1
8037.0,1
8039.0,1
8041.0,1
8043.0,1
8045.0,1
8047.0,1
8049.0,3
8051.0,3
8053.0,1
8055.0,2
8057.0,1
8059.0,0
8061.0,1
8063.0,2
8065.0,0
8067.0,0
8069.0,0
8071.0,0
8073.0,1
8075.0,0
8077.0,1
8079.0,3
8081.0,1
8083.0,0
8085.0,1
8087.0,1
8089.0,3
8091.0,0
8093.0,0
8095.0,1
8097.0,0
8099.0,0
8101.0,1
8103.0,1
8105.0,0
8107.0,0
8109.0,1
8111.0,1
8113.0,2
8115.0,0
8117.0,0
8119.0,2
8121.0,1
8123.0,1
8125.0,1
8127.0,0
8129.0,0
8131.0,0
8133.0,0
8135.0,1
8137.0,1
8139.0,0
8141.0,2
8143.0,1
8145.0,1
8147.0,1
8149.0,0
8151.0,3
8153.0,1
8155.0,1
8157.0,0
8159.0,0
8161.0,1
8163.0,0
8165.0,0
8167.0,0
8169.0,0
8171.0,1
8173.0,0
8175.0,0
8177.0,0
8179.0,1
8181.0,0
8183.0,1
8185.0,0
8187.0,1
8189.0,1
8191.0,0
8193.0,0
8195.0,1
8197.0,0
8199.0,0
8201.0,0
8203.0,0
8205.0,1
8207.0,0
8209.0,1
8211.0,2
8213.0,0
8215.0,0
8217.0,1
8219.0,1
8221.0,0
8223.0,0
8225.0,0
8227.0,0
8229.0,1
8231.0,0
8233.0,0
8235.0,0
8237.0,2
8239.0,0
8241.0,2
8243.0,1
8245.0,1
8247.0,1
8249.0,0
8251.0,0
8253.0,0
8255.0,0
8257.0,0
8259.0,0
8261.0,0
8263.0,0
8265.0,1
8267.0,1
8269.0,1
8271.0,0
8273.0,1
8275.0,1
8277.0,0
8279.0,0
8281.0,1
8283.0,1
8285.0,0
8287.0,1
8289.0,0
8291.0,1
8293.0,0
8295.0,0
8297.0,3
8299.0,0
8301.0,0
8303.0,2
8305.0,2
8307.0,0
8309.0,0
8311.0,2
8313.0,0
8315.0,0
8317.0,2
8319.0,1
8321.0,0
8323.0,0
8325.0,1
8327.0,0
8329.0,0
8331.0,1
8333.0,0
8335.0,1
8337.0,0
8339.0,0
8341.0,0
8343.0,0
8345.0,1
8347.0,0
8349.0,0
8351.0,0
8353.0,3
8355.0,1
8357.0,0
8359.0,0
8361.0,0
8363.0,1
8365.0,0
8367.0,0
8369.0,0
8371.0,0
8373.0,0
8375.0,1
8377.0,0
8379.0,0
8381.0,1
8383.0,1
8385.0,1
8387.0,2
8389.0,0
8391.0,0
8393.0,0
8395.0,0
8397.0,1
8399.0,0
8401.0,0
8403.0,0
8405.0,0
8407.0,0
8409.0,1
8411.0,1
8413.0,0
8415.0,0
8417.0,1
8419.0,1
8421.0,1
8423.0,0
8425.0,0
8427.0,1
8429.0,0
8431.0,0
8433.0,0
8435.0,0
8437.0,3
8439.0,0
8441.0,0
8443.0,0
8445.0,1
8447.0,1
8449.0,0
8451.0,2
8453.0,0
8455.0,1
8457.0,0
8459.0,0
8461.0,0
8463.0,0
8465.0,1
8467.0,1
8469.0,0
8471.0,0
8473.0,1
8475.0,0
8477.0,0
8479.0,0
8481.0,1
8483.0,0
8485.0,1
8487.0,0
8489.0,1
8491.0,0
8493.0,1
8495.0,1
8497.0,0
8499.0,1
8501.0,0
8503.0,0
8505.0,1
8507.0,0
8509.0,0
8511.0,1
8513.0,0
8515.0,0
8517.0,2
8519.0,0
8521.0,1
8523.0,1
8525.0,1
8527.0,1
8529.0,2
8531.0,3
8533.0,0
8535.0,1
8537.0,2
8539.0,1
8541.0,4
8543.0,5
8545.0,1
8547.0,0
8549.0,2
8551.0,3
8553.0,0
8555.0,3
8557.0,0
8559.0,0
8561.0,0
8563.0,3
8565.0,0
8567.0,0
8569.0,1
8571.0,2
8573.0,2
8575.0,1
8577.0,2
8579.0,1
8581.0,1
8583.0,0
8585.0,0
8587.0,1
8589.0,1
8591.0,1
8593.0,0
8595.0,1
8597.0,1
8599.0,0
8601.0,0
8603.0,3
8605.0,0
8607.0,3
8609.0,1
8611.0,0
8613.0,0
8615.0,0
8617.0,1
8619.0,1
8621.0,1
8623.0,2
8625.0,2
8627.0,0
8629.0,3
8631.0,3
8633.0,2
8635.0,2
8637.0,1
8639.0,0
8641.0,0
8643.0,0
8645.0,0
8647.0,0
8649.0,1
8651.0,1
8653.0,2
8655.0,1
8657.0,0
8659.0,2
8661.0,0
8663.0,0
8665.0,1
8667.0,1
8669.0,2
8671.0,2
8673.0,0
8675.0,1
8677.0,1
8679.0,0
8681.0,1
8683.0,1
8685.0,1
8687.0,1
8689.0,3
8691.0,1
8693.0,1
8695.0,2
8697.0,1
8699.0,0
8701.0,0
8703.0,1
8705.0,1
8707.0,0
8709.0,0
8711.0,1
8713.0,1
8715.0,1
8717.0,0
8719.0,2
8721.0,1
8723.0,2
8725.0,2
8727.0,3
8729.0,0
8731.0,1
8733.0,3
8735.0,2
8737.0,1
8739.0,1
8741.0,3
8743.0,2
8745.0,1
8747.0,2
8749.0,2
8751.0,1
8753.0,1
8755.0,1
8757.0,1
8759.0,3
8761.0,1
8763.0,1
8765.0,0
8767.0,0
8769.0,1
8771.0,6
8773.0,4
8775.0,6
8777.0,7
8779.0,11
8781.0,8
8783.0,5
8785.0,4
8787.0,4
8789.0,5
8791.0,0
8793.0,1
8795.0,1
8797.0,0
8799.0,1
8801.0,0
8803.0,0
8805.0,0
8807.0,1
8809.0,0
8811.0,0
8813.0,1
8815.0,1
8817.0,0
8819.0,1
8821.0,0
8823.0,0
8825.0,1
8827.0,0
8829.0,0
8831.0,0
8833.0,0
8835.0,0
8837.0,0
8839.0,0
8841.0,0
8843.0,0
8845.0,0
8847.0,3
8849.0,1
8851.0,0
8853.0,1
8855.0,1
8857.0,0
8859.0,0
8861.0,0
8863.0,0
8865.0,0
8867.0,0
8869.0,2
8871.0,0
8873.0,0
8875.0,0
8877.0,1
8879.0,1
8881.0,1
8883.0,1
8885.0,0
8887.0,1
8889.0,0
8891.0,0
8893.0,0
8895.0,0
8897.0,1
8899.0,1
8901.0,2
8903.0,2
8905.0,0
8907.0,1
8909.0,0
8911.0,0
8913.0,0
8915.0,0
8917.0,0
8919.0,1
8921.0,1
8923.0,1
8925.0,2
8927.0,3
8929.0,7
8931.0,5
8933.0,5
8935.0,1
8937.0,0
8939.0,4
8941.0,0
8943.0,1
8945.0,1
8947.0,0
8949.0,1
8951.0,2
8953.0,1
8955.0,0
8957.0,0
8959.0,0
8961.0,1
8963.0,2
8965.0,1
8967.0,2
8969.0,0
8971.0,0
8973.0,0
8975.0,0
8977.0,0
8979.0,0
8981.0,1
8983.0,1
8985.0,0
8987.0,0
8989.0,0
8991.0,0
8993.0,0
8995.0,0
8997.0,2
8999.0,3
9001.0,0
9003.0,2
9005.0,1
9007.0,0
9009.0,3
9011.0,2
9013.0,1
9015.0,1
9017.0,1
9019.0,2
9021.0,1
9023.0,1
9025.0,2
9027.0,1
9029.0,0
9031.0,1
9033.0,0
9035.0,0
9037.0,0
9039.0,1
9041.0,0
9043.0,1
9045.0,1
9047.0,1
9049.0,1
9051.0,0
9053.0,1
9055.0,1
9057.0,0
9059.0,1
9061.0,0
9063.0,0
9065.0,0
9067.0,0
9069.0,0
9071.0,0
9073.0,0
9075.0,2
9077.0,1
9079.0,1
9081.0,0
9083.0,1
9085.0,1
9087.0,0
9089.0,0
9091.0,3
9093.0,0
9095.0,0
9097.0,1
9099.0,0
9101.0,0
9103.0,0
9105.0,0
9107.0,0
9109.0,0
9111.0,0
9113.0,1
9115.0,2
9117.0,0
9119.0,0
9121.0,0
9123.0,1
9125.0,1
9127.0,0
9129.0,1
9131.0,2
9133.0,1
9135.0,0
9137.0,0
9139.0,0
9141.0,0
9143.0,1
9145.0,0
9147.0,0
9149.0,0
9151.0,2
9153.0,1
9155.0,0
9157.0,0
9159.0,1
9161.0,0
9163.0,0
9165.0,0
9167.0,0
9169.0,1
9171.0,0
9173.0,3
9175.0,1
9177.0,0
9179.0,1
9181.0,0
9183.0,0
9185.0,2
9187.0,0
9189.0,2
9191.0,2
9193.0,0
9195.0,0
9197.0,0
9199.0,1
9201.0,0
9203.0,0
9205.0,0
9207.0,1
9209.0,0
9211.0,0
9213.0,0
9215.0,0
9217.0,1
9219.0,1
9221.0,0
9223.0,0
9225.0,0
9227.0,0
9229.0,1
9231.0,1
9233.0,1
9235.0,0
9237.0,0
9239.0,0
9241.0,0
9243.0,0
9245.0,0
9247.0,0
9249.0,0
9251.0,1
9253.0,0
9255.0,1
9257.0,1
9259.0,0
9261.0,0
9263.0,1
9265.0,0
9267.0,0
9269.0,0
9271.0,0
9273.0,1
9275.0,0
9277.0,0
9279.0,0
9281.0,1
9283.0,0
9285.0,2
9287.0,1
9289.0,0
9291.0,0
9293.0,0
9295.0,0
9297.0,0
9299.0,1
9301.0,0
9303.0,0
9305.0,0
9307.0,0
9309.0,0
9311.0,0
9313.0,1
9315.0,1
9317.0,0
9319.0,0
9321.0,1
9323.0,0
9325.0,0
9327.0,1
9329.0,2
9331.0,1
9333.0,1
9335.0,0
9337.0,0
9339.0,0
9341.0,1
9343.0,0
9345.0,1
9347.0,0
9349.0,2
9351.0,1
9353.0,0
9355.0,0
9357.0,2
9359.0,2
9361.0,0
9363.0,1
9365.0,1
9367.0,0
9369.0,0
9371.0,1
9373.0,0
9375.0,3
9377.0,0
9379.0,2
9381.0,1
9383.0,1
9385.0,0
9387.0,0
9389.0,1
9391.0,0
9393.0,1
9395.0,0
9397.0,2
9399.0,0
9401.0,4
9403.0,0
9405.0,3
9407.0,0
9409.0,0
9411.0,0
9413.0,3
9415.0,3
9417.0,3
9419.0,2
9421.0,3
9423.0,1
9425.0,1
9427.0,1
9429.0,1
9431.0,0
9433.0,0
9435.0,1
9437.0,0
9439.0,0
9441.0,0
9443.0,0
9445.0,1
9447.0,1
9449.0,0
9451.0,1
9453.0,0
9455.0,0
9457.0,1
9459.0,0
9461.0,0
9463.0,1
9465.0,2
9467.0,0
9469.0,1
9471.0,0
9473.0,1
9475.0,1
9477.0,1
9479.0,0
9481.0,1
9483.0,1
9485.0,0
9487.0,0
9489.0,0
9491.0,2
9493.0,0
9495.0,0
9497.0,1
9499.0,0
9501.0,0
9503.0,0
9505.0,0
9507.0,0
9509.0,0
9511.0,1
9513.0,1
9515.0,1
9517.0,2
9519.0,0
9521.0,0
9523.0,1
9525.0,1
9527.0,0
9529.0,2
9531.0,3
9533.0,0
9535.0,4
9537.0,0
9539.0,0
9541.0,1
9543.0,0
9545.0,2
9547.0,0
9549.0,0
9551.0,0
9553.0,0
9555.0,0
9557.0,3
9559.0,2
9561.0,1
9563.0,0
9565.0,1
9567.0,2
9569.0,1
9571.0,0
9573.0,0
9575.0,2
9577.0,0
9579.0,0
9581.0,1
9583.0,0
9585.0,0
9587.0,0
9589.0,0
9591.0,0
9593.0,0
9595.0,1
9597.0,0
9599.0,0
9601.0,0
9603.0,2
9605.0,1
9607.0,3
9609.0,4
9611.0,0
9613.0,1
9615.0,0
9617.0,0
9619.0,2
9621.0,1
9623.0,2
9625.0,1
9627.0,0
9629.0,0
9631.0,0
9633.0,2
9635.0,2
9637.0,3
9639.0,3
9641.0,3
9643.0,4
9645.0,3
9647.0,3
9649.0,1
9651.0,1
9653.0,1
9655.0,4
9657.0,2
9659.0,0
9661.0,2
9663.0,1
9665.0,1
9667.0,1
9669.0,2
9671.0,4
9673.0,6
9675.0,4
9677.0,6
9679.0,7
9681.0,3
9683.0,2
9685.0,4
9687.0,0
9689.0,2
9691.0,2
9693.0,1
9695.0,0
9697.0,2
9699.0,0
9701.0,0
9703.0,0
9705.0,0
9707.0,2
9709.0,3
9711.0,0
9713.0,0
9715.0,1
9717.0,0
9719.0,0
9721.0,0
9723.0,1
9725.0,2
9727.0,0
9729.0,1
9731.0,0
9733.0,0
9735.0,0
9737.0,0
9739.0,1
9741.0,0
9743.0,0
9745.0,0
9747.0,0
9749.0,0
9751.0,1
9753.0,1
9755.0,0
9757.0,1
9759.0,1
9761.0,0
9763.0,0
9765.0,0
9767.0,0
9769.0,1
9771.0,0
9773.0,0
9775.0,1
9777.0,0
9779.0,0
9781.0,0
9783.0,0
9785.0,1
9787.0,0
9789.0,1
9791.0,2
9793.0,0
9795.0,0
9797.0,1
9799.0,0
9801.0,0
9803.0,0
9805.0,0
9807.0,0
9809.0,2
9811.0,2
9813.0,2
9815.0,3
9817.0,0
9819.0,1
9821.0,0
9823.0,0
9825.0,0
9827.0,2
9829.0,1
9831.0,1
9833.0,1
9835.0,0
9837.0,0
9839.0,0
9841.0,0
9843.0,1
9845.0,3
9847.0,1
9849.0,0
9851.0,0
9853.0,1
9855.0,1
9857.0,0
9859.0,0
9861.0,0
9863.0,0
9865.0,0
9867.0,0
9869.0,0
9871.0,1
9873.0,1
9875.0,0
9877.0,1
9879.0,1
9881.0,1
9883.0,0
9885.0,0
9887.0,2
9889.0,1
9891.0,0
9893.0,0
9895.0,0
9897.0,0
9899.0,0
9901.0,0
9903.0,0
9905.0,1
9907.0,0
9909.0,0
9911.0,1
9913.0,0
9915.0,2
9917.0,2
9919.0,0
9921.0,1
9923.0,0
9925.0,0
9927.0,0
9929.0,1
9931.0,1
9933.0,0
9935.0,0
9937.0,1
9939.0,0
9941.0,1
9943.0,0
9945.0,2
9947.0,0
9949.0,1
9951.0,1
9953.0,3
9955.0,1
9957.0,0
9959.0,3
9961.0,0
9963.0,2
9965.0,0
9967.0,1
9969.0,0
9971.0,0
9973.0,0
9975.0,5
9977.0,0
9979.0,1
9981.0,0
9983.0,0
9985.0,3
9987.0,0
9989.0,1
9991.0,1
9993.0,0
9995.0,0
9997.0,0
9999.0,0
10001.0,0
10003.0,1
10005.0,0
10007.0,2
10009.0,0
10011.0,1
10013.0,1
10015.0,0
10017.0,0
10019.0,1
10021.0,1
10023.0,0
10025.0,1
10027.0,0
10029.0,0
10031.0,1
10033.0,0
10035.0,1
10037.0,0
10039.0,0
10041.0,0
10043.0,0
10045.0,0
10047.0,1
10049.0,0
10051.0,0
10053.0,0
10055.0,0
10057.0,2
10059.0,1
10061.0,1
10063.0,0
10065.0,1
10067.0,1
10069.0,2
10071.0,2
10073.0,0
10075.0,1
10077.0,2
10079.0,2
10081.0,0
10083.0,1
10085.0,0
10087.0,0
10089.0,1
10091.0,1
10093.0,2
10095.0,2
10097.0,0
10099.0,1
10101.0,1
10103.0,0
10105.0,0
10107.0,0
10109.0,0
10111.0,0
10113.0,0
10115.0,1
10117.0,1
10119.0,1
10121.0,1
10123.0,1
10125.0,0
10127.0,1
10129.0,2
10131.0,2
10133.0,0
10135.0,1
10137.0,2
10139.0,0
10141.0,0
10143.0,0
10145.0,2
10147.0,1
10149.0,0
10151.0,1
10153.0,1
10155.0,0
10157.0,0
10159.0,2
10161.0,0
10163.0,1
10165.0,1
10167.0,1
10169.0,2
10171.0,0
10173.0,2
10175.0,0
10177.0,0
10179.0,0
10181.0,1
10183.0,0
10185.0,1
10187.0,1
10189.0,0
10191.0,0
10193.0,0
10195.0,2
10197.0,0
10199.0,0
10201.0,0
10203.0,0
10205.0,0
10207.0,1
10209.0,2
10211.0,1
10213.0,0
10215.0,0
10217.0,0
10219.0,2
10221.0,1
10223.0,0
10225.0,0
10227.0,1
10229.0,2
10231.0,2
10233.0,0
10235.0,0
10237.0,0
10239.0,1
10241.0,2
10243.0,0
10245.0,1
10247.0,3
10249.0,2
10251.0,2
10253.0,1
10255.0,3
10257.0,0
10259.0,4
10261.0,1
10263.0,1
10265.0,2
10267.0,1
10269.0,1
10271.0,2
10273.0,0
10275.0,4
10277.0,1
10279.0,0
10281.0,0
10283.0,1
10285.0,1
10287.0,1
10289.0,1
10291.0,2
10293.0,1
10295.0,1
10297.0,0
10299.0,0
10301.0,2
10303.0,4
10305.0,3
10307.0,1
10309.0,0
10311.0,0
10313.0,0
10315.0,2
10317.0,2
10319.0,5
10321.0,1
10323.0,1
10325.0,1
10327.0,1
10329.0,0
10331.0,1
10333.0,3
10335.0,2
10337.0,0
10339.0,1
10341.0,0
10343.0,2
10345.0,0
10347.0,1
10349.0,1
10351.0,3
10353.0,3
10355.0,1
10357.0,1
10359.0,2
10361.0,2
10363.0,0
10365.0,0
10367.0,1
10369.0,2
10371.0,2
10373.0,0
10375.0,2
10377.0,1
10379.0,0
10381.0,1
10383.0,4
10385.0,7
10387.0,2
10389.0,3
10391.0,0
10393.0,2
10395.0,3
10397.0,3
10399.0,2
10401.0,5
10403.0,1
10405.0,2
10407.0,3
10409.0,1
10411.0,3
10413.0,2
10415.0,2
10417.0,3
10419.0,3
10421.0,1
10423.0,7
10425.0,3
10427.0,1
10429.0,0
10431.0,0
10433.0,1
10435.0,7
10437.0,7
10439.0,4
10441.0,2
10443.0,3
10445.0,2
10447.0,4
10449.0,3
10451.0,4
10453.0,6
10455.0,8
10457.0,3
10459.0,4
10461.0,2
10463.0,3
10465.0,0
10467.0,1
10469.0,1
10471.0,1
10473.0,4
10475.0,2
10477.0,2
10479.0,4
10481.0,1
10483.0,4
10485.0,1
10487.0,3
10489.0,4
10491.0,1
10493.0,1
10495.0,3
10497.0,5
10499.0,7
10501.0,4
10503.0,2
10505.0,15
10507.0,11
10509.0,17
10511.0,10
10513.0,12
10515.0,5
10517.0,8
10519.0,7
10521.0,5
10523.0,4
10525.0,5
10527.0,3
10529.0,6
10531.0,3
10533.0,2
10535.0,1
10537.0,3
10539.0,2
10541.0,5
10543.0,3
10545.0,1
10547.0,1
10549.0,0
10551.0,4
10553.0,1
10555.0,0
10557.0,2
10559.0,1
10561.0,2
10563.0,0
10565.0,1
10567.0,0
10569.0,0
10571.0,1
10573.0,0
10575.0,0
10577.0,1
10579.0,1
10581.0,1
10583.0,0
10585.0,2
10587.0,1
10589.0,1
10591.0,1
10593.0,0
10595.0,0
10597.0,1
10599.0,0
10601.0,1
10603.0,0
10605.0,0
10607.0,0
10609.0,0
10611.0,2
10613.0,1
10615.0,0
10617.0,0
10619.0,1
10621.0,0
10623.0,1
10625.0,1
10627.0,1
10629.0,0
10631.0,1
10633.0,0
10635.0,2
10637.0,0
10639.0,0
10641.0,3
10643.0,0
10645.0,0
10647.0,0
10649.0,0
10651.0,1
10653.0,1
10655.0,2
10657.0,0
10659.0,1
10661.0,2
10663.0,2
10665.0,1
10667.0,0
10669.0,1
10671.0,2
10673.0,1
10675.0,1
10677.0,0
10679.0,6
10681.0,2
10683.0,1
10685.0,1
10687.0,2
10689.0,2
10691.0,0
10693.0,0
10695.0,1
10697.0,0
10699.0,3
10701.0,1
10703.0,0
10705.0,1
10707.0,0
10709.0,1
10711.0,0
10713.0,0
10715.0,1
10717.0,2
10719.0,2
10721.0,0
10723.0,0
10725.0,0
10727.0,2
10729.0,2
10731.0,0
10733.0,0
10735.0,0
10737.0,0
10739.0,0
10741.0,0
10743.0,0
10745.0,0
10747.0,0
10749.0,0
10751.0,1
10753.0,0
10755.0,0
10757.0,1
10759.0,1
10761.0,0
10763.0,0
10765.0,1
10767.0,2
10769.0,0
10771.0,0
10773.0,1
10775.0,0
10777.0,0
10779.0,1
10781.0,2
10783.0,1
10785.0,0
10787.0,0
10789.0,0
10791.0,0
10793.0,1
10795.0,0
10797.0,1
10799.0,2
10801.0,0
10803.0,0
10805.0,1
10807.0,0
10809.0,0
10811.0,0
10813.0,0
10815.0,2
10817.0,0
10819.0,0
10821.0,0
10823.0,0
10825.0,2
10827.0,0
10829.0,0
10831.0,0
10833.0,0
10835.0,0
10837.0,1
10839.0,0
10841.0,0
10843.0,0
10845.0,0
10847.0,0
10849.0,0
10851.0,1
10853.0,0
10855.0,0
10857.0,0
10859.0,1
10861.0,0
10863.0,2
10865.0,2
10867.0,2
10869.0,2
10871.0,1
10873.0,2
10875.0,0
10877.0,0
10879.0,1
10881.0,0
10883.0,0
10885.0,1
10887.0,2
10889.0,0
10891.0,0
10893.0,0
10895.0,0
10897.0,1
10899.0,1
10901.0,0
10903.0,1
10905.0,1
10907.0,1
10909.0,1
10911.0,2
10913.0,0
10915.0,1
10917.0,1
10919.0,1
10921.0,1
10923.0,0
10925.0,1
10927.0,0
10929.0,2
10931.0,0
10933.0,2
10935.0,2
10937.0,2
10939.0,0
10941.0,0
10943.0,1
10945.0,0
10947.0,0
10949.0,0
10951.0,1
10953.0,1
10955.0,1
10957.0,0
10959.0,1
10961.0,1
10963.0,1
10965.0,1
10967.0,1
10969.0,1
10971.0,3
10973.0,1
10975.0,0
10977.0,3
10979.0,0
10981.0,0
10983.0,0
10985.0,1
10987.0,2
10989.0,0
10991.0,0
10993.0,0
10995.0,0
10997.0,0
10999.0,2
11001.0,1
11003.0,0
11005.0,0
11007.0,0
11009.0,0
11011.0,1
11013.0,0
11015.0,1
11017.0,2
11019.0,1
11021.0,0
11023.0,2
11025.0,1
11027.0,2
11029.0,1
11031.0,1
11033.0,2
11035.0,0
11037.0,1
11039.0,1
11041.0,1
11043.0,0
11045.0,0
11047.0,1
11049.0,3
11051.0,0
11053.0,0
11055.0,0
11057.0,0
11059.0,1
11061.0,0
11063.0,1
11065.0,0
11067.0,0
11069.0,2
11071.0,1
11073.0,1
11075.0,1
11077.0,2
11079.0,0
11081.0,1
11083.0,0
11085.0,1
11087.0,0
11089.0,2
11091.0,0
11093.0,1
11095.0,1
11097.0,0
11099.0,1
11101.0,0
11103.0,1
11105.0,0
11107.0,1
11109.0,1
11111.0,0
11113.0,0
11115.0,0
11117.0,0
11119.0,0
11121.0,0
11123.0,2
11125.0,2
11127.0,4
11129.0,1
11131.0,0
11133.0,0
11135.0,0
11137.0,2
11139.0,2
11141.0,2
11143.0,0
11145.0,1
11147.0,0
11149.0,1
11151.0,1
11153.0,2
11155.0,4
11157.0,0
11159.0,1
11161.0,0
11163.0,0
11165.0,1
11167.0,0
11169.0,1
11171.0,1
11173.0,1
11175.0,1
11177.0,0
11179.0,2
11181.0,0
11183.0,0
11185.0,0
11187.0,0
11189.0,1
11191.0,1
11193.0,1
11195.0,0
11197.0,0
11199.0,0
11201.0,1
11203.0,1
11205.0,0
11207.0,0
11209.0,0
11211.0,0
11213.0,0
11215.0,1
11217.0,1
11219.0,2
11221.0,0
11223.0,1
11225.0,1
11227.0,0
11229.0,0
11231.0,0
11233.0,0
11235.0,1
11237.0,1
11239.0,0
11241.0,0
11243.0,0
11245.0,0
11247.0,1
11249.0,2
11251.0,0
11253.0,0
11255.0,0
11257.0,0
11259.0,0
11261.0,0
11263.0,1
11265.0,1
11267.0,1
11269.0,1
11271.0,1
11273.0,1
11275.0,0
11277.0,2
11279.0,1
11281.0,1
11283.0,2
11285.0,1
11287.0,1
11289.0,1
11291.0,2
11293.0,1
11295.0,0
11297.0,1
11299.0,2
11301.0,1
11303.0,1
11305.0,1
11307.0,0
11309.0,0
11311.0,1
11313.0,0
11315.0,0
11317.0,2
11319.0,0
11321.0,0
11323.0,1
11325.0,0
11327.0,0
11329.0,0
11331.0,1
11333.0,0
11335.0,1
11337.0,0
11339.0,0
11341.0,1
11343.0,2
11345.0,1
11347.0,0
11349.0,0
11351.0,0
11353.0,0
11355.0,0
11357.0,2
11359.0,1
11361.0,0
11363.0,0
11365.0,0
11367.0,0
11369.0,0
11371.0,1
11373.0,1
11375.0,1
11377.0,0
11379.0,0
11381.0,1
11383.0,0
11385.0,1
11387.0,0
11389.0,0
11391.0,0
11393.0,2
11395.0,1
11397.0,0
11399.0,1
11401.0,0
11403.0,2
11405.0,0
11407.0,0
11409.0,0
11411.0,1
11413.0,3
11415.0,1
11417.0,0
11419.0,1
11421.0,1
11423.0,1
11425.0,1
11427.0,1
11429.0,0
11431.0,1
11433.0,0
11435.0,0
11437.0,1
11439.0,0
11441.0,1
11443.0,2
11445.0,2
11447.0,1
11449.0,0
11451.0,0
11453.0,1
11455.0,1
11457.0,1
11459.0,1
11461.0,0
11463.0,1
11465.0,3
11467.0,0
11469.0,1
11471.0,0
11473.0,0
11475.0,2
11477.0,5
11479.0,1
11481.0,3
11483.0,2
11485.0,1
11487.0,1
11489.0,1
11491.0,3
11493.0,0
11495.0,0
11497.0,0
11499.0,3
11501.0,2
11503.0,2
11505.0,2
11507.0,2
11509.0,2
11511.0,1
11513.0,0
11515.0,0
11517.0,0
11519.0,2
11521.0,2
11523.0,1
11525.0,0
11527.0,1
11529.0,2
11531.0,1
11533.0,1
11535.0,1
11537.0,1
11539.0,1
11541.0,1
11543.0,1
11545.0,2
11547.0,2
11549.0,2
11551.0,2
11553.0,4
11555.0,2
11557.0,0
11559.0,1
11561.0,4
11563.0,2
11565.0,1
11567.0,2
11569.0,1
11571.0,1
11573.0,1
11575.0,2
11577.0,0
11579.0,0
11581.0,2
11583.0,2
11585.0,1
11587.0,2
11589.0,4
11591.0,4
11593.0,5
11595.0,2
11597.0,3
11599.0,1
11601.0,1
11603.0,1
11605.0,1
11607.0,1
11609.0,0
11611.0,2
11613.0,0
11615.0,3
11617.0,1
11619.0,2
11621.0,0
11623.0,0
11625.0,2
11627.0,0
11629.0,0
11631.0,1
11633.0,0
11635.0,2
11637.0,1
11639.0,0
11641.0,1
11643.0,2
11645.0,5
11647.0,6
11649.0,0
11651.0,2
11653.0,7
11655.0,4
11657.0,1
11659.0,3
11661.0,1
11663.0,0
11665.0,0
11667.0,0
11669.0,0
11671.0,1
11673.0,1
11675.0,0
11677.0,0
11679.0,0
11681.0,2
11683.0,4
11685.0,1
11687.0,10
11689.0,3
11691.0,8
11693.0,3
11695.0,5
11697.0,6
11699.0,3
11701.0,2
11703.0,0
11705.0,1
11707.0,0
11709.0,0
11711.0,0
11713.0,0
11715.0,2
11717.0,2
11719.0,0
11721.0,2
11723.0,4
11725.0,1
11727.0,5
11729.0,1
11731.0,6
11733.0,2
11735.0,3
11737.0,8
11739.0,3
11741.0,1
11743.0,0
11745.0,1
11747.0,0
11749.0,1
11751.0,2
11753.0,0
11755.0,2
11757.0,0
11759.0,0
11761.0,0
11763.0,2
11765.0,1
11767.0,0
11769.0,1
11771.0,1
11773.0,0
11775.0,1
11777.0,0
11779.0,0
11781.0,0
11783.0,0
11785.0,1
11787.0,0
11789.0,0
11791.0,0
11793.0,0
11795.0,0
11797.0,0
11799.0,1
11801.0,0
11803.0,0
11805.0,1
11807.0,0
11809.0,0
11811.0,1
11813.0,0
11815.0,0
11817.0,1
11819.0,0
11821.0,0
11823.0,0
11825.0,0
11827.0,0
11829.0,0
11831.0,0
11833.0,0
11835.0,0
11837.0,0
11839.0,0
11841.0,1
11843.0,0
11845.0,0
11847.0,0
11849.0,0
11851.0,0
11853.0,0
11855.0,0
11857.0,0
11859.0,0
11861.0,0
11863.0,1
11865.0,0
11867.0,1
11869.0,0
11871.0,0
11873.0,0
11875.0,0
11877.0,0
11879.0,1
11881.0,0
11883.0,0
11885.0,0
11887.0,0
11889.0,0
11891.0,0
11893.0,0
11895.0,0
11897.0,0
11899.0,0
11901.0,0
11903.0,0
11905.0,0
11907.0,0
11909.0,1
11911.0,0
11913.0,0
11915.0,0
11917.0,0
11919.0,0
11921.0,0
11923.0,0
11925.0,0
11927.0,0
11929.0,0
11931.0,0
11933.0,1
11935.0,0
11937.0,0
11939.0,0
11941.0,0
11943.0,1
11945.0,0
11947.0,0
11949.0,0
11951.0,0
11953.0,0
11955.0,1
11957.0,0
11959.0,0
11961.0,1
11963.0,0
11965.0,0
11967.0,1
11969.0,1
11971.0,0
11973.0,0
11975.0,0
11977.0,0
11979.0,0
11981.0,1
11983.0,0
11985.0,0
11987.0,0
11989.0,0
11991.0,0
11993.0,0
11995.0,0
11997.0,0
11999.0,0
12001.0,0
12003.0,0
12005.0,0
12007.0,0
12009.0,0
12011.0,0
12013.0,0
12015.0,0
12017.0,0
12019.0,0
12021.0,1
12023.0,0
12025.0,0
12027.0,0
12029.0,2
12031.0,0
12033.0,0
12035.0,1
12037.0,1
12039.0,0
12041.0,0
12043.0,0
12045.0,0
12047.0,0
12049.0,0
12051.0,0
12053.0,0
12055.0,1
12057.0,0
12059.0,0
12061.0,0
12063.0,0
12065.0,0
12067.0,0
12069.0,1
12071.0,0
12073.0,0
12075.0,0
12077.0,0
12079.0,0
12081.0,1
12083.0,0
12085.0,0
12087.0,0
12089.0,0
12091.0,0
12093.0,0
12095.0,0
12097.0,1
12099.0,0
12101.0,0
12103.0,0
12105.0,0
12107.0,1
12109.0,0
12111.0,0
12113.0,0
12115.0,0
12117.0,0
12119.0,0
12121.0,0
12123.0,0
12125.0,0
12127.0,2
12129.0,1
12131.0,0
12133.0,1
12135.0,0
12137.0,0
12139.0,0
12141.0,0
12143.0,1
12145.0,1
12147.0,0
12149.0,0
12151.0,0
12153.0,0
12155.0,1
12157.0,0
12159.0,1
12161.0,0
12163.0,0
12165.0,0
12167.0,3
12169.0,0
12171.0,0
12173.0,0
12175.0,0
12177.0,0
12179.0,0
12181.0,0
12183.0,0
12185.0,0
12187.0,1
12189.0,2
12191.0,0
12193.0,0
12195.0,0
12197.0,0
12199.0,0
12201.0,1
12203.0,0
12205.0,0
12207.0,0
12209.0,0
12211.0,0
12213.0,0
12215.0,0
12217.0,0
12219.0,0
12221.0,0
12223.0,0
12225.0,0
12227.0,0
12229.0,0
12231.0,0
12233.0,0
12235.0,0
12237.0,0
12239.0,0
12241.0,0
12243.0,0
12245.0,0
12247.0,0
12249.0,1
12251.0,1
12253.0,0
12255.0,0
12257.0,0
12259.0,0
12261.0,1
12263.0,0
12265.0,0
12267.0,1
12269.0,0
12271.0,0
12273.0,0
12275.0,0
12277.0,0
12279.0,0
12281.0,0
12283.0,0
12285.0,1
12287.0,0
12289.0,0
12291.0,2
12293.0,0
12295.0,0
12297.0,0
12299.0,1
12301.0,0
12303.0,0
12305.0,0
12307.0,0
12309.0,0
12311.0,0
12313.0,0
12315.0,0
12317.0,0
12319.0,1
12321.0,0
12323.0,0
12325.0,0
12327.0,1
12329.0,0
12331.0,0
12333.0,0
12335.0,0
12337.0,0
12339.0,0
12341.0,0
12343.0,0
12345.0,0
12347.0,0
12349.0,1
12351.0,0
12353.0,0
12355.0,0
12357.0,0
12359.0,0
12361.0,0
12363.0,0
12365.0,0
12367.0,0
12369.0,0
12371.0,0
12373.0,0
12375.0,0
12377.0,1
12379.0,0
12381.0,2
12383.0,0
12385.0,0
12387.0,0
12389.0,0
12391.0,2
12393.0,0
12395.0,0
12397.0,0
12399.0,0
12401.0,0
12403.0,0
12405.0,1
12407.0,0
12409.0,0
12411.0,0
12413.0,0
12415.0,0
12417.0,0
12419.0,0
12421.0,0
12423.0,0
12425.0,0
12427.0,0
12429.0,0
12431.0,0
12433.0,0
12435.0,0
12437.0,0
12439.0,0
12441.0,0
12443.0,0
12445.0,0
12447.0,0
12449.0,0
12451.0,0
12453.0,0
12455.0,0
12457.0,0
12459.0,0
12461.0,0
12463.0,1
12465.0,0
12467.0,0
12469.0,0
12471.0,0
12473.0,0
12475.0,0
12477.0,1
12479.0,0
12481.0,0
12483.0,0
12485.0,0
12487.0,0
12489.0,0
12491.0,2
12493.0,0
12495.0,0
12497.0,0
12499.0,0
12501.0,0
12503.0,0
12505.0,0
12507.0,0
12509.0,0
12511.0,0
12513.0,0
12515.0,0
12517.0,0
12519.0,0
12521.0,0
12523.0,0
12525.0,0
12527.0,0
12529.0,0
12531.0,0
12533.0,0
12535.0,0
12537.0,0
12539.0,0
12541.0,0
12543.0,0
12545.0,0
12547.0,0
12549.0,0
12551.0,1
12553.0,0
12555.0,1
12557.0,0
12559.0,1
12561.0,0
12563.0,0
12565.0,1
12567.0,0
12569.0,0
12571.0,1
12573.0,0
12575.0,0
12577.0,0
12579.0,0
12581.0,0
12583.0,0
12585.0,1
12587.0,0
12589.0,0
12591.0,0
12593.0,0
12595.0,0
12597.0,1
12599.0,0
12601.0,0
12603.0,0
12605.0,0
12607.0,0
12609.0,1
12611.0,1
12613.0,0
12615.0,0
12617.0,0
12619.0,1
12621.0,0
12623.0,0
12625.0,0
12627.0,1
12629.0,1
12631.0,0
12633.0,0
12635.0,1
12637.0,1
12639.0,0
12641.0,0
12643.0,1
12645.0,0
12647.0,0
12649.0,0
12651.0,0
12653.0,0
12655.0,0
12657.0,0
12659.0,0
12661.0,0
12663.0,0
12665.0,1
12667.0,0
12669.0,1
12671.0,0
12673.0,2
12675.0,2
12677.0,0
12679.0,1
12681.0,0
12683.0,1
12685.0,0
12687.0,0
12689.0,0
12691.0,0
12693.0,2
12695.0,1
12697.0,0
12699.0,0
12701.0,0
12703.0,0
12705.0,0
12707.0,0
12709.0,0
12711.0,0
12713.0,0
12715.0,0
12717.0,0
12719.0,0
12721.0,0
12723.0,0
12725.0,0
12727.0,1
12729.0,0
12731.0,0
12733.0,0
12735.0,0
12737.0,1
12739.0,0
12741.0,0
12743.0,0
12745.0,0
12747.0,0
12749.0,0
12751.0,0
12753.0,0
12755.0,0
12757.0,0
12759.0,0
12761.0,0
12763.0,0
12765.0,0
12767.0,0
12769.0,3
12771.0,2
12773.0,1
12775.0,0
12777.0,0
12779.0,1
12781.0,0
12783.0,0
12785.0,2
12787.0,0
12789.0,0
12791.0,2
12793.0,0
12795.0,1
12797.0,0
12799.0,2
12801.0,0
12803.0,0
12805.0,0
12807.0,0
12809.0,0
12811.0,0
12813.0,1
12815.0,0
12817.0,3
12819.0,1
12821.0,3
12823.0,0
12825.0,1
12827.0,0
12829.0,0
12831.0,0
12833.0,1
12835.0,0
12837.0,0
12839.0,0
12841.0,0
12843.0,0
12845.0,0
12847.0,0
12849.0,0
12851.0,1
12853.0,0
12855.0,0
12857.0,0
12859.0,0
12861.0,2
12863.0,0
12865.0,1
12867.0,0
12869.0,0
12871.0,0
12873.0,0
12875.0,0
12877.0,0
12879.0,0
12881.0,1
12883.0,0
12885.0,0
12887.0,0
12889.0,0
12891.0,0
12893.0,0
12895.0,0
12897.0,0
12899.0,0
12901.0,0
12903.0,0
12905.0,1
12907.0,0
12909.0,0
12911.0,0
12913.0,0
12915.0,0
12917.0,0
12919.0,0
12921.0,1
12923.0,0
12925.0,0
12927.0,0
12929.0,0
12931.0,0
12933.0,0
12935.0,1
12937.0,0
12939.0,0
12941.0,1
12943.0,0
12945.0,0
12947.0,0
12949.0,1
12951.0,1
12953.0,0
12955.0,0
12957.0,0
12959.0,0
12961.0,0
12963.0,0
12965.0,0
12967.0,0
12969.0,0
12971.0,0
12973.0,0
12975.0,0
12977.0,0
12979.0,0
12981.0,0
12983.0,0
12985.0,0
12987.0,0
12989.0,0
12991.0,0
12993.0,0
12995.0,0
12997.0,1
