Bin center (eV),Counts per 2 eV bin
801.0,21
803.0,27
805.0,21
807.0,31
809.0,30
811.0,30
813.0,31
815.0,34
817.0,39
819.0,39
821.0,34
823.0,34
825.0,43
827.0,32
829.0,34
831.0,56
833.0,95
835.0,114
837.0,152
839.0,188
841.0,196
843.0,221
845.0,183
847.0,213
849.0,270
851.0,327
853.0,287
855.0,280
857.0,190
859.0,136
861.0,104
863.0,62
865.0,52
867.0,41
869.0,19
871.0,32
873.0,24
875.0,34
877.0,40
879.0,22
881.0,24
883.0,24
885.0,29
887.0,44
889.0,37
891.0,32
893.0,26
895.0,28
897.0,45
899.0,73
901.0,87
903.0,106
905.0,186
907.0,172
909.0,145
911.0,82
913.0,87
915.0,129
917.0,156
919.0,177
921.0,223
923.0,243
925.0,203
927.0,183
929.0,154
931.0,161
933.0,121
935.0,118
937.0,85
939.0,67
941.0,44
943.0,52
945.0,41
947.0,30
949.0,38
951.0,33
953.0,33
955.0,27
957.0,20
959.0,34
961.0,21
963.0,23
965.0,30
967.0,34
969.0,21
971.0,16
973.0,28
975.0,30
977.0,31
979.0,21
981.0,29
983.0,16
985.0,23
987.0,17
989.0,15
991.0,18
993.0,19
995.0,17
997.0,14
999.0,27
1001.0,19
1003.0,21
1005.0,15
1007.0,20
1009.0,26
1011.0,19
1013.0,15
1015.0,18
1017.0,21
1019.0,17
1021.0,14
1023.0,6
1025.0,16
1027.0,17
1029.0,24
1031.0,37
1033.0,40
1035.0,22
1037.0,21
1039.0,20
1041.0,15
1043.0,16
1045.0,15
1047.0,14
1049.0,12
1051.0,12
1053.0,10
1055.0,12
1057.0,17
1059.0,12
1061.0,11
1063.0,12
1065.0,18
1067.0,7
1069.0,14
1071.0,14
1073.0,15
1075.0,9
1077.0,13
1079.0,19
1081.0,14
1083.0,8
1085.0,15
1087.0,11
1089.0,16
1091.0,12
1093.0,14
1095.0,13
1097.0,12
1099.0,13
1101.0,10
1103.0,12
1105.0,19
1107.0,11
1109.0,9
1111.0,10
1113.0,12
1115.0,17
1117.0,14
1119.0,16
1121.0,15
1123.0,10
1125.0,11
1127.0,11
1129.0,16
1131.0,16
1133.0,11
1135.0,21
1137.0,19
1139.0,16
1141.0,17
1143.0,18
1145.0,23
1147.0,14
1149.0,12
1151.0,10
1153.0,12
1155.0,8
1157.0,14
1159.0,17
1161.0,15
1163.0,22
1165.0,23
1167.0,20
1169.0,17
1171.0,16
1173.0,10
1175.0,19
1177.0,10
1179.0,19
1181.0,17
1183.0,16
1185.0,16
1187.0,11
1189.0,19
1191.0,11
1193.0,19
1195.0,12
1197.0,15
1199.0,12
1201.0,16
1203.0,18
1205.0,20
1207.0,15
1209.0,17
1211.0,11
1213.0,14
1215.0,22
1217.0,13
1219.0,16
1221.0,22
1223.0,22
1225.0,16
1227.0,20
1229.0,17
1231.0,9
1233.0,13
1235.0,19
1237.0,15
1239.0,16
1241.0,19
1243.0,17
1245.0,22
1247.0,19
1249.0,18
1251.0,19
1253.0,12
1255.0,19
1257.0,15
1259.0,18
1261.0,13
1263.0,26
1265.0,20
1267.0,16
1269.0,15
1271.0,20
1273.0,8
1275.0,13
1277.0,26
1279.0,14
1281.0,10
1283.0,16
1285.0,19
1287.0,16
1289.0,25
1291.0,21
1293.0,20
1295.0,20
1297.0,17
1299.0,17
1301.0,19
1303.0,23
1305.0,20
1307.0,33
1309.0,15
1311.0,15
1313.0,19
1315.0,27
1317.0,20
1319.0,18
1321.0,15
1323.0,19
1325.0,22
1327.0,20
1329.0,21
1331.0,13
1333.0,14
1335.0,13
1337.0,9
1339.0,13
1341.0,23
1343.0,17
1345.0,15
1347.0,16
1349.0,24
1351.0,28
1353.0,25
1355.0,22
1357.0,17
1359.0,11
1361.0,19
1363.0,20
1365.0,12
1367.0,12
1369.0,18
1371.0,19
1373.0,21
1375.0,8
1377.0,13
1379.0,18
1381.0,21
1383.0,19
1385.0,26
1387.0,25
1389.0,19
1391.0,20
1393.0,15
1395.0,20
1397.0,14
1399.0,22
1401.0,9
1403.0,11
1405.0,10
1407.0,12
1409.0,14
1411.0,16
1413.0,14
1415.0,19
1417.0,18
1419.0,11
1421.0,19
1423.0,23
1425.0,23
1427.0,15
1429.0,14
1431.0,16
1433.0,12
1435.0,15
1437.0,17
1439.0,14
1441.0,13
1443.0,10
1445.0,13
1447.0,21
1449.0,10
1451.0,14
1453.0,21
1455.0,20
1457.0,15
1459.0,10
1461.0,15
1463.0,20
1465.0,28
1467.0,32
1469.0,38
1471.0,32
1473.0,14
1475.0,28
1477.0,37
1479.0,37
1481.0,18
1483.0,16
1485.0,18
1487.0,18
1489.0,18
1491.0,13
1493.0,18
1495.0,13
1497.0,15
1499.0,23
1501.0,24
1503.0,22
1505.0,27
1507.0,27
1509.0,15
1511.0,18
1513.0,16
1515.0,13
1517.0,16
1519.0,13
1521.0,21
1523.0,16
1525.0,19
1527.0,15
1529.0,19
1531.0,12
1533.0,23
1535.0,17
1537.0,15
1539.0,16
1541.0,18
1543.0,13
1545.0,10
1547.0,11
1549.0,12
1551.0,10
1553.0,17
1555.0,9
1557.0,16
1559.0,17
1561.0,13
1563.0,11
1565.0,5
1567.0,6
1569.0,8
1571.0,5
1573.0,7
1575.0,11
1577.0,8
1579.0,14
1581.0,8
1583.0,7
1585.0,11
1587.0,10
1589.0,9
1591.0,11
1593.0,13
1595.0,5
1597.0,10
1599.0,6
1601.0,9
1603.0,16
1605.0,19
1607.0,10
1609.0,16
1611.0,11
1613.0,8
1615.0,11
1617.0,14
1619.0,34
1621.0,42
1623.0,21
1625.0,19
1627.0,12
1629.0,19
1631.0,13
1633.0,15
1635.0,8
1637.0,10
1639.0,14
1641.0,10
1643.0,11
1645.0,9
1647.0,14
1649.0,11
1651.0,12
1653.0,11
1655.0,5
1657.0,18
1659.0,17
1661.0,25
1663.0,37
1665.0,24
1667.0,16
1669.0,20
1671.0,7
1673.0,15
1675.0,21
1677.0,13
1679.0,15
1681.0,6
1683.0,16
1685.0,7
1687.0,17
1689.0,17
1691.0,19
1693.0,22
1695.0,13
1697.0,11
1699.0,8
1701.0,12
1703.0,13
1705.0,6
1707.0,5
1709.0,16
1711.0,13
1713.0,6
1715.0,12
1717.0,10
1719.0,19
1721.0,19
1723.0,14
1725.0,10
1727.0,6
1729.0,15
1731.0,14
1733.0,13
1735.0,17
1737.0,20
1739.0,10
1741.0,18
1743.0,10
1745.0,16
1747.0,17
1749.0,17
1751.0,9
1753.0,15
1755.0,13
1757.0,5
1759.0,15
1761.0,16
1763.0,8
1765.0,13
1767.0,13
1769.0,10
1771.0,22
1773.0,16
1775.0,12
1777.0,8
1779.0,5
1781.0,11
1783.0,13
1785.0,13
1787.0,17
1789.0,12
1791.0,16
1793.0,15
1795.0,18
1797.0,9
1799.0,11
1801.0,13
1803.0,11
1805.0,12
1807.0,13
1809.0,9
1811.0,11
1813.0,10
1815.0,10
1817.0,11
1819.0,13
1821.0,5
1823.0,12
1825.0,12
1827.0,23
1829.0,22
1831.0,15
1833.0,19
1835.0,17
1837.0,10
1839.0,11
1841.0,11
1843.0,18
1845.0,11
1847.0,14
1849.0,11
1851.0,13
1853.0,17
1855.0,8
1857.0,13
1859.0,9
1861.0,8
1863.0,10
1865.0,13
1867.0,16
1869.0,7
1871.0,17
1873.0,10
1875.0,11
1877.0,13
1879.0,20
1881.0,14
1883.0,10
1885.0,6
1887.0,7
1889.0,13
1891.0,10
1893.0,11
1895.0,10
1897.0,13
1899.0,16
1901.0,30
1903.0,25
1905.0,19
1907.0,21
1909.0,7
1911.0,10
1913.0,5
1915.0,10
1917.0,21
1919.0,11
1921.0,13
1923.0,14
1925.0,14
1927.0,18
1929.0,10
1931.0,18
1933.0,14
1935.0,14
1937.0,22
1939.0,18
1941.0,22
1943.0,23
1945.0,17
1947.0,12
1949.0,19
1951.0,14
1953.0,22
1955.0,17
1957.0,26
1959.0,22
1961.0,47
1963.0,62
1965.0,70
1967.0,83
1969.0,51
1971.0,49
1973.0,39
1975.0,31
1977.0,25
1979.0,25
1981.0,24
1983.0,22
1985.0,19
1987.0,23
1989.0,32
1991.0,51
1993.0,57
1995.0,40
1997.0,25
1999.0,20
2001.0,17
2003.0,19
2005.0,18
2007.0,18
2009.0,12
2011.0,14
2013.0,14
2015.0,13
2017.0,11
2019.0,14
2021.0,13
2023.0,9
2025.0,18
2027.0,10
2029.0,18
2031.0,19
2033.0,15
2035.0,12
2037.0,10
2039.0,15
2041.0,11
2043.0,14
2045.0,17
2047.0,16
2049.0,16
2051.0,27
2053.0,13
2055.0,15
2057.0,13
2059.0,15
2061.0,34
2063.0,18
2065.0,18
2067.0,18
2069.0,18
2071.0,10
2073.0,14
2075.0,14
2077.0,14
2079.0,8
2081.0,20
2083.0,15
2085.0,16
2087.0,15
2089.0,21
2091.0,16
2093.0,11
2095.0,12
2097.0,9
2099.0,12
2101.0,17
2103.0,16
2105.0,27
2107.0,22
2109.0,36
2111.0,13
2113.0,17
2115.0,19
2117.0,19
2119.0,19
2121.0,11
2123.0,16
2125.0,13
2127.0,16
2129.0,6
2131.0,15
2133.0,15
2135.0,9
2137.0,8
2139.0,15
2141.0,7
2143.0,12
2145.0,15
2147.0,15
2149.0,17
2151.0,23
2153.0,17
2155.0,18
2157.0,19
2159.0,24
2161.0,20
2163.0,13
2165.0,23
2167.0,24
2169.0,24
2171.0,17
2173.0,17
2175.0,22
2177.0,13
2179.0,15
2181.0,20
2183.0,21
2185.0,23
2187.0,21
2189.0,40
2191.0,29
2193.0,16
2195.0,18
2197.0,13
2199.0,25
2201.0,20
2203.0,19
2205.0,22
2207.0,19
2209.0,32
2211.0,18
2213.0,17
2215.0,13
2217.0,29
2219.0,27
2221.0,38
2223.0,29
2225.0,31
2227.0,29
2229.0,28
2231.0,22
2233.0,28
2235.0,39
2237.0,42
2239.0,36
2241.0,32
2243.0,27
2245.0,29
2247.0,18
2249.0,26
2251.0,19
2253.0,26
2255.0,28
2257.0,41
2259.0,65
2261.0,51
2263.0,36
2265.0,35
2267.0,18
2269.0,28
2271.0,18
2273.0,16
2275.0,22
2277.0,34
2279.0,32
2281.0,20
2283.0,30
2285.0,30
2287.0,21
2289.0,23
2291.0,24
2293.0,17
2295.0,18
2297.0,24
2299.0,26
2301.0,17
2303.0,41
2305.0,50
2307.0,44
2309.0,43
2311.0,36
2313.0,24
2315.0,32
2317.0,29
2319.0,31
2321.0,27
2323.0,28
2325.0,35
2327.0,17
2329.0,29
2331.0,26
2333.0,17
2335.0,10
2337.0,14
2339.0,17
2341.0,22
2343.0,20
2345.0,22
2347.0,19
2349.0,29
2351.0,32
2353.0,37
2355.0,41
2357.0,34
2359.0,39
2361.0,33
2363.0,27
2365.0,22
2367.0,27
2369.0,33
2371.0,22
2373.0,26
2375.0,26
2377.0,25
2379.0,14
2381.0,17
2383.0,28
2385.0,23
2387.0,18
2389.0,17
2391.0,21
2393.0,24
2395.0,19
2397.0,28
2399.0,37
2401.0,40
2403.0,40
2405.0,34
2407.0,36
2409.0,40
2411.0,47
2413.0,33
2415.0,33
2417.0,34
2419.0,39
2421.0,40
2423.0,39
2425.0,38
2427.0,26
2429.0,30
2431.0,33
2433.0,28
2435.0,36
2437.0,34
2439.0,27
2441.0,28
2443.0,43
2445.0,27
2447.0,41
2449.0,41
2451.0,45
2453.0,40
2455.0,38
2457.0,46
2459.0,61
2461.0,60
2463.0,49
2465.0,58
2467.0,34
2469.0,46
2471.0,37
2473.0,31
2475.0,38
2477.0,12
2479.0,20
2481.0,33
2483.0,25
2485.0,29
2487.0,13
2489.0,27
2491.0,19
2493.0,33
2495.0,37
2497.0,42
2499.0,52
2501.0,31
2503.0,30
2505.0,22
2507.0,29
2509.0,26
2511.0,30
2513.0,28
2515.0,30
2517.0,28
2519.0,24
2521.0,23
2523.0,30
2525.0,16
2527.0,36
2529.0,27
2531.0,30
2533.0,26
2535.0,27
2537.0,36
2539.0,28
2541.0,44
2543.0,58
2545.0,47
2547.0,35
2549.0,40
2551.0,34
2553.0,34
2555.0,20
2557.0,37
2559.0,25
2561.0,27
2563.0,25
2565.0,23
2567.0,34
2569.0,30
2571.0,29
2573.0,21
2575.0,33
2577.0,26
2579.0,29
2581.0,46
2583.0,41
2585.0,46
2587.0,55
2589.0,40
2591.0,47
2593.0,42
2595.0,44
2597.0,44
2599.0,44
2601.0,36
2603.0,38
2605.0,39
2607.0,37
2609.0,25
2611.0,29
2613.0,18
2615.0,20
2617.0,36
2619.0,43
2621.0,41
2623.0,59
2625.0,43
2627.0,43
2629.0,35
2631.0,34
2633.0,28
2635.0,20
2637.0,43
2639.0,51
2641.0,47
2643.0,44
2645.0,40
2647.0,33
2649.0,33
2651.0,38
2653.0,29
2655.0,26
2657.0,23
2659.0,33
2661.0,31
2663.0,22
2665.0,47
2667.0,37
2669.0,28
2671.0,24
2673.0,34
2675.0,51
2677.0,34
2679.0,40
2681.0,31
2683.0,38
2685.0,29
2687.0,16
2689.0,23
2691.0,27
2693.0,26
2695.0,25
2697.0,30
2699.0,33
2701.0,36
2703.0,43
2705.0,36
2707.0,46
2709.0,43
2711.0,41
2713.0,33
2715.0,17
2717.0,36
2719.0,32
2721.0,25
2723.0,18
2725.0,24
2727.0,28
2729.0,35
2731.0,24
2733.0,19
2735.0,18
2737.0,26
2739.0,24
2741.0,33
2743.0,27
2745.0,53
2747.0,65
2749.0,69
2751.0,55
2753.0,54
2755.0,34
2757.0,36
2759.0,42
2761.0,41
2763.0,40
2765.0,32
2767.0,22
2769.0,24
2771.0,31
2773.0,28
2775.0,21
2777.0,16
2779.0,31
2781.0,22
2783.0,26
2785.0,28
2787.0,19
2789.0,45
2791.0,51
2793.0,53
2795.0,50
2797.0,60
2799.0,85
2801.0,62
2803.0,54
2805.0,37
2807.0,27
2809.0,10
2811.0,24
2813.0,18
2815.0,19
2817.0,21
2819.0,30
2821.0,36
2823.0,29
2825.0,30
2827.0,23
2829.0,13
2831.0,31
2833.0,43
2835.0,54
2837.0,45
2839.0,55
2841.0,45
2843.0,46
2845.0,32
2847.0,42
2849.0,31
2851.0,27
2853.0,23
2855.0,33
2857.0,27
2859.0,15
2861.0,21
2863.0,26
2865.0,22
2867.0,50
2869.0,51
2871.0,52
2873.0,46
2875.0,37
2877.0,39
2879.0,37
2881.0,37
2883.0,34
2885.0,47
2887.0,49
2889.0,28
2891.0,41
2893.0,34
2895.0,24
2897.0,27
2899.0,33
2901.0,34
2903.0,38
2905.0,37
2907.0,25
2909.0,25
2911.0,28
2913.0,53
2915.0,71
2917.0,51
2919.0,65
2921.0,54
2923.0,41
2925.0,46
2927.0,35
2929.0,26
2931.0,21
2933.0,18
2935.0,16
2937.0,26
2939.0,26
2941.0,53
2943.0,51
2945.0,38
2947.0,31
2949.0,41
2951.0,33
2953.0,47
2955.0,39
2957.0,42
2959.0,60
2961.0,82
2963.0,50
2965.0,48
2967.0,35
2969.0,25
2971.0,20
2973.0,20
2975.0,19
2977.0,23
2979.0,29
2981.0,32
2983.0,37
2985.0,46
2987.0,46
2989.0,61
2991.0,43
2993.0,42
2995.0,34
2997.0,44
2999.0,42
3001.0,56
3003.0,47
3005.0,33
3007.0,30
3009.0,28
3011.0,40
3013.0,28
3015.0,48
3017.0,21
3019.0,25
3021.0,24
3023.0,27
3025.0,15
3027.0,23
3029.0,11
3031.0,22
3033.0,19
3035.0,15
3037.0,32
3039.0,19
3041.0,38
3043.0,26
3045.0,31
3047.0,32
3049.0,32
3051.0,27
3053.0,29
3055.0,28
3057.0,26
3059.0,25
3061.0,27
3063.0,33
3065.0,34
3067.0,39
3069.0,57
3071.0,38
3073.0,32
3075.0,19
3077.0,15
3079.0,13
3081.0,26
3083.0,36
3085.0,60
3087.0,42
3089.0,42
3091.0,28
3093.0,22
3095.0,16
3097.0,21
3099.0,32
3101.0,32
3103.0,34
3105.0,30
3107.0,27
3109.0,22
3111.0,21
3113.0,34
3115.0,22
3117.0,29
3119.0,34
3121.0,31
3123.0,41
3125.0,28
3127.0,28
3129.0,26
3131.0,16
3133.0,21
3135.0,18
3137.0,39
3139.0,65
3141.0,57
3143.0,55
3145.0,42
3147.0,26
3149.0,30
3151.0,44
3153.0,29
3155.0,36
3157.0,30
3159.0,31
3161.0,27
3163.0,38
3165.0,30
3167.0,27
3169.0,34
3171.0,30
3173.0,40
3175.0,37
3177.0,22
3179.0,20
3181.0,15
3183.0,14
3185.0,17
3187.0,12
3189.0,17
3191.0,19
3193.0,30
3195.0,39
3197.0,48
3199.0,39
3201.0,38
3203.0,38
3205.0,33
3207.0,33
3209.0,37
3211.0,50
3213.0,36
3215.0,39
3217.0,26
3219.0,45
3221.0,42
3223.0,41
3225.0,37
3227.0,26
3229.0,28
3231.0,27
3233.0,32
3235.0,27
3237.0,11
3239.0,13
3241.0,20
3243.0,14
3245.0,13
3247.0,15
3249.0,24
3251.0,19
3253.0,20
3255.0,13
3257.0,17
3259.0,21
3261.0,25
3263.0,20
3265.0,21
3267.0,21
3269.0,26
3271.0,19
3273.0,29
3275.0,29
3277.0,35
3279.0,40
3281.0,37
3283.0,34
3285.0,29
3287.0,22
3289.0,14
3291.0,17
3293.0,23
3295.0,24
3297.0,19
3299.0,18
3301.0,19
3303.0,27
3305.0,38
3307.0,38
3309.0,28
3311.0,25
3313.0,15
3315.0,21
3317.0,26
3319.0,25
3321.0,25
3323.0,22
3325.0,19
3327.0,19
3329.0,30
3331.0,28
3333.0,33
3335.0,27
3337.0,42
3339.0,44
3341.0,37
3343.0,52
3345.0,43
3347.0,19
3349.0,17
3351.0,16
3353.0,9
3355.0,9
3357.0,7
3359.0,14
3361.0,13
3363.0,15
3365.0,10
3367.0,10
3369.0,21
3371.0,25
3373.0,23
3375.0,9
3377.0,19
3379.0,13
3381.0,33
3383.0,55
3385.0,68
3387.0,63
3389.0,40
3391.0,30
3393.0,28
3395.0,32
3397.0,16
3399.0,15
3401.0,11
3403.0,20
3405.0,20
3407.0,19
3409.0,17
3411.0,12
3413.0,13
3415.0,32
3417.0,50
3419.0,34
3421.0,34
3423.0,28
3425.0,42
3427.0,44
3429.0,28
3431.0,36
3433.0,38
3435.0,34
3437.0,28
3439.0,31
3441.0,26
3443.0,18
3445.0,11
3447.0,17
3449.0,4
3451.0,21
3453.0,20
3455.0,28
3457.0,16
3459.0,27
3461.0,34
3463.0,37
3465.0,50
3467.0,54
3469.0,37
3471.0,46
3473.0,37
3475.0,26
3477.0,30
3479.0,12
3481.0,20
3483.0,12
3485.0,26
3487.0,13
3489.0,24
3491.0,28
3493.0,28
3495.0,23
3497.0,35
3499.0,38
3501.0,43
3503.0,31
3505.0,25
3507.0,32
3509.0,25
3511.0,30
3513.0,20
3515.0,19
3517.0,23
3519.0,15
3521.0,7
3523.0,10
3525.0,14
3527.0,20
3529.0,19
3531.0,20
3533.0,12
3535.0,17
3537.0,19
3539.0,17
3541.0,19
3543.0,20
3545.0,17
3547.0,27
3549.0,34
3551.0,35
3553.0,27
3555.0,18
3557.0,11
3559.0,9
3561.0,17
3563.0,17
3565.0,16
3567.0,25
3569.0,25
3571.0,33
3573.0,40
3575.0,36
3577.0,30
3579.0,22
3581.0,21
3583.0,36
3585.0,23
3587.0,42
3589.0,40
3591.0,52
3593.0,32
3595.0,22
3597.0,6
3599.0,6
3601.0,13
3603.0,13
3605.0,7
3607.0,11
3609.0,5
3611.0,13
3613.0,14
3615.0,29
3617.0,45
3619.0,30
3621.0,47
3623.0,32
3625.0,44
3627.0,35
3629.0,26
3631.0,16
3633.0,13
3635.0,22
3637.0,14
3639.0,10
3641.0,9
3643.0,7
3645.0,6
3647.0,5
3649.0,9
3651.0,9
3653.0,17
3655.0,16
3657.0,16
3659.0,15
3661.0,31
3663.0,26
3665.0,30
3667.0,32
3669.0,29
3671.0,27
3673.0,27
3675.0,39
3677.0,33
3679.0,32
3681.0,13
3683.0,17
3685.0,21
3687.0,18
3689.0,18
3691.0,16
3693.0,15
3695.0,16
3697.0,16
3699.0,15
3701.0,10
3703.0,15
3705.0,13
3707.0,19
3709.0,17
3711.0,25
3713.0,26
3715.0,14
3717.0,10
3719.0,7
3721.0,9
3723.0,9
3725.0,9
3727.0,10
3729.0,13
3731.0,16
3733.0,22
3735.0,21
3737.0,17
3739.0,9
3741.0,13
3743.0,10
3745.0,20
3747.0,20
3749.0,15
3751.0,24
3753.0,5
3755.0,7
3757.0,24
3759.0,22
3761.0,13
3763.0,11
3765.0,5
3767.0,12
3769.0,8
3771.0,14
3773.0,7
3775.0,9
3777.0,8
3779.0,8
3781.0,13
3783.0,5
3785.0,17
3787.0,20
3789.0,21
3791.0,13
3793.0,12
3795.0,9
3797.0,8
3799.0,19
3801.0,20
3803.0,29
3805.0,21
3807.0,12
3809.0,14
3811.0,5
3813.0,14
3815.0,7
3817.0,10
3819.0,8
3821.0,14
3823.0,11
3825.0,12
3827.0,15
3829.0,19
3831.0,10
3833.0,14
3835.0,13
3837.0,18
3839.0,13
3841.0,10
3843.0,13
3845.0,8
3847.0,19
3849.0,11
3851.0,7
3853.0,13
3855.0,5
3857.0,16
3859.0,14
3861.0,6
3863.0,7
3865.0,3
3867.0,11
3869.0,7
3871.0,9
3873.0,8
3875.0,7
3877.0,9
3879.0,11
3881.0,5
3883.0,8
3885.0,11
3887.0,6
3889.0,9
3891.0,10
3893.0,10
3895.0,13
3897.0,25
3899.0,22
3901.0,22
3903.0,13
3905.0,3
3907.0,4
3909.0,5
3911.0,7
3913.0,3
3915.0,14
3917.0,11
3919.0,8
3921.0,12
3923.0,16
3925.0,10
3927.0,14
3929.0,5
3931.0,8
3933.0,11
3935.0,8
3937.0,9
3939.0,8
3941.0,14
3943.0,14
3945.0,11
3947.0,5
3949.0,3
3951.0,12
3953.0,12
3955.0,5
3957.0,18
3959.0,15
3961.0,21
3963.0,33
3965.0,12
3967.0,6
3969.0,9
3971.0,11
3973.0,11
3975.0,7
3977.0,6
3979.0,9
3981.0,7
3983.0,7
3985.0,5
3987.0,5
3989.0,3
3991.0,11
3993.0,4
3995.0,6
3997.0,8
3999.0,8
4001.0,10
4003.0,9
4005.0,5
4007.0,7
4009.0,10
4011.0,9
4013.0,4
4015.0,4
4017.0,6
4019.0,3
4021.0,4
4023.0,14
4025.0,8
4027.0,12
4029.0,8
4031.0,4
4033.0,5
4035.0,5
4037.0,7
4039.0,11
4041.0,10
4043.0,9
4045.0,10
4047.0,6
4049.0,5
4051.0,11
4053.0,11
4055.0,10
4057.0,4
4059.0,4
4061.0,4
4063.0,8
4065.0,10
4067.0,16
4069.0,3
4071.0,8
4073.0,2
4075.0,7
4077.0,4
4079.0,5
4081.0,8
4083.0,15
4085.0,15
4087.0,5
4089.0,10
4091.0,5
4093.0,3
4095.0,5
4097.0,7
4099.0,4
4101.0,7
4103.0,5
4105.0,9
4107.0,9
4109.0,4
4111.0,3
4113.0,7
4115.0,9
4117.0,10
4119.0,8
4121.0,12
4123.0,14
4125.0,7
4127.0,10
4129.0,14
4131.0,16
4133.0,8
4135.0,8
4137.0,11
4139.0,11
4141.0,18
4143.0,7
4145.0,6
4147.0,6
4149.0,6
4151.0,7
4153.0,8
4155.0,5
4157.0,8
4159.0,8
4161.0,5
4163.0,12
4165.0,4
4167.0,6
4169.0,8
4171.0,2
4173.0,3
4175.0,6
4177.0,6
4179.0,11
4181.0,8
4183.0,8
4185.0,5
4187.0,1
4189.0,3
4191.0,5
4193.0,4
4195.0,2
4197.0,8
4199.0,6
4201.0,10
4203.0,4
4205.0,5
4207.0,10
4209.0,14
4211.0,13
4213.0,18
4215.0,9
4217.0,10
4219.0,9
4221.0,13
4223.0,9
4225.0,6
4227.0,10
4229.0,9
4231.0,7
4233.0,8
4235.0,6
4237.0,12
4239.0,5
4241.0,7
4243.0,7
4245.0,4
4247.0,5
4249.0,6
4251.0,7
4253.0,10
4255.0,17
4257.0,11
4259.0,9
4261.0,7
4263.0,4
4265.0,1
4267.0,7
4269.0,6
4271.0,10
4273.0,13
4275.0,16
4277.0,9
4279.0,8
4281.0,8
4283.0,6
4285.0,6
4287.0,1
4289.0,3
4291.0,7
4293.0,13
4295.0,20
4297.0,24
4299.0,14
4301.0,11
4303.0,6
4305.0,8
4307.0,5
4309.0,4
4311.0,5
4313.0,6
4315.0,10
4317.0,13
4319.0,15
4321.0,9
4323.0,8
4325.0,8
4327.0,6
4329.0,5
4331.0,6
4333.0,6
4335.0,6
4337.0,9
4339.0,12
4341.0,9
4343.0,16
4345.0,17
4347.0,15
4349.0,6
4351.0,4
4353.0,7
4355.0,13
4357.0,5
4359.0,9
4361.0,8
4363.0,8
4365.0,15
4367.0,6
4369.0,7
4371.0,11
4373.0,5
4375.0,9
4377.0,6
4379.0,7
4381.0,3
4383.0,11
4385.0,7
4387.0,9
4389.0,10
4391.0,14
4393.0,10
4395.0,6
4397.0,5
4399.0,12
4401.0,8
4403.0,7
4405.0,5
4407.0,4
4409.0,9
4411.0,19
4413.0,16
4415.0,16
4417.0,10
4419.0,10
4421.0,14
4423.0,10
4425.0,8
4427.0,5
4429.0,5
4431.0,4
4433.0,3
4435.0,3
4437.0,2
4439.0,6
4441.0,2
4443.0,5
4445.0,3
4447.0,7
4449.0,5
4451.0,2
4453.0,1
4455.0,9
4457.0,4
4459.0,9
4461.0,4
4463.0,8
4465.0,18
4467.0,27
4469.0,20
4471.0,17
4473.0,6
4475.0,3
4477.0,7
4479.0,3
4481.0,3
4483.0,4
4485.0,5
4487.0,3
4489.0,5
4491.0,11
4493.0,8
4495.0,5
4497.0,6
4499.0,14
4501.0,11
4503.0,11
4505.0,7
4507.0,10
4509.0,11
4511.0,6
4513.0,7
4515.0,9
4517.0,12
4519.0,8
4521.0,7
4523.0,5
4525.0,5
4527.0,9
4529.0,3
4531.0,6
4533.0,1
4535.0,1
4537.0,2
4539.0,2
4541.0,2
4543.0,8
4545.0,8
4547.0,12
4549.0,11
4551.0,7
4553.0,6
4555.0,6
4557.0,5
4559.0,11
4561.0,9
4563.0,16
4565.0,14
4567.0,18
4569.0,10
4571.0,12
4573.0,11
4575.0,10
4577.0,8
4579.0,2
4581.0,11
4583.0,8
4585.0,5
4587.0,3
4589.0,9
4591.0,5
4593.0,6
4595.0,9
4597.0,8
4599.0,4
4601.0,2
4603.0,4
4605.0,3
4607.0,14
4609.0,17
4611.0,17
4613.0,10
4615.0,2
4617.0,3
4619.0,5
4621.0,3
4623.0,6
4625.0,3
4627.0,5
4629.0,8
4631.0,3
4633.0,4
4635.0,6
4637.0,10
4639.0,12
4641.0,6
4643.0,2
4645.0,6
4647.0,2
4649.0,6
4651.0,4
4653.0,4
4655.0,5
4657.0,18
4659.0,19
4661.0,10
4663.0,7
4665.0,3
4667.0,4
4669.0,1
4671.0,5
4673.0,0
4675.0,3
4677.0,4
4679.0,5
4681.0,4
4683.0,5
4685.0,4
4687.0,7
4689.0,5
4691.0,9
4693.0,7
4695.0,4
4697.0,3
4699.0,2
4701.0,6
4703.0,4
4705.0,3
4707.0,3
4709.0,3
4711.0,7
4713.0,4
4715.0,4
4717.0,5
4719.0,7
4721.0,4
4723.0,5
4725.0,4
4727.0,2
4729.0,2
4731.0,8
4733.0,6
4735.0,5
4737.0,3
4739.0,5
4741.0,4
4743.0,3
4745.0,3
4747.0,5
4749.0,2
4751.0,1
4753.0,5
4755.0,3
4757.0,8
4759.0,8
4761.0,10
4763.0,0
4765.0,7
4767.0,8
4769.0,5
4771.0,5
4773.0,2
4775.0,9
4777.0,5
4779.0,3
4781.0,4
4783.0,9
4785.0,5
4787.0,3
4789.0,3
4791.0,1
4793.0,5
4795.0,2
4797.0,2
4799.0,1
4801.0,4
4803.0,2
4805.0,3
4807.0,5
4809.0,2
4811.0,5
4813.0,3
4815.0,3
4817.0,6
4819.0,5
4821.0,7
4823.0,4
4825.0,8
4827.0,8
4829.0,3
4831.0,3
4833.0,2
4835.0,7
4837.0,9
4839.0,5
4841.0,8
4843.0,12
4845.0,7
4847.0,5
4849.0,7
4851.0,4
4853.0,3
4855.0,5
4857.0,6
4859.0,7
4861.0,3
4863.0,0
4865.0,6
4867.0,5
4869.0,6
4871.0,2
4873.0,6
4875.0,3
4877.0,4
4879.0,2
4881.0,5
4883.0,0
4885.0,3
4887.0,4
4889.0,6
4891.0,9
4893.0,10
4895.0,9
4897.0,8
4899.0,7
4901.0,12
4903.0,7
4905.0,3
4907.0,3
4909.0,2
4911.0,9
4913.0,7
4915.0,1
4917.0,5
4919.0,8
4921.0,8
4923.0,6
4925.0,2
4927.0,5
4929.0,4
4931.0,9
4933.0,1
4935.0,2
4937.0,12
4939.0,8
4941.0,5
4943.0,4
4945.0,1
4947.0,4
4949.0,2
4951.0,4
4953.0,5
4955.0,2
4957.0,9
4959.0,10
4961.0,11
4963.0,8
4965.0,6
4967.0,8
4969.0,8
4971.0,22
4973.0,13
4975.0,6
4977.0,0
4979.0,3
4981.0,4
4983.0,8
4985.0,5
4987.0,4
4989.0,6
4991.0,5
4993.0,4
4995.0,9
4997.0,4
4999.0,4
5001.0,5
5003.0,8
5005.0,5
5007.0,7
5009.0,1
5011.0,5
5013.0,6
5015.0,5
5017.0,5
5019.0,2
5021.0,7
5023.0,7
5025.0,4
5027.0,2
5029.0,2
5031.0,6
5033.0,3
5035.0,9
5037.0,5
5039.0,3
5041.0,8
5043.0,2
5045.0,3
5047.0,3
5049.0,3
5051.0,7
5053.0,9
5055.0,5
5057.0,6
5059.0,8
5061.0,3
5063.0,7
5065.0,4
5067.0,8
5069.0,7
5071.0,3
5073.0,4
5075.0,5
5077.0,6
5079.0,11
5081.0,10
5083.0,6
5085.0,11
5087.0,6
5089.0,8
5091.0,3
5093.0,3
5095.0,5
5097.0,4
5099.0,1
5101.0,1
5103.0,2
5105.0,5
5107.0,8
5109.0,2
5111.0,3
5113.0,6
5115.0,7
5117.0,6
5119.0,5
5121.0,8
5123.0,3
5125.0,4
5127.0,2
5129.0,3
5131.0,7
5133.0,3
5135.0,3
5137.0,5
5139.0,2
5141.0,4
5143.0,4
5145.0,4
5147.0,1
5149.0,6
5151.0,7
5153.0,5
5155.0,7
5157.0,5
5159.0,5
5161.0,6
5163.0,2
5165.0,6
5167.0,2
5169.0,2
5171.0,1
5173.0,4
5175.0,4
5177.0,4
5179.0,4
5181.0,9
5183.0,12
5185.0,15
5187.0,2
5189.0,3
5191.0,2
5193.0,0
5195.0,5
5197.0,3
5199.0,7
5201.0,5
5203.0,4
5205.0,5
5207.0,1
5209.0,4
5211.0,7
5213.0,4
5215.0,8
5217.0,2
5219.0,8
5221.0,7
5223.0,5
5225.0,1
5227.0,2
5229.0,9
5231.0,2
5233.0,0
5235.0,1
5237.0,3
5239.0,5
5241.0,9
5243.0,5
5245.0,8
5247.0,6
5249.0,3
5251.0,8
5253.0,4
5255.0,8
5257.0,6
5259.0,6
5261.0,3
5263.0,4
5265.0,2
5267.0,4
5269.0,1
5271.0,7
5273.0,4
5275.0,1
5277.0,3
5279.0,1
5281.0,3
5283.0,3
5285.0,5
5287.0,5
5289.0,1
5291.0,2
5293.0,6
5295.0,5
5297.0,4
5299.0,7
5301.0,3
5303.0,1
5305.0,6
5307.0,6
5309.0,11
5311.0,3
5313.0,2
5315.0,2
5317.0,3
5319.0,3
5321.0,5
5323.0,3
5325.0,3
5327.0,2
5329.0,2
5331.0,4
5333.0,2
5335.0,5
5337.0,6
5339.0,5
5341.0,10
5343.0,4
5345.0,2
5347.0,7
5349.0,2
5351.0,0
5353.0,3
5355.0,2
5357.0,4
5359.0,2
5361.0,2
5363.0,5
5365.0,2
5367.0,2
5369.0,3
5371.0,2
5373.0,3
5375.0,0
5377.0,3
5379.0,4
5381.0,2
5383.0,7
5385.0,5
5387.0,12
5389.0,9
5391.0,3
5393.0,5
5395.0,7
5397.0,6
5399.0,3
5401.0,3
5403.0,4
5405.0,6
5407.0,7
5409.0,4
5411.0,2
5413.0,4
5415.0,6
5417.0,3
5419.0,3
5421.0,3
5423.0,5
5425.0,4
5427.0,8
5429.0,3
5431.0,4
5433.0,3
5435.0,3
5437.0,7
5439.0,2
5441.0,5
5443.0,5
5445.0,6
5447.0,4
5449.0,1
5451.0,1
5453.0,3
5455.0,1
5457.0,0
5459.0,2
5461.0,7
5463.0,5
5465.0,4
5467.0,3
5469.0,3
5471.0,4
5473.0,3
5475.0,4
5477.0,2
5479.0,5
5481.0,2
5483.0,2
5485.0,7
5487.0,3
5489.0,1
5491.0,5
5493.0,6
5495.0,2
5497.0,3
5499.0,9
5501.0,6
5503.0,5
5505.0,8
5507.0,8
5509.0,4
5511.0,6
5513.0,3
5515.0,5
5517.0,8
5519.0,6
5521.0,4
5523.0,7
5525.0,1
5527.0,1
5529.0,4
5531.0,5
5533.0,1
5535.0,5
5537.0,3
5539.0,8
5541.0,4
5543.0,11
5545.0,11
5547.0,7
5549.0,7
5551.0,4
5553.0,0
5555.0,3
5557.0,1
5559.0,1
5561.0,1
5563.0,3
5565.0,3
5567.0,3
5569.0,2
5571.0,5
5573.0,4
5575.0,5
5577.0,3
5579.0,6
5581.0,4
5583.0,5
5585.0,9
5587.0,2
5589.0,2
5591.0,6
5593.0,5
5595.0,3
5597.0,2
5599.0,3
5601.0,1
5603.0,2
5605.0,8
5607.0,3
5609.0,3
5611.0,1
5613.0,4
5615.0,4
5617.0,5
5619.0,4
5621.0,1
5623.0,6
5625.0,7
5627.0,4
5629.0,2
5631.0,4
5633.0,7
5635.0,4
5637.0,4
5639.0,1
5641.0,2
5643.0,6
5645.0,5
5647.0,4
5649.0,5
5651.0,5
5653.0,1
5655.0,2
5657.0,1
5659.0,4
5661.0,6
5663.0,3
5665.0,5
5667.0,2
5669.0,6
5671.0,2
5673.0,2
5675.0,2
5677.0,3
5679.0,2
5681.0,1
5683.0,5
5685.0,3
5687.0,3
5689.0,3
5691.0,1
5693.0,4
5695.0,0
5697.0,3
5699.0,3
5701.0,2
5703.0,1
5705.0,5
5707.0,6
5709.0,5
5711.0,12
5713.0,4
5715.0,13
5717.0,7
5719.0,3
5721.0,6
5723.0,1
5725.0,1
5727.0,2
5729.0,2
5731.0,3
5733.0,2
5735.0,1
5737.0,2
5739.0,5
5741.0,5
5743.0,6
5745.0,3
5747.0,2
5749.0,5
5751.0,4
5753.0,5
5755.0,2
5757.0,1
5759.0,5
5761.0,3
5763.0,4
5765.0,3
5767.0,11
5769.0,0
5771.0,6
5773.0,5
5775.0,4
5777.0,7
5779.0,3
5781.0,1
5783.0,5
5785.0,3
5787.0,2
5789.0,0
5791.0,6
5793.0,3
5795.0,5
5797.0,5
5799.0,2
5801.0,0
5803.0,5
5805.0,3
5807.0,2
5809.0,5
5811.0,4
5813.0,2
5815.0,1
5817.0,3
5819.0,4
5821.0,2
5823.0,2
5825.0,1
5827.0,1
5829.0,3
5831.0,3
5833.0,1
5835.0,4
5837.0,4
5839.0,4
5841.0,4
5843.0,7
5845.0,4
5847.0,8
5849.0,2
5851.0,1
5853.0,3
5855.0,2
5857.0,4
5859.0,2
5861.0,0
5863.0,0
5865.0,3
5867.0,2
5869.0,1
5871.0,3
5873.0,3
5875.0,3
5877.0,3
5879.0,2
5881.0,1
5883.0,2
5885.0,5
5887.0,4
5889.0,1
5891.0,2
5893.0,1
5895.0,2
5897.0,3
5899.0,4
5901.0,1
5903.0,4
5905.0,3
5907.0,2
5909.0,1
5911.0,1
5913.0,1
5915.0,2
5917.0,4
5919.0,4
5921.0,9
5923.0,8
5925.0,3
5927.0,2
5929.0,2
5931.0,4
5933.0,6
5935.0,1
5937.0,2
5939.0,1
5941.0,0
5943.0,3
5945.0,1
5947.0,3
5949.0,2
5951.0,4
5953.0,5
5955.0,4
5957.0,0
5959.0,3
5961.0,3
5963.0,2
5965.0,1
5967.0,2
5969.0,6
5971.0,3
5973.0,2
5975.0,2
5977.0,3
5979.0,2
5981.0,1
5983.0,2
5985.0,7
5987.0,2
5989.0,0
5991.0,1
5993.0,3
5995.0,3
5997.0,5
5999.0,4
6001.0,4
6003.0,5
6005.0,0
6007.0,3
6009.0,4
6011.0,0
6013.0,3
6015.0,4
6017.0,1
6019.0,2
6021.0,0
6023.0,1
6025.0,0
6027.0,2
6029.0,1
6031.0,2
6033.0,2
6035.0,1
6037.0,2
6039.0,3
6041.0,1
6043.0,4
6045.0,4
6047.0,1
6049.0,3
6051.0,1
6053.0,3
6055.0,2
6057.0,2
6059.0,2
6061.0,3
6063.0,2
6065.0,3
6067.0,0
6069.0,4
6071.0,3
6073.0,2
6075.0,4
6077.0,1
6079.0,3
6081.0,1
6083.0,2
6085.0,2
6087.0,4
6089.0,2
6091.0,4
6093.0,3
6095.0,3
6097.0,3
6099.0,6
6101.0,5
6103.0,3
6105.0,1
6107.0,2
6109.0,4
6111.0,3
6113.0,6
6115.0,0
6117.0,1
6119.0,1
6121.0,2
6123.0,2
6125.0,1
6127.0,1
6129.0,3
6131.0,1
6133.0,2
6135.0,0
6137.0,1
6139.0,3
6141.0,0
6143.0,1
6145.0,1
6147.0,3
6149.0,1
6151.0,1
6153.0,2
6155.0,4
6157.0,5
6159.0,4
6161.0,4
6163.0,5
6165.0,0
6167.0,3
6169.0,3
6171.0,4
6173.0,6
6175.0,3
6177.0,1
6179.0,3
6181.0,2
6183.0,3
6185.0,0
6187.0,2
6189.0,2
6191.0,1
6193.0,0
6195.0,0
6197.0,1
6199.0,3
6201.0,4
6203.0,2
6205.0,1
6207.0,2
6209.0,2
6211.0,4
6213.0,0
6215.0,2
6217.0,2
6219.0,2
6221.0,3
6223.0,1
6225.0,2
6227.0,2
6229.0,0
6231.0,1
6233.0,1
6235.0,2
6237.0,0
6239.0,3
6241.0,1
6243.0,5
6245.0,5
6247.0,6
6249.0,2
6251.0,6
6253.0,1
6255.0,1
6257.0,1
6259.0,5
6261.0,1
6263.0,2
6265.0,4
6267.0,2
6269.0,4
6271.0,4
6273.0,1
6275.0,2
6277.0,5
6279.0,3
6281.0,3
6283.0,3
6285.0,4
6287.0,1
6289.0,0
6291.0,2
6293.0,2
6295.0,2
6297.0,2
6299.0,0
6301.0,3
6303.0,0
6305.0,3
6307.0,8
6309.0,2
6311.0,1
6313.0,0
6315.0,4
6317.0,2
6319.0,1
6321.0,2
6323.0,2
6325.0,2
6327.0,1
6329.0,1
6331.0,3
6333.0,2
6335.0,2
6337.0,2
6339.0,1
6341.0,2
6343.0,3
6345.0,4
6347.0,6
6349.0,2
6351.0,0
6353.0,4
6355.0,3
6357.0,3
6359.0,3
6361.0,0
6363.0,2
6365.0,1
6367.0,2
6369.0,1
6371.0,2
6373.0,3
6375.0,1
6377.0,2
6379.0,2
6381.0,1
6383.0,0
6385.0,0
6387.0,1
6389.0,1
6391.0,1
6393.0,2
6395.0,2
6397.0,2
6399.0,2
6401.0,5
6403.0,5
6405.0,2
6407.0,1
6409.0,1
6411.0,1
6413.0,2
6415.0,1
6417.0,3
6419.0,3
6421.0,1
6423.0,3
6425.0,6
6427.0,4
6429.0,5
6431.0,0
6433.0,2
6435.0,2
6437.0,1
6439.0,2
6441.0,1
6443.0,2
6445.0,4
6447.0,4
6449.0,0
6451.0,1
6453.0,3
6455.0,0
6457.0,1
6459.0,1
6461.0,1
6463.0,2
6465.0,6
6467.0,2
6469.0,4
6471.0,2
6473.0,3
6475.0,0
6477.0,1
6479.0,1
6481.0,1
6483.0,2
6485.0,0
6487.0,1
6489.0,0
6491.0,0
6493.0,1
6495.0,2
6497.0,3
6499.0,1
6501.0,0
6503.0,3
6505.0,1
6507.0,2
6509.0,0
6511.0,0
6513.0,1
6515.0,0
6517.0,2
6519.0,1
6521.0,1
6523.0,3
6525.0,1
6527.0,3
6529.0,0
6531.0,0
6533.0,0
6535.0,2
6537.0,2
6539.0,3
6541.0,4
6543.0,0
6545.0,0
6547.0,2
6549.0,1
6551.0,0
6553.0,1
6555.0,2
6557.0,5
6559.0,4
6561.0,0
6563.0,3
6565.0,2
6567.0,1
6569.0,0
6571.0,2
6573.0,3
6575.0,0
6577.0,0
6579.0,2
6581.0,2
6583.0,5
6585.0,4
6587.0,1
6589.0,1
6591.0,1
6593.0,2
6595.0,4
6597.0,0
6599.0,3
6601.0,1
6603.0,4
6605.0,0
6607.0,1
6609.0,0
6611.0,1
6613.0,3
6615.0,1
6617.0,0
6619.0,0
6621.0,3
6623.0,0
6625.0,2
6627.0,0
6629.0,1
6631.0,1
6633.0,0
6635.0,1
6637.0,1
6639.0,2
6641.0,3
6643.0,1
6645.0,2
6647.0,0
6649.0,3
6651.0,2
6653.0,1
6655.0,2
6657.0,0
6659.0,0
6661.0,3
6663.0,4
6665.0,2
6667.0,3
6669.0,1
6671.0,1
6673.0,0
6675.0,1
6677.0,2
6679.0,1
6681.0,2
6683.0,2
6685.0,2
6687.0,2
6689.0,0
6691.0,0
6693.0,1
6695.0,0
6697.0,1
6699.0,1
6701.0,3
6703.0,3
6705.0,2
6707.0,0
6709.0,1
6711.0,0
6713.0,2
6715.0,0
6717.0,2
6719.0,2
6721.0,1
6723.0,1
6725.0,1
6727.0,0
6729.0,0
6731.0,4
6733.0,0
6735.0,2
6737.0,1
6739.0,1
6741.0,2
6743.0,1
6745.0,0
6747.0,4
6749.0,1
6751.0,0
6753.0,2
6755.0,1
6757.0,0
6759.0,2
6761.0,1
6763.0,1
6765.0,2
6767.0,2
6769.0,2
6771.0,4
6773.0,1
6775.0,1
6777.0,0
6779.0,1
6781.0,2
6783.0,2
6785.0,1
6787.0,2
6789.0,1
6791.0,1
6793.0,1
6795.0,1
6797.0,0
6799.0,1
6801.0,1
6803.0,1
6805.0,2
6807.0,2
6809.0,1
6811.0,0
6813.0,0
6815.0,0
6817.0,2
6819.0,0
6821.0,1
6823.0,0
6825.0,0
6827.0,0
6829.0,0
6831.0,0
6833.0,2
6835.0,2
6837.0,3
6839.0,1
6841.0,2
6843.0,1
6845.0,0
6847.0,1
6849.0,3
6851.0,1
6853.0,0
6855.0,2
6857.0,2
6859.0,0
6861.0,0
6863.0,2
6865.0,1
6867.0,0
6869.0,0
6871.0,1
6873.0,3
6875.0,1
6877.0,1
6879.0,0
6881.0,5
6883.0,0
6885.0,1
6887.0,2
6889.0,0
6891.0,0
6893.0,1
6895.0,0
6897.0,1
6899.0,2
6901.0,0
6903.0,3
6905.0,1
6907.0,0
6909.0,2
6911.0,3
6913.0,1
6915.0,2
6917.0,1
6919.0,1
6921.0,0
6923.0,1
6925.0,2
6927.0,2
6929.0,0
6931.0,2
6933.0,1
6935.0,2
6937.0,0
6939.0,0
6941.0,1
6943.0,3
6945.0,3
6947.0,0
6949.0,0
6951.0,3
6953.0,0
6955.0,1
6957.0,2
6959.0,0
6961.0,2
6963.0,2
6965.0,1
6967.0,2
6969.0,2
6971.0,0
6973.0,3
6975.0,1
6977.0,0
6979.0,2
6981.0,1
6983.0,3
6985.0,3
6987.0,0
6989.0,1
6991.0,0
6993.0,1
6995.0,2
6997.0,2
6999.0,1
7001.0,1
7003.0,1
7005.0,0
7007.0,1
7009.0,0
7011.0,2
7013.0,1
7015.0,0
7017.0,0
7019.0,3
7021.0,2
7023.0,0
7025.0,1
7027.0,1
7029.0,3
7031.0,0
7033.0,1
7035.0,1
7037.0,1
7039.0,0
7041.0,0
7043.0,0
7045.0,0
7047.0,1
7049.0,0
7051.0,0
7053.0,1
7055.0,0
7057.0,1
7059.0,2
7061.0,1
7063.0,1
7065.0,0
7067.0,0
7069.0,4
7071.0,4
7073.0,0
7075.0,1
7077.0,1
7079.0,2
7081.0,2
7083.0,0
7085.0,0
7087.0,2
7089.0,0
7091.0,1
7093.0,1
7095.0,1
7097.0,0
7099.0,2
7101.0,3
7103.0,1
7105.0,2
7107.0,1
7109.0,1
7111.0,1
7113.0,0
7115.0,2
7117.0,0
7119.0,1
7121.0,1
7123.0,1
7125.0,2
7127.0,1
7129.0,0
7131.0,2
7133.0,1
7135.0,0
7137.0,0
7139.0,0
7141.0,0
7143.0,1
7145.0,2
7147.0,1
7149.0,2
7151.0,3
7153.0,2
7155.0,0
7157.0,0
7159.0,1
7161.0,1
7163.0,2
7165.0,0
7167.0,1
7169.0,1
7171.0,2
7173.0,4
7175.0,2
7177.0,0
7179.0,0
7181.0,2
7183.0,1
7185.0,0
7187.0,0
7189.0,0
7191.0,3
7193.0,2
7195.0,3
7197.0,0
7199.0,0
7201.0,2
7203.0,0
7205.0,0
7207.0,1
7209.0,2
7211.0,0
7213.0,1
7215.0,0
7217.0,2
7219.0,0
7221.0,0
7223.0,0
7225.0,1
7227.0,1
7229.0,1
7231.0,2
7233.0,1
7235.0,1
7237.0,0
7239.0,3
7241.0,2
7243.0,0
7245.0,0
7247.0,0
7249.0,1
7251.0,1
7253.0,0
7255.0,0
7257.0,2
7259.0,0
7261.0,0
7263.0,1
7265.0,1
7267.0,0
7269.0,1
7271.0,0
7273.0,0
7275.0,0
7277.0,1
7279.0,1
7281.0,0
7283.0,0
7285.0,1
7287.0,0
7289.0,2
7291.0,3
7293.0,1
7295.0,1
7297.0,0
7299.0,2
7301.0,2
7303.0,1
7305.0,1
7307.0,0
7309.0,1
7311.0,1
7313.0,1
7315.0,2
7317.0,1
7319.0,1
7321.0,2
7323.0,0
7325.0,0
7327.0,1
7329.0,2
7331.0,2
7333.0,0
7335.0,0
7337.0,0
7339.0,5
7341.0,2
7343.0,1
7345.0,2
7347.0,1
7349.0,0
7351.0,1
7353.0,0
7355.0,0
7357.0,0
7359.0,1
7361.0,0
7363.0,0
7365.0,1
7367.0,0
7369.0,1
7371.0,0
7373.0,1
7375.0,0
7377.0,2
7379.0,0
7381.0,0
7383.0,1
7385.0,1
7387.0,0
7389.0,2
7391.0,0
7393.0,1
7395.0,1
7397.0,1
7399.0,2
7401.0,0
7403.0,0
7405.0,1
7407.0,0
7409.0,1
7411.0,0
7413.0,0
7415.0,1
7417.0,2
7419.0,3
7421.0,2
7423.0,1
7425.0,1
7427.0,1
7429.0,0
7431.0,3
7433.0,2
7435.0,0
7437.0,1
7439.0,1
7441.0,0
7443.0,1
7445.0,1
7447.0,1
7449.0,1
7451.0,0
7453.0,0
7455.0,0
7457.0,0
7459.0,0
7461.0,1
7463.0,1
7465.0,2
7467.0,0
7469.0,1
7471.0,0
7473.0,0
7475.0,0
7477.0,2
7479.0,1
7481.0,0
7483.0,1
7485.0,1
7487.0,0
7489.0,2
7491.0,2
7493.0,2
7495.0,0
7497.0,2
7499.0,0
7501.0,1
7503.0,0
7505.0,0
7507.0,1
7509.0,2
7511.0,2
7513.0,1
7515.0,1
7517.0,0
7519.0,0
7521.0,1
7523.0,0
7525.0,0
7527.0,4
7529.0,0
7531.0,0
7533.0,0
7535.0,1
7537.0,0
7539.0,1
7541.0,0
7543.0,2
7545.0,0
7547.0,1
7549.0,0
7551.0,1
7553.0,2
7555.0,0
7557.0,1
7559.0,0
7561.0,0
7563.0,0
7565.0,0
7567.0,2
7569.0,1
7571.0,3
7573.0,1
7575.0,1
7577.0,2
7579.0,1
7581.0,0
7583.0,0
7585.0,0
7587.0,2
7589.0,0
7591.0,0
7593.0,0
7595.0,1
7597.0,0
7599.0,1
7601.0,0
7603.0,0
7605.0,0
7607.0,1
7609.0,0
7611.0,0
7613.0,1
7615.0,1
7617.0,2
7619.0,0
7621.0,0
7623.0,0
7625.0,0
7627.0,0
7629.0,0
7631.0,1
7633.0,1
7635.0,1
7637.0,0
7639.0,1
7641.0,1
7643.0,1
7645.0,1
7647.0,0
7649.0,1
7651.0,0
7653.0,0
7655.0,1
7657.0,0
7659.0,0
7661.0,0
7663.0,1
7665.0,0
7667.0,0
7669.0,0
7671.0,0
7673.0,0
7675.0,0
7677.0,2
7679.0,0
7681.0,0
7683.0,1
7685.0,2
7687.0,1
7689.0,0
7691.0,0
7693.0,1
7695.0,0
7697.0,0
7699.0,0
7701.0,2
7703.0,1
7705.0,0
7707.0,0
7709.0,2
7711.0,2
7713.0,0
7715.0,1
7717.0,0
7719.0,0
7721.0,1
7723.0,1
7725.0,2
7727.0,2
7729.0,0
7731.0,2
7733.0,1
7735.0,0
7737.0,0
7739.0,2
7741.0,1
7743.0,2
7745.0,2
7747.0,0
7749.0,1
7751.0,0
7753.0,2
7755.0,1
7757.0,1
7759.0,0
7761.0,1
7763.0,2
7765.0,0
7767.0,0
7769.0,1
7771.0,1
7773.0,0
7775.0,0
7777.0,1
7779.0,1
7781.0,0
7783.0,0
7785.0,1
7787.0,1
7789.0,1
7791.0,0
7793.0,0
7795.0,0
7797.0,0
7799.0,2
7801.0,2
7803.0,0
7805.0,1
7807.0,1
7809.0,2
7811.0,1
7813.0,1
7815.0,0
7817.0,0
7819.0,1
7821.0,1
7823.0,2
7825.0,1
7827.0,1
7829.0,0
7831.0,2
7833.0,0
7835.0,0
7837.0,1
7839.0,0
7841.0,2
7843.0,0
7845.0,0
7847.0,0
7849.0,0
7851.0,0
7853.0,0
7855.0,1
7857.0,0
7859.0,1
7861.0,1
7863.0,0
7865.0,0
7867.0,0
7869.0,1
7871.0,0
7873.0,0
7875.0,0
7877.0,0
7879.0,1
7881.0,1
7883.0,1
7885.0,1
7887.0,1
7889.0,0
7891.0,2
7893.0,0
7895.0,2
7897.0,0
7899.0,1
7901.0,1
7903.0,0
7905.0,3
7907.0,1
7909.0,0
7911.0,2
7913.0,0
7915.0,0
7917.0,0
7919.0,1
7921.0,1
7923.0,0
7925.0,2
7927.0,1
7929.0,0
7931.0,2
7933.0,0
7935.0,0
7937.0,0
7939.0,0
7941.0,0
7943.0,0
7945.0,0
7947.0,2
7949.0,2
7951.0,2
7953.0,1
7955.0,0
7957.0,0
7959.0,0
7961.0,1
7963.0,1
7965.0,0
7967.0,1
7969.0,0
7971.0,0
7973.0,1
7975.0,0
7977.0,0
7979.0,1
7981.0,1
7983.0,1
7985.0,0
7987.0,0
7989.0,2
7991.0,0
7993.0,0
7995.0,1
7997.0,0
7999.0,0
8001.0,1
8003.0,1
8005.0,5
8007.0,1
8009.0,3
8011.0,0
8013.0,2
8015.0,1
8017.0,1
8019.0,0
8021.0,2
8023.0,2
8025.0,0
8027.0,2
8029.0,3
8031.0,2
8033.0,2
8035.0,0
8037.0,0
8039.0,1
8041.0,1
8043.0,4
8045.0,2
8047.0,4
8049.0,3
8051.0,5
8053.0,3
8055.0,4
8057.0,2
8059.0,0
8061.0,0
8063.0,1
8065.0,2
8067.0,1
8069.0,1
8071.0,2
8073.0,1
8075.0,1
8077.0,0
8079.0,1
8081.0,0
8083.0,2
8085.0,1
8087.0,1
8089.0,0
8091.0,0
8093.0,1
8095.0,0
8097.0,1
8099.0,0
8101.0,0
8103.0,0
8105.0,0
8107.0,1
8109.0,0
8111.0,1
8113.0,0
8115.0,1
8117.0,0
8119.0,0
8121.0,2
8123.0,0
8125.0,1
8127.0,0
8129.0,0
8131.0,2
8133.0,0
8135.0,1
8137.0,2
8139.0,0
8141.0,0
8143.0,2
8145.0,1
8147.0,0
8149.0,1
8151.0,0
8153.0,0
8155.0,0
8157.0,0
8159.0,1
8161.0,0
8163.0,0
8165.0,0
8167.0,0
8169.0,0
8171.0,0
8173.0,0
8175.0,0
8177.0,2
8179.0,0
8181.0,2
8183.0,0
8185.0,0
8187.0,1
8189.0,0
8191.0,2
8193.0,0
8195.0,0
8197.0,2
8199.0,0
8201.0,0
8203.0,0
8205.0,0
8207.0,0
8209.0,1
8211.0,0
8213.0,0
8215.0,1
8217.0,1
8219.0,0
8221.0,0
8223.0,0
8225.0,0
8227.0,2
8229.0,1
8231.0,2
8233.0,1
8235.0,1
8237.0,3
8239.0,0
8241.0,0
8243.0,0
8245.0,1
8247.0,0
8249.0,1
8251.0,2
8253.0,1
8255.0,0
8257.0,0
8259.0,0
8261.0,2
8263.0,2
8265.0,0
8267.0,1
8269.0,1
8271.0,2
8273.0,0
8275.0,2
8277.0,1
8279.0,0
8281.0,0
8283.0,2
8285.0,2
8287.0,1
8289.0,1
8291.0,1
8293.0,1
8295.0,3
8297.0,3
8299.0,1
8301.0,0
8303.0,3
8305.0,0
8307.0,1
8309.0,3
8311.0,0
8313.0,2
8315.0,1
8317.0,1
8319.0,0
8321.0,0
8323.0,4
8325.0,0
8327.0,2
8329.0,1
8331.0,1
8333.0,0
8335.0,0
8337.0,1
8339.0,1
8341.0,2
8343.0,0
8345.0,1
8347.0,1
8349.0,1
8351.0,3
8353.0,3
8355.0,1
8357.0,2
8359.0,2
8361.0,3
8363.0,1
8365.0,2
8367.0,1
8369.0,0
8371.0,0
8373.0,2
8375.0,1
8377.0,1
8379.0,2
8381.0,6
8383.0,3
8385.0,2
8387.0,0
8389.0,0
8391.0,1
8393.0,1
8395.0,2
8397.0,0
8399.0,1
8401.0,2
8403.0,2
8405.0,0
8407.0,2
8409.0,1
8411.0,2
8413.0,4
8415.0,2
8417.0,1
8419.0,0
8421.0,1
8423.0,2
8425.0,1
8427.0,3
8429.0,3
8431.0,1
8433.0,4
8435.0,4
8437.0,5
8439.0,5
8441.0,4
8443.0,2
8445.0,7
8447.0,5
8449.0,2
8451.0,5
8453.0,2
8455.0,2
8457.0,2
8459.0,12
8461.0,5
8463.0,9
8465.0,4
8467.0,3
8469.0,8
8471.0,5
8473.0,2
8475.0,3
8477.0,8
8479.0,8
8481.0,8
8483.0,9
8485.0,13
8487.0,8
8489.0,4
8491.0,6
8493.0,4
8495.0,4
8497.0,7
8499.0,7
8501.0,5
8503.0,3
8505.0,5
8507.0,3
8509.0,2
8511.0,1
8513.0,6
8515.0,1
8517.0,2
8519.0,1
8521.0,3
8523.0,3
8525.0,0
8527.0,5
8529.0,3
8531.0,12
8533.0,48
8535.0,49
8537.0,50
8539.0,46
8541.0,62
8543.0,109
8545.0,127
8547.0,52
8549.0,20
8551.0,9
8553.0,5
8555.0,1
8557.0,4
8559.0,5
8561.0,4
8563.0,7
8565.0,6
8567.0,5
8569.0,0
8571.0,1
8573.0,1
8575.0,0
8577.0,1
8579.0,0
8581.0,1
8583.0,0
8585.0,1
8587.0,0
8589.0,0
8591.0,1
8593.0,0
8595.0,1
8597.0,0
8599.0,1
8601.0,0
8603.0,0
8605.0,0
8607.0,0
8609.0,0
8611.0,1
8613.0,1
8615.0,1
8617.0,0
8619.0,0
8621.0,0
8623.0,0
8625.0,0
8627.0,0
8629.0,1
8631.0,0
8633.0,1
8635.0,1
8637.0,3
8639.0,1
8641.0,3
8643.0,1
8645.0,2
8647.0,0
8649.0,0
8651.0,0
8653.0,3
8655.0,2
8657.0,7
8659.0,4
8661.0,0
8663.0,0
8665.0,2
8667.0,3
8669.0,1
8671.0,1
8673.0,1
8675.0,0
8677.0,0
8679.0,1
8681.0,1
8683.0,2
8685.0,11
8687.0,19
8689.0,22
8691.0,25
8693.0,13
8695.0,9
8697.0,3
8699.0,3
8701.0,2
8703.0,7
8705.0,5
8707.0,10
8709.0,5
8711.0,4
8713.0,0
8715.0,0
8717.0,1
8719.0,0
8721.0,0
8723.0,1
8725.0,1
8727.0,1
8729.0,0
8731.0,0
8733.0,0
8735.0,0
8737.0,0
8739.0,0
8741.0,0
8743.0,1
8745.0,0
8747.0,0
8749.0,1
8751.0,2
8753.0,1
8755.0,2
8757.0,2
8759.0,4
8761.0,4
8763.0,2
8765.0,1
8767.0,0
8769.0,0
8771.0,0
8773.0,0
8775.0,0
8777.0,0
8779.0,1
8781.0,0
8783.0,0
8785.0,0
8787.0,0
8789.0,0
8791.0,0
8793.0,1
8795.0,2
8797.0,0
8799.0,1
8801.0,1
8803.0,0
8805.0,0
8807.0,0
8809.0,1
8811.0,0
8813.0,0
8815.0,1
8817.0,0
8819.0,0
8821.0,0
8823.0,0
8825.0,0
8827.0,1
8829.0,0
8831.0,1
8833.0,4
8835.0,3
8837.0,5
8839.0,0
8841.0,2
8843.0,0
8845.0,1
8847.0,2
8849.0,1
8851.0,1
8853.0,3
8855.0,4
8857.0,1
8859.0,2
8861.0,0
8863.0,1
8865.0,0
8867.0,1
8869.0,0
8871.0,1
8873.0,1
8875.0,0
8877.0,1
8879.0,0
8881.0,1
8883.0,0
8885.0,1
8887.0,3
8889.0,3
8891.0,1
8893.0,2
8895.0,2
8897.0,2
8899.0,2
8901.0,2
8903.0,0
8905.0,0
8907.0,2
8909.0,2
8911.0,0
8913.0,0
8915.0,0
8917.0,0
8919.0,0
8921.0,0
8923.0,0
8925.0,1
8927.0,0
8929.0,0
8931.0,0
8933.0,1
8935.0,0
8937.0,1
8939.0,0
8941.0,0
8943.0,1
8945.0,0
8947.0,0
8949.0,0
8951.0,1
8953.0,0
8955.0,0
8957.0,0
8959.0,0
8961.0,1
8963.0,0
8965.0,1
8967.0,0
8969.0,1
8971.0,1
8973.0,0
8975.0,1
8977.0,1
8979.0,0
8981.0,0
8983.0,0
8985.0,0
8987.0,1
8989.0,2
8991.0,1
8993.0,0
8995.0,1
8997.0,1
8999.0,4
9001.0,0
9003.0,0
9005.0,1
9007.0,1
9009.0,0
9011.0,0
9013.0,1
9015.0,0
9017.0,0
9019.0,0
9021.0,2
9023.0,2
9025.0,0
9027.0,2
9029.0,0
9031.0,1
9033.0,1
9035.0,1
9037.0,0
9039.0,0
9041.0,1
9043.0,0
9045.0,1
9047.0,0
9049.0,0
9051.0,0
9053.0,0
9055.0,1
9057.0,0
9059.0,0
9061.0,0
9063.0,0
9065.0,3
9067.0,1
9069.0,1
9071.0,0
9073.0,0
9075.0,0
9077.0,0
9079.0,0
9081.0,1
9083.0,0
9085.0,0
9087.0,0
9089.0,0
9091.0,0
9093.0,0
9095.0,0
9097.0,1
9099.0,0
9101.0,1
9103.0,2
9105.0,5
9107.0,4
9109.0,1
9111.0,1
9113.0,2
9115.0,0
9117.0,1
9119.0,1
9121.0,2
9123.0,1
9125.0,0
9127.0,1
9129.0,2
9131.0,2
9133.0,0
9135.0,0
9137.0,1
9139.0,1
9141.0,3
9143.0,1
9145.0,1
9147.0,4
9149.0,0
9151.0,2
9153.0,0
9155.0,0
9157.0,0
9159.0,0
9161.0,1
9163.0,0
9165.0,0
9167.0,1
9169.0,0
9171.0,0
9173.0,0
9175.0,1
9177.0,1
9179.0,2
9181.0,3
9183.0,3
9185.0,1
9187.0,1
9189.0,0
9191.0,2
9193.0,1
9195.0,0
9197.0,1
9199.0,0
9201.0,0
9203.0,1
9205.0,1
9207.0,2
9209.0,3
9211.0,2
9213.0,3
9215.0,5
9217.0,2
9219.0,1
9221.0,1
9223.0,0
9225.0,2
9227.0,0
9229.0,0
9231.0,2
9233.0,3
9235.0,1
9237.0,1
9239.0,0
9241.0,3
9243.0,5
9245.0,10
9247.0,4
9249.0,3
9251.0,1
9253.0,3
9255.0,0
9257.0,1
9259.0,3
9261.0,5
9263.0,7
9265.0,5
9267.0,7
9269.0,4
9271.0,6
9273.0,0
9275.0,0
9277.0,2
9279.0,2
9281.0,1
9283.0,1
9285.0,2
9287.0,9
9289.0,9
9291.0,14
9293.0,6
9295.0,5
9297.0,1
9299.0,7
9301.0,3
9303.0,1
9305.0,0
9307.0,0
9309.0,1
9311.0,3
9313.0,1
9315.0,0
9317.0,2
9319.0,1
9321.0,0
9323.0,1
9325.0,4
9327.0,4
9329.0,10
9331.0,16
9333.0,16
9335.0,7
9337.0,9
9339.0,4
9341.0,0
9343.0,1
9345.0,3
9347.0,2
9349.0,0
9351.0,1
9353.0,2
9355.0,2
9357.0,0
9359.0,5
9361.0,6
9363.0,16
9365.0,30
9367.0,14
9369.0,13
9371.0,13
9373.0,11
9375.0,15
9377.0,4
9379.0,3
9381.0,2
9383.0,3
9385.0,1
9387.0,6
9389.0,3
9391.0,4
9393.0,6
9395.0,10
9397.0,16
9399.0,56
9401.0,94
9403.0,90
9405.0,71
9407.0,39
9409.0,18
9411.0,8
9413.0,5
9415.0,4
9417.0,2
9419.0,4
9421.0,3
9423.0,7
9425.0,5
9427.0,4
9429.0,8
9431.0,4
9433.0,3
9435.0,1
9437.0,0
9439.0,0
9441.0,1
9443.0,2
9445.0,0
9447.0,1
9449.0,0
9451.0,1
9453.0,2
9455.0,2
9457.0,2
9459.0,2
9461.0,0
9463.0,1
9465.0,2
9467.0,2
9469.0,0
9471.0,1
9473.0,0
9475.0,1
9477.0,0
9479.0,0
9481.0,1
9483.0,0
9485.0,0
9487.0,1
9489.0,0
9491.0,0
9493.0,1
9495.0,0
9497.0,1
9499.0,0
9501.0,0
9503.0,1
9505.0,2
9507.0,1
9509.0,3
9511.0,4
9513.0,0
9515.0,0
9517.0,1
9519.0,1
9521.0,0
9523.0,1
9525.0,1
9527.0,1
9529.0,0
9531.0,2
9533.0,7
9535.0,8
9537.0,11
9539.0,7
9541.0,4
9543.0,1
9545.0,0
9547.0,0
9549.0,1
9551.0,0
9553.0,0
9555.0,0
9557.0,3
9559.0,0
9561.0,0
9563.0,0
9565.0,0
9567.0,0
9569.0,3
9571.0,1
9573.0,6
9575.0,6
9577.0,3
9579.0,1
9581.0,1
9583.0,0
9585.0,0
9587.0,0
9589.0,0
9591.0,0
9593.0,1
9595.0,0
9597.0,0
9599.0,2
9601.0,0
9603.0,2
9605.0,0
9607.0,0
9609.0,0
9611.0,1
9613.0,1
9615.0,0
9617.0,0
9619.0,0
9621.0,0
9623.0,0
9625.0,0
9627.0,0
9629.0,1
9631.0,0
9633.0,0
9635.0,1
9637.0,0
9639.0,0
9641.0,1
9643.0,1
9645.0,0
9647.0,0
9649.0,0
9651.0,0
9653.0,0
9655.0,1
9657.0,1
9659.0,0
9661.0,0
9663.0,0
9665.0,0
9667.0,2
9669.0,0
9671.0,0
9673.0,0
9675.0,1
9677.0,0
9679.0,3
9681.0,3
9683.0,2
9685.0,0
9687.0,1
9689.0,1
9691.0,0
9693.0,0
9695.0,2
9697.0,2
9699.0,2
9701.0,0
9703.0,2
9705.0,0
9707.0,1
9709.0,0
9711.0,2
9713.0,1
9715.0,0
9717.0,1
9719.0,3
9721.0,0
9723.0,0
9725.0,0
9727.0,1
9729.0,2
9731.0,0
9733.0,0
9735.0,0
9737.0,0
9739.0,0
9741.0,0
9743.0,2
9745.0,0
9747.0,0
9749.0,0
9751.0,0
9753.0,0
9755.0,0
9757.0,1
9759.0,1
9761.0,2
9763.0,0
9765.0,1
9767.0,0
9769.0,0
9771.0,0
9773.0,0
9775.0,0
9777.0,0
9779.0,2
9781.0,2
9783.0,0
9785.0,1
9787.0,1
9789.0,0
9791.0,0
9793.0,0
9795.0,0
9797.0,0
9799.0,0
9801.0,1
9803.0,0
9805.0,0
9807.0,0
9809.0,1
9811.0,1
9813.0,0
9815.0,0
9817.0,0
9819.0,0
9821.0,0
9823.0,0
9825.0,1
9827.0,2
9829.0,1
9831.0,0
9833.0,0
9835.0,1
9837.0,1
9839.0,0
9841.0,0
9843.0,4
9845.0,1
9847.0,1
9849.0,0
9851.0,2
9853.0,0
9855.0,2
9857.0,1
9859.0,1
9861.0,2
9863.0,0
9865.0,0
9867.0,0
9869.0,1
9871.0,1
9873.0,0
9875.0,2
9877.0,2
9879.0,1
9881.0,0
9883.0,0
9885.0,0
9887.0,1
9889.0,0
9891.0,0
9893.0,0
9895.0,1
9897.0,1
9899.0,2
9901.0,2
9903.0,1
9905.0,2
9907.0,2
9909.0,2
9911.0,1
9913.0,0
9915.0,0
9917.0,0
9919.0,4
9921.0,0
9923.0,2
9925.0,1
9927.0,1
9929.0,0
9931.0,1
9933.0,1
9935.0,2
9937.0,0
9939.0,1
9941.0,2
9943.0,1
9945.0,3
9947.0,0
9949.0,0
9951.0,0
9953.0,3
9955.0,3
9957.0,1
9959.0,2
9961.0,1
9963.0,2
9965.0,0
9967.0,0
9969.0,2
9971.0,0
9973.0,4
9975.0,0
9977.0,0
9979.0,0
9981.0,3
9983.0,1
9985.0,2
9987.0,3
9989.0,0
9991.0,1
9993.0,2
9995.0,2
9997.0,0
9999.0,2
10001.0,2
10003.0,0
10005.0,1
10007.0,1
10009.0,0
10011.0,5
10013.0,8
10015.0,15
10017.0,11
10019.0,7
10021.0,2
10023.0,2
10025.0,2
10027.0,0
10029.0,1
10031.0,1
10033.0,2
10035.0,3
10037.0,1
10039.0,1
10041.0,2
10043.0,1
10045.0,0
10047.0,1
10049.0,0
10051.0,2
10053.0,0
10055.0,0
10057.0,0
10059.0,1
10061.0,0
10063.0,1
10065.0,0
10067.0,1
10069.0,0
10071.0,0
10073.0,0
10075.0,0
10077.0,0
10079.0,1
10081.0,0
10083.0,0
10085.0,0
10087.0,0
10089.0,0
10091.0,1
10093.0,1
10095.0,1
10097.0,1
10099.0,0
10101.0,1
10103.0,1
10105.0,0
10107.0,0
10109.0,0
10111.0,0
10113.0,0
10115.0,2
10117.0,0
10119.0,0
10121.0,1
10123.0,0
10125.0,1
10127.0,0
10129.0,0
10131.0,0
10133.0,0
10135.0,0
10137.0,1
10139.0,1
10141.0,0
10143.0,0
10145.0,1
10147.0,0
10149.0,0
10151.0,0
10153.0,0
10155.0,1
10157.0,0
10159.0,0
10161.0,1
10163.0,1
10165.0,1
10167.0,0
10169.0,0
10171.0,0
10173.0,2
10175.0,0
10177.0,2
10179.0,1
10181.0,1
10183.0,1
10185.0,0
10187.0,0
10189.0,1
10191.0,0
10193.0,0
10195.0,0
10197.0,1
10199.0,1
10201.0,0
10203.0,0
10205.0,1
10207.0,0
10209.0,1
10211.0,1
10213.0,0
10215.0,1
10217.0,1
10219.0,1
10221.0,1
10223.0,4
10225.0,0
10227.0,0
10229.0,0
10231.0,0
10233.0,2
10235.0,2
10237.0,1
10239.0,0
10241.0,2
10243.0,1
10245.0,0
10247.0,0
10249.0,1
10251.0,0
10253.0,2
10255.0,7
10257.0,3
10259.0,0
10261.0,0
10263.0,0
10265.0,2
10267.0,1
10269.0,2
10271.0,2
10273.0,0
10275.0,0
10277.0,0
10279.0,1
10281.0,1
10283.0,0
10285.0,1
10287.0,1
10289.0,0
10291.0,2
10293.0,0
10295.0,2
10297.0,2
10299.0,1
10301.0,1
10303.0,3
10305.0,0
10307.0,1
10309.0,1
10311.0,1
10313.0,2
10315.0,0
10317.0,0
10319.0,3
10321.0,1
10323.0,1
10325.0,0
10327.0,1
10329.0,1
10331.0,0
10333.0,0
10335.0,3
10337.0,1
10339.0,3
10341.0,3
10343.0,0
10345.0,1
10347.0,0
10349.0,1
10351.0,1
10353.0,2
10355.0,0
10357.0,0
10359.0,0
10361.0,1
10363.0,3
10365.0,2
10367.0,1
10369.0,2
10371.0,0
10373.0,0
10375.0,1
10377.0,1
10379.0,1
10381.0,1
10383.0,1
10385.0,0
10387.0,2
10389.0,3
10391.0,1
10393.0,6
10395.0,2
10397.0,0
10399.0,1
10401.0,1
10403.0,0
10405.0,2
10407.0,1
10409.0,2
10411.0,0
10413.0,0
10415.0,4
10417.0,3
10419.0,1
10421.0,3
10423.0,2
10425.0,4
10427.0,3
10429.0,4
10431.0,2
10433.0,2
10435.0,2
10437.0,4
10439.0,1
10441.0,2
10443.0,5
10445.0,0
10447.0,4
10449.0,2
10451.0,7
10453.0,3
10455.0,7
10457.0,3
10459.0,1
10461.0,8
10463.0,2
10465.0,1
10467.0,3
10469.0,0
10471.0,1
10473.0,1
10475.0,0
10477.0,2
10479.0,1
10481.0,2
10483.0,2
10485.0,2
10487.0,2
10489.0,0
10491.0,1
10493.0,2
10495.0,1
10497.0,0
10499.0,4
10501.0,0
10503.0,3
10505.0,5
10507.0,4
10509.0,8
10511.0,5
10513.0,6
10515.0,5
10517.0,3
10519.0,0
10521.0,0
10523.0,2
10525.0,1
10527.0,1
10529.0,2
10531.0,2
10533.0,0
10535.0,3
10537.0,0
10539.0,1
10541.0,2
10543.0,2
10545.0,1
10547.0,1
10549.0,2
10551.0,4
10553.0,0
10555.0,0
10557.0,1
10559.0,2
10561.0,2
10563.0,0
10565.0,1
10567.0,0
10569.0,3
10571.0,2
10573.0,1
10575.0,2
10577.0,1
10579.0,0
10581.0,1
10583.0,0
10585.0,0
10587.0,0
10589.0,1
10591.0,3
10593.0,2
10595.0,1
10597.0,3
10599.0,1
10601.0,1
10603.0,3
10605.0,2
10607.0,0
10609.0,1
10611.0,0
10613.0,0
10615.0,1
10617.0,0
10619.0,2
10621.0,1
10623.0,3
10625.0,2
10627.0,2
10629.0,1
10631.0,0
10633.0,3
10635.0,4
10637.0,1
10639.0,2
10641.0,1
10643.0,2
10645.0,0
10647.0,2
10649.0,1
10651.0,4
10653.0,2
10655.0,2
10657.0,15
10659.0,1
10661.0,5
10663.0,3
10665.0,1
10667.0,5
10669.0,3
10671.0,4
10673.0,0
10675.0,1
10677.0,4
10679.0,4
10681.0,2
10683.0,2
10685.0,1
10687.0,3
10689.0,0
10691.0,1
10693.0,1
10695.0,1
10697.0,0
10699.0,0
10701.0,4
10703.0,2
10705.0,4
10707.0,1
10709.0,2
10711.0,2
10713.0,1
10715.0,1
10717.0,1
10719.0,2
10721.0,1
10723.0,3
10725.0,0
10727.0,2
10729.0,1
10731.0,2
10733.0,0
10735.0,0
10737.0,4
10739.0,2
10741.0,1
10743.0,1
10745.0,3
10747.0,2
10749.0,1
10751.0,4
10753.0,4
10755.0,6
10757.0,4
10759.0,6
10761.0,7
10763.0,9
10765.0,17
10767.0,16
10769.0,12
10771.0,8
10773.0,9
10775.0,1
10777.0,2
10779.0,1
10781.0,2
10783.0,5
10785.0,4
10787.0,0
10789.0,2
10791.0,3
10793.0,4
10795.0,2
10797.0,0
10799.0,0
10801.0,1
10803.0,1
10805.0,1
10807.0,1
10809.0,2
10811.0,1
10813.0,2
10815.0,0
10817.0,1
10819.0,5
10821.0,0
10823.0,2
10825.0,2
10827.0,0
10829.0,1
10831.0,1
10833.0,0
10835.0,3
10837.0,0
10839.0,0
10841.0,0
10843.0,0
10845.0,0
10847.0,0
10849.0,0
10851.0,0
10853.0,0
10855.0,0
10857.0,0
10859.0,0
10861.0,0
10863.0,1
10865.0,2
10867.0,0
10869.0,0
10871.0,0
10873.0,0
10875.0,0
10877.0,0
10879.0,1
10881.0,0
10883.0,1
10885.0,2
10887.0,1
10889.0,1
10891.0,1
10893.0,2
10895.0,2
10897.0,0
10899.0,0
10901.0,1
10903.0,0
10905.0,1
10907.0,0
10909.0,0
10911.0,0
10913.0,3
10915.0,2
10917.0,1
10919.0,0
10921.0,4
10923.0,0
10925.0,3
10927.0,3
10929.0,3
10931.0,1
10933.0,0
10935.0,0
10937.0,0
10939.0,0
10941.0,1
10943.0,1
10945.0,0
10947.0,0
10949.0,1
10951.0,1
10953.0,0
10955.0,2
10957.0,2
10959.0,1
10961.0,0
10963.0,1
10965.0,0
10967.0,0
10969.0,1
10971.0,2
10973.0,0
10975.0,0
10977.0,0
10979.0,0
10981.0,0
10983.0,1
10985.0,0
10987.0,1
10989.0,1
10991.0,0
10993.0,0
10995.0,0
10997.0,0
10999.0,1
11001.0,1
11003.0,1
11005.0,2
11007.0,1
11009.0,0
11011.0,1
11013.0,1
11015.0,0
11017.0,0
11019.0,0
11021.0,1
11023.0,2
11025.0,0
11027.0,0
11029.0,0
11031.0,2
11033.0,1
11035.0,1
11037.0,0
11039.0,2
11041.0,1
11043.0,0
11045.0,1
11047.0,1
11049.0,0
11051.0,0
11053.0,0
11055.0,2
11057.0,0
11059.0,1
11061.0,1
11063.0,1
11065.0,0
11067.0,1
11069.0,0
11071.0,6
11073.0,4
11075.0,6
11077.0,2
11079.0,1
11081.0,2
11083.0,3
11085.0,2
11087.0,1
11089.0,1
11091.0,0
11093.0,2
11095.0,0
11097.0,1
11099.0,2
11101.0,1
11103.0,0
11105.0,0
11107.0,1
11109.0,1
11111.0,0
11113.0,1
11115.0,0
11117.0,0
11119.0,1
11121.0,0
11123.0,1
11125.0,0
11127.0,1
11129.0,0
11131.0,0
11133.0,1
11135.0,1
11137.0,0
11139.0,2
11141.0,0
11143.0,0
11145.0,1
11147.0,0
11149.0,2
11151.0,0
11153.0,1
11155.0,0
11157.0,1
11159.0,2
11161.0,0
11163.0,1
11165.0,1
11167.0,0
11169.0,1
11171.0,0
11173.0,2
11175.0,0
11177.0,0
11179.0,0
11181.0,0
11183.0,0
11185.0,2
11187.0,0
11189.0,4
11191.0,0
11193.0,1
11195.0,2
11197.0,0
11199.0,1
11201.0,0
11203.0,0
11205.0,0
11207.0,0
11209.0,0
11211.0,1
11213.0,1
11215.0,0
11217.0,0
11219.0,0
11221.0,1
11223.0,0
11225.0,1
11227.0,0
11229.0,0
11231.0,2
11233.0,1
11235.0,0
11237.0,0
11239.0,0
11241.0,1
11243.0,0
11245.0,1
11247.0,0
11249.0,2
11251.0,0
11253.0,1
11255.0,1
11257.0,1
11259.0,1
11261.0,0
11263.0,1
11265.0,1
11267.0,1
11269.0,0
11271.0,0
11273.0,0
11275.0,0
11277.0,1
11279.0,0
11281.0,0
11283.0,1
11285.0,1
11287.0,1
11289.0,0
11291.0,1
11293.0,0
11295.0,0
11297.0,1
11299.0,2
11301.0,2
11303.0,0
11305.0,1
11307.0,0
11309.0,1
11311.0,0
11313.0,1
11315.0,0
11317.0,0
11319.0,0
11321.0,1
11323.0,0
11325.0,0
11327.0,0
11329.0,0
11331.0,0
11333.0,0
11335.0,0
11337.0,3
11339.0,3
11341.0,2
11343.0,2
11345.0,0
11347.0,1
11349.0,1
11351.0,0
11353.0,1
11355.0,0
11357.0,0
11359.0,0
11361.0,1
11363.0,0
11365.0,1
11367.0,0
11369.0,1
11371.0,0
11373.0,0
11375.0,0
11377.0,0
11379.0,0
11381.0,1
11383.0,1
11385.0,1
11387.0,0
11389.0,2
11391.0,0
11393.0,0
11395.0,1
11397.0,0
11399.0,0
11401.0,0
11403.0,2
11405.0,0
11407.0,2
11409.0,2
11411.0,1
11413.0,0
11415.0,0
11417.0,0
11419.0,3
11421.0,0
11423.0,0
11425.0,0
11427.0,0
11429.0,0
11431.0,0
11433.0,0
11435.0,0
11437.0,1
11439.0,0
11441.0,1
11443.0,2
11445.0,0
11447.0,0
11449.0,0
11451.0,2
11453.0,1
11455.0,0
11457.0,2
11459.0,1
11461.0,0
11463.0,1
11465.0,0
11467.0,2
11469.0,0
11471.0,0
11473.0,1
11475.0,0
11477.0,0
11479.0,1
11481.0,0
11483.0,0
11485.0,0
11487.0,0
11489.0,0
11491.0,0
11493.0,0
11495.0,0
11497.0,1
11499.0,0
11501.0,2
11503.0,0
11505.0,0
11507.0,0
11509.0,1
11511.0,0
11513.0,1
11515.0,1
11517.0,0
11519.0,1
11521.0,0
11523.0,0
11525.0,0
11527.0,1
11529.0,0
11531.0,1
11533.0,1
11535.0,0
11537.0,0
11539.0,0
11541.0,1
11543.0,2
11545.0,1
11547.0,3
11549.0,1
11551.0,1
11553.0,2
11555.0,2
11557.0,0
11559.0,3
11561.0,1
11563.0,1
11565.0,0
11567.0,0
11569.0,0
11571.0,1
11573.0,0
11575.0,1
11577.0,1
11579.0,2
11581.0,0
11583.0,0
11585.0,1
11587.0,0
11589.0,0
11591.0,1
11593.0,0
11595.0,4
11597.0,2
11599.0,6
11601.0,0
11603.0,1
11605.0,0
11607.0,0
11609.0,1
11611.0,0
11613.0,1
11615.0,0
11617.0,1
11619.0,0
11621.0,0
11623.0,0
11625.0,0
11627.0,1
11629.0,1
11631.0,1
11633.0,2
11635.0,0
11637.0,1
11639.0,0
11641.0,1
11643.0,4
11645.0,2
11647.0,1
11649.0,5
11651.0,3
11653.0,0
11655.0,1
11657.0,3
11659.0,1
11661.0,0
11663.0,0
11665.0,0
11667.0,1
11669.0,2
11671.0,0
11673.0,0
11675.0,2
11677.0,1
11679.0,0
11681.0,2
11683.0,3
11685.0,3
11687.0,3
11689.0,5
11691.0,3
11693.0,3
11695.0,7
11697.0,0
11699.0,1
11701.0,4
11703.0,2
11705.0,1
11707.0,0
11709.0,1
11711.0,1
11713.0,0
11715.0,1
11717.0,0
11719.0,0
11721.0,3
11723.0,1
11725.0,0
11727.0,4
11729.0,2
11731.0,3
11733.0,2
11735.0,1
11737.0,1
11739.0,1
11741.0,0
11743.0,0
11745.0,0
11747.0,0
11749.0,1
11751.0,0
11753.0,0
11755.0,1
11757.0,0
11759.0,1
11761.0,1
11763.0,1
11765.0,1
11767.0,0
11769.0,0
11771.0,2
11773.0,1
11775.0,0
11777.0,0
11779.0,0
11781.0,0
11783.0,0
11785.0,1
11787.0,0
11789.0,0
11791.0,0
11793.0,1
11795.0,0
11797.0,0
11799.0,0
11801.0,1
11803.0,0
11805.0,1
11807.0,0
11809.0,0
11811.0,0
11813.0,0
11815.0,1
11817.0,0
11819.0,0
11821.0,0
11823.0,0
11825.0,0
11827.0,0
11829.0,0
11831.0,0
11833.0,0
11835.0,0
11837.0,0
11839.0,0
11841.0,1
11843.0,1
11845.0,0
11847.0,0
11849.0,0
11851.0,0
11853.0,0
11855.0,0
11857.0,2
11859.0,0
11861.0,0
11863.0,0
11865.0,0
11867.0,0
11869.0,1
11871.0,0
11873.0,0
11875.0,0
11877.0,0
11879.0,0
11881.0,1
11883.0,1
11885.0,0
11887.0,0
11889.0,0
11891.0,1
11893.0,1
11895.0,0
11897.0,0
11899.0,0
11901.0,0
11903.0,0
11905.0,1
11907.0,0
11909.0,0
11911.0,0
11913.0,2
11915.0,0
11917.0,0
11919.0,1
11921.0,0
11923.0,0
11925.0,1
11927.0,1
11929.0,0
11931.0,0
11933.0,0
11935.0,1
11937.0,0
11939.0,0
11941.0,0
11943.0,0
11945.0,0
11947.0,2
11949.0,0
11951.0,0
11953.0,0
11955.0,0
11957.0,0
11959.0,0
11961.0,0
11963.0,1
11965.0,1
11967.0,0
11969.0,0
11971.0,1
11973.0,1
11975.0,0
11977.0,1
11979.0,0
11981.0,1
11983.0,1
11985.0,0
11987.0,0
11989.0,1
11991.0,0
11993.0,1
11995.0,0
11997.0,0
11999.0,0
12001.0,0
12003.0,0
12005.0,0
12007.0,0
12009.0,0
12011.0,0
12013.0,2
12015.0,0
12017.0,0
12019.0,0
12021.0,0
12023.0,0
12025.0,0
12027.0,0
12029.0,0
12031.0,0
12033.0,1
12035.0,0
12037.0,1
12039.0,1
12041.0,0
12043.0,1
12045.0,1
12047.0,0
12049.0,0
12051.0,1
12053.0,0
12055.0,0
12057.0,1
12059.0,0
12061.0,1
12063.0,0
12065.0,0
12067.0,0
12069.0,0
12071.0,0
12073.0,1
12075.0,1
12077.0,0
12079.0,1
12081.0,0
12083.0,0
12085.0,0
12087.0,0
12089.0,0
12091.0,0
12093.0,0
12095.0,0
12097.0,0
12099.0,1
12101.0,0
12103.0,1
12105.0,0
12107.0,0
12109.0,0
12111.0,0
12113.0,0
12115.0,0
12117.0,1
12119.0,0
12121.0,0
12123.0,0
12125.0,0
12127.0,0
12129.0,0
12131.0,0
12133.0,0
12135.0,0
12137.0,0
12139.0,0
12141.0,0
12143.0,0
12145.0,1
12147.0,0
12149.0,0
12151.0,1
12153.0,1
12155.0,0
12157.0,1
12159.0,1
12161.0,1
12163.0,0
12165.0,2
12167.0,0
12169.0,1
12171.0,0
12173.0,0
12175.0,0
12177.0,0
12179.0,2
12181.0,0
12183.0,0
12185.0,1
12187.0,1
12189.0,1
12191.0,0
12193.0,0
12195.0,0
12197.0,0
12199.0,0
12201.0,0
12203.0,1
12205.0,0
12207.0,0
12209.0,1
12211.0,0
12213.0,0
12215.0,0
12217.0,0
12219.0,0
12221.0,0
12223.0,0
12225.0,0
12227.0,0
12229.0,1
12231.0,1
12233.0,0
12235.0,1
12237.0,1
12239.0,0
12241.0,1
12243.0,2
12245.0,0
12247.0,0
12249.0,2
12251.0,1
12253.0,0
12255.0,2
12257.0,0
12259.0,1
12261.0,0
12263.0,0
12265.0,2
12267.0,0
12269.0,2
12271.0,2
12273.0,1
12275.0,0
12277.0,2
12279.0,1
12281.0,0
12283.0,0
12285.0,0
12287.0,0
12289.0,0
12291.0,0
12293.0,1
12295.0,1
12297.0,0
12299.0,0
12301.0,1
12303.0,1
12305.0,0
12307.0,2
12309.0,0
12311.0,1
12313.0,1
12315.0,6
12317.0,3
12319.0,1
12321.0,5
12323.0,5
12325.0,3
12327.0,0
12329.0,4
12331.0,0
12333.0,1
12335.0,0
12337.0,1
12339.0,0
12341.0,0
12343.0,0
12345.0,0
12347.0,0
12349.0,1
12351.0,0
12353.0,0
12355.0,0
12357.0,0
12359.0,1
12361.0,3
12363.0,0
12365.0,0
12367.0,1
12369.0,1
12371.0,0
12373.0,1
12375.0,0
12377.0,0
12379.0,0
12381.0,0
12383.0,0
12385.0,0
12387.0,0
12389.0,0
12391.0,1
12393.0,0
12395.0,1
12397.0,0
12399.0,0
12401.0,0
12403.0,0
12405.0,1
12407.0,0
12409.0,0
12411.0,0
12413.0,0
12415.0,0
12417.0,0
12419.0,0
12421.0,0
12423.0,0
12425.0,0
12427.0,0
12429.0,1
12431.0,0
12433.0,0
12435.0,0
12437.0,0
12439.0,0
12441.0,0
12443.0,0
12445.0,0
12447.0,0
12449.0,0
12451.0,0
12453.0,2
12455.0,0
12457.0,0
12459.0,0
12461.0,0
12463.0,0
12465.0,0
12467.0,0
12469.0,0
12471.0,0
12473.0,0
12475.0,0
12477.0,0
12479.0,0
12481.0,0
12483.0,1
12485.0,1
12487.0,0
12489.0,0
12491.0,0
12493.0,1
12495.0,0
12497.0,0
12499.0,0
12501.0,0
12503.0,0
12505.0,0
12507.0,0
12509.0,0
12511.0,0
12513.0,0
12515.0,0
12517.0,0
12519.0,0
12521.0,0
12523.0,0
12525.0,0
12527.0,0
12529.0,0
12531.0,0
12533.0,0
12535.0,0
12537.0,1
12539.0,1
12541.0,0
12543.0,0
12545.0,0
12547.0,0
12549.0,0
12551.0,0
12553.0,0
12555.0,2
12557.0,0
12559.0,0
12561.0,1
12563.0,0
12565.0,1
12567.0,2
12569.0,0
12571.0,0
12573.0,0
12575.0,0
12577.0,0
12579.0,0
12581.0,0
12583.0,0
12585.0,0
12587.0,0
12589.0,1
12591.0,0
12593.0,0
12595.0,0
12597.0,0
12599.0,0
12601.0,0
12603.0,0
12605.0,0
12607.0,0
12609.0,0
12611.0,0
12613.0,0
12615.0,0
12617.0,0
12619.0,0
12621.0,0
12623.0,0
12625.0,0
12627.0,0
12629.0,0
12631.0,0
12633.0,0
12635.0,0
12637.0,0
12639.0,0
12641.0,0
12643.0,0
12645.0,0
12647.0,1
12649.0,0
12651.0,0
12653.0,0
12655.0,0
12657.0,0
12659.0,2
12661.0,0
12663.0,0
12665.0,0
12667.0,0
12669.0,0
12671.0,0
12673.0,0
12675.0,0
12677.0,1
12679.0,0
12681.0,0
12683.0,0
12685.0,0
12687.0,0
12689.0,0
12691.0,0
12693.0,0
12695.0,0
12697.0,1
12699.0,0
12701.0,0
12703.0,0
12705.0,0
12707.0,0
12709.0,0
12711.0,0
12713.0,0
12715.0,1
12717.0,0
12719.0,1
12721.0,0
12723.0,0
12725.0,0
12727.0,0
12729.0,0
12731.0,0
12733.0,1
12735.0,1
12737.0,0
12739.0,0
12741.0,0
12743.0,0
12745.0,0
12747.0,0
12749.0,0
12751.0,1
12753.0,0
12755.0,0
12757.0,0
12759.0,0
12761.0,0
12763.0,0
12765.0,0
12767.0,1
12769.0,0
12771.0,0
12773.0,0
12775.0,0
12777.0,0
12779.0,0
12781.0,0
12783.0,1
12785.0,1
12787.0,1
12789.0,0
12791.0,1
12793.0,0
12795.0,1
12797.0,0
12799.0,0
12801.0,0
12803.0,0
12805.0,0
12807.0,1
12809.0,0
12811.0,0
12813.0,0
12815.0,0
12817.0,0
12819.0,0
12821.0,0
12823.0,1
12825.0,0
12827.0,0
12829.0,0
12831.0,0
12833.0,0
12835.0,1
12837.0,0
12839.0,0
12841.0,0
12843.0,0
12845.0,0
12847.0,0
12849.0,0
12851.0,0
12853.0,0
12855.0,0
12857.0,0
12859.0,0
12861.0,1
12863.0,0
12865.0,0
12867.0,1
12869.0,0
12871.0,1
12873.0,1
12875.0,1
12877.0,0
12879.0,0
12881.0,0
12883.0,0
12885.0,0
12887.0,1
12889.0,0
12891.0,0
12893.0,0
12895.0,0
12897.0,0
12899.0,1
12901.0,0
12903.0,0
12905.0,0
12907.0,0
12909.0,1
12911.0,0
12913.0,0
12915.0,0
12917.0,0
12919.0,0
12921.0,0
12923.0,0
12925.0,0
12927.0,1
12929.0,0
12931.0,0
12933.0,1
12935.0,0
12937.0,0
12939.0,0
12941.0,0
12943.0,0
12945.0,0
12947.0,0
12949.0,0
12951.0,0
12953.0,0
12955.0,0
12957.0,0
12959.0,0
12961.0,0
12963.0,1
12965.0,0
12967.0,0
12969.0,0
12971.0,0
12973.0,0
12975.0,0
12977.0,0
12979.0,0
12981.0,0
12983.0,0
12985.0,0
12987.0,0
12989.0,0
12991.0,0
12993.0,0
12995.0,0
12997.0,0
