Bin center (eV),Counts per 2 eV bin
801.0,14
803.0,18
805.0,10
807.0,13
809.0,6
811.0,16
813.0,17
815.0,20
817.0,18
819.0,18
821.0,25
823.0,20
825.0,18
827.0,23
829.0,26
831.0,35
833.0,49
835.0,58
837.0,74
839.0,82
841.0,109
843.0,118
845.0,103
847.0,138
849.0,136
851.0,141
853.0,169
855.0,142
857.0,100
859.0,92
861.0,52
863.0,22
865.0,26
867.0,23
869.0,14
871.0,13
873.0,24
875.0,22
877.0,22
879.0,14
881.0,17
883.0,12
885.0,24
887.0,21
889.0,27
891.0,18
893.0,25
895.0,17
897.0,28
899.0,47
901.0,59
903.0,73
905.0,118
907.0,115
909.0,88
911.0,64
913.0,52
915.0,91
917.0,122
919.0,143
921.0,152
923.0,183
925.0,128
927.0,121
929.0,93
931.0,93
933.0,77
935.0,81
937.0,52
939.0,39
941.0,31
943.0,28
945.0,18
947.0,23
949.0,28
951.0,24
953.0,19
955.0,13
957.0,15
959.0,14
961.0,12
963.0,20
965.0,17
967.0,10
969.0,13
971.0,11
973.0,27
975.0,14
977.0,12
979.0,7
981.0,17
983.0,16
985.0,9
987.0,7
989.0,2
991.0,9
993.0,10
995.0,6
997.0,7
999.0,5
1001.0,8
1003.0,8
1005.0,8
1007.0,5
1009.0,7
1011.0,4
1013.0,6
1015.0,11
1017.0,6
1019.0,8
1021.0,8
1023.0,4
1025.0,13
1027.0,11
1029.0,15
1031.0,11
1033.0,16
1035.0,13
1037.0,13
1039.0,15
1041.0,4
1043.0,6
1045.0,6
1047.0,2
1049.0,2
1051.0,6
1053.0,11
1055.0,10
1057.0,9
1059.0,5
1061.0,7
1063.0,2
1065.0,9
1067.0,7
1069.0,8
1071.0,8
1073.0,10
1075.0,7
1077.0,8
1079.0,6
1081.0,5
1083.0,11
1085.0,4
1087.0,8
1089.0,8
1091.0,8
1093.0,9
1095.0,8
1097.0,9
1099.0,9
1101.0,0
1103.0,10
1105.0,8
1107.0,4
1109.0,6
1111.0,5
1113.0,3
1115.0,7
1117.0,6
1119.0,9
1121.0,8
1123.0,6
1125.0,9
1127.0,5
1129.0,10
1131.0,4
1133.0,7
1135.0,7
1137.0,5
1139.0,9
1141.0,6
1143.0,4
1145.0,5
1147.0,6
1149.0,7
1151.0,5
1153.0,8
1155.0,8
1157.0,6
1159.0,6
1161.0,7
1163.0,5
1165.0,6
1167.0,6
1169.0,7
1171.0,4
1173.0,10
1175.0,5
1177.0,7
1179.0,11
1181.0,4
1183.0,8
1185.0,9
1187.0,5
1189.0,5
1191.0,5
1193.0,6
1195.0,10
1197.0,8
1199.0,16
1201.0,19
1203.0,12
1205.0,8
1207.0,6
1209.0,8
1211.0,10
1213.0,5
1215.0,11
1217.0,4
1219.0,10
1221.0,8
1223.0,10
1225.0,11
1227.0,20
1229.0,8
1231.0,9
1233.0,10
1235.0,7
1237.0,4
1239.0,11
1241.0,9
1243.0,10
1245.0,10
1247.0,11
1249.0,13
1251.0,8
1253.0,4
1255.0,5
1257.0,2
1259.0,2
1261.0,7
1263.0,11
1265.0,15
1267.0,13
1269.0,8
1271.0,4
1273.0,10
1275.0,10
1277.0,10
1279.0,8
1281.0,2
1283.0,5
1285.0,9
1287.0,5
1289.0,5
1291.0,8
1293.0,10
1295.0,9
1297.0,3
1299.0,9
1301.0,2
1303.0,8
1305.0,6
1307.0,7
1309.0,4
1311.0,7
1313.0,12
1315.0,14
1317.0,3
1319.0,10
1321.0,6
1323.0,4
1325.0,11
1327.0,10
1329.0,5
1331.0,10
1333.0,8
1335.0,8
1337.0,11
1339.0,10
1341.0,5
1343.0,10
1345.0,12
1347.0,18
1349.0,13
1351.0,10
1353.0,6
1355.0,5
1357.0,7
1359.0,7
1361.0,4
1363.0,8
1365.0,6
1367.0,10
1369.0,8
1371.0,7
1373.0,5
1375.0,12
1377.0,18
1379.0,15
1381.0,13
1383.0,6
1385.0,13
1387.0,5
1389.0,7
1391.0,12
1393.0,11
1395.0,7
1397.0,8
1399.0,4
1401.0,3
1403.0,5
1405.0,5
1407.0,4
1409.0,7
1411.0,8
1413.0,4
1415.0,6
1417.0,8
1419.0,6
1421.0,6
1423.0,14
1425.0,9
1427.0,7
1429.0,8
1431.0,11
1433.0,10
1435.0,7
1437.0,7
1439.0,3
1441.0,5
1443.0,5
1445.0,5
1447.0,12
1449.0,7
1451.0,8
1453.0,5
1455.0,9
1457.0,3
1459.0,5
1461.0,11
1463.0,11
1465.0,4
1467.0,8
1469.0,7
1471.0,8
1473.0,10
1475.0,8
1477.0,5
1479.0,4
1481.0,6
1483.0,5
1485.0,9
1487.0,6
1489.0,11
1491.0,4
1493.0,7
1495.0,5
1497.0,8
1499.0,6
1501.0,11
1503.0,10
1505.0,4
1507.0,12
1509.0,5
1511.0,10
1513.0,11
1515.0,17
1517.0,3
1519.0,4
1521.0,6
1523.0,8
1525.0,6
1527.0,12
1529.0,11
1531.0,6
1533.0,14
1535.0,3
1537.0,10
1539.0,10
1541.0,5
1543.0,9
1545.0,3
1547.0,9
1549.0,5
1551.0,9
1553.0,11
1555.0,9
1557.0,12
1559.0,7
1561.0,5
1563.0,12
1565.0,8
1567.0,6
1569.0,13
1571.0,11
1573.0,4
1575.0,5
1577.0,7
1579.0,7
1581.0,4
1583.0,6
1585.0,6
1587.0,3
1589.0,7
1591.0,7
1593.0,2
1595.0,10
1597.0,3
1599.0,7
1601.0,5
1603.0,5
1605.0,6
1607.0,10
1609.0,3
1611.0,14
1613.0,9
1615.0,6
1617.0,7
1619.0,8
1621.0,11
1623.0,10
1625.0,4
1627.0,12
1629.0,11
1631.0,17
1633.0,10
1635.0,6
1637.0,3
1639.0,3
1641.0,6
1643.0,4
1645.0,8
1647.0,4
1649.0,10
1651.0,5
1653.0,3
1655.0,8
1657.0,4
1659.0,9
1661.0,3
1663.0,6
1665.0,13
1667.0,8
1669.0,6
1671.0,13
1673.0,8
1675.0,5
1677.0,7
1679.0,8
1681.0,5
1683.0,3
1685.0,3
1687.0,13
1689.0,4
1691.0,5
1693.0,8
1695.0,10
1697.0,2
1699.0,6
1701.0,4
1703.0,3
1705.0,4
1707.0,6
1709.0,6
1711.0,7
1713.0,1
1715.0,3
1717.0,8
1719.0,5
1721.0,5
1723.0,4
1725.0,7
1727.0,10
1729.0,14
1731.0,9
1733.0,7
1735.0,4
1737.0,5
1739.0,14
1741.0,11
1743.0,5
1745.0,2
1747.0,5
1749.0,4
1751.0,10
1753.0,0
1755.0,7
1757.0,1
1759.0,10
1761.0,8
1763.0,13
1765.0,6
1767.0,3
1769.0,9
1771.0,4
1773.0,2
1775.0,2
1777.0,5
1779.0,6
1781.0,5
1783.0,11
1785.0,7
1787.0,7
1789.0,4
1791.0,4
1793.0,5
1795.0,3
1797.0,4
1799.0,6
1801.0,7
1803.0,4
1805.0,4
1807.0,9
1809.0,8
1811.0,8
1813.0,4
1815.0,5
1817.0,3
1819.0,4
1821.0,5
1823.0,6
1825.0,4
1827.0,7
1829.0,8
1831.0,5
1833.0,6
1835.0,10
1837.0,9
1839.0,8
1841.0,4
1843.0,7
1845.0,5
1847.0,11
1849.0,5
1851.0,9
1853.0,6
1855.0,7
1857.0,5
1859.0,10
1861.0,15
1863.0,13
1865.0,13
1867.0,14
1869.0,16
1871.0,15
1873.0,22
1875.0,26
1877.0,18
1879.0,10
1881.0,11
1883.0,16
1885.0,10
1887.0,13
1889.0,8
1891.0,22
1893.0,27
1895.0,23
1897.0,13
1899.0,3
1901.0,5
1903.0,8
1905.0,12
1907.0,5
1909.0,8
1911.0,6
1913.0,9
1915.0,2
1917.0,5
1919.0,11
1921.0,5
1923.0,14
1925.0,10
1927.0,5
1929.0,5
1931.0,9
1933.0,8
1935.0,7
1937.0,11
1939.0,8
1941.0,7
1943.0,3
1945.0,8
1947.0,5
1949.0,2
1951.0,3
1953.0,8
1955.0,2
1957.0,3
1959.0,8
1961.0,4
1963.0,6
1965.0,9
1967.0,8
1969.0,2
1971.0,7
1973.0,4
1975.0,9
1977.0,7
1979.0,11
1981.0,8
1983.0,5
1985.0,8
1987.0,10
1989.0,8
1991.0,8
1993.0,9
1995.0,6
1997.0,4
1999.0,6
2001.0,9
2003.0,4
2005.0,0
2007.0,3
2009.0,6
2011.0,7
2013.0,10
2015.0,8
2017.0,6
2019.0,9
2021.0,5
2023.0,5
2025.0,5
2027.0,6
2029.0,8
2031.0,5
2033.0,3
2035.0,2
2037.0,8
2039.0,6
2041.0,5
2043.0,12
2045.0,13
2047.0,11
2049.0,9
2051.0,9
2053.0,7
2055.0,4
2057.0,1
2059.0,12
2061.0,5
2063.0,9
2065.0,9
2067.0,8
2069.0,9
2071.0,7
2073.0,4
2075.0,7
2077.0,9
2079.0,10
2081.0,12
2083.0,12
2085.0,6
2087.0,12
2089.0,10
2091.0,6
2093.0,13
2095.0,12
2097.0,14
2099.0,7
2101.0,11
2103.0,7
2105.0,11
2107.0,13
2109.0,18
2111.0,23
2113.0,11
2115.0,9
2117.0,10
2119.0,5
2121.0,8
2123.0,9
2125.0,11
2127.0,10
2129.0,10
2131.0,10
2133.0,6
2135.0,7
2137.0,8
2139.0,14
2141.0,14
2143.0,13
2145.0,12
2147.0,7
2149.0,4
2151.0,13
2153.0,15
2155.0,11
2157.0,23
2159.0,25
2161.0,14
2163.0,16
2165.0,17
2167.0,13
2169.0,12
2171.0,7
2173.0,9
2175.0,11
2177.0,12
2179.0,32
2181.0,19
2183.0,18
2185.0,7
2187.0,11
2189.0,10
2191.0,13
2193.0,5
2195.0,9
2197.0,8
2199.0,12
2201.0,7
2203.0,13
2205.0,15
2207.0,10
2209.0,14
2211.0,12
2213.0,9
2215.0,6
2217.0,6
2219.0,10
2221.0,15
2223.0,16
2225.0,19
2227.0,28
2229.0,24
2231.0,10
2233.0,12
2235.0,2
2237.0,13
2239.0,8
2241.0,6
2243.0,13
2245.0,9
2247.0,12
2249.0,22
2251.0,21
2253.0,7
2255.0,11
2257.0,11
2259.0,6
2261.0,6
2263.0,6
2265.0,10
2267.0,10
2269.0,19
2271.0,19
2273.0,22
2275.0,18
2277.0,17
2279.0,16
2281.0,23
2283.0,16
2285.0,9
2287.0,13
2289.0,19
2291.0,17
2293.0,20
2295.0,16
2297.0,18
2299.0,17
2301.0,14
2303.0,11
2305.0,9
2307.0,9
2309.0,14
2311.0,15
2313.0,9
2315.0,16
2317.0,12
2319.0,20
2321.0,25
2323.0,19
2325.0,8
2327.0,14
2329.0,13
2331.0,12
2333.0,12
2335.0,12
2337.0,13
2339.0,11
2341.0,14
2343.0,25
2345.0,23
2347.0,17
2349.0,15
2351.0,14
2353.0,8
2355.0,10
2357.0,10
2359.0,15
2361.0,14
2363.0,13
2365.0,25
2367.0,16
2369.0,15
2371.0,18
2373.0,12
2375.0,7
2377.0,9
2379.0,6
2381.0,10
2383.0,19
2385.0,12
2387.0,13
2389.0,11
2391.0,16
2393.0,19
2395.0,17
2397.0,10
2399.0,14
2401.0,14
2403.0,13
2405.0,14
2407.0,22
2409.0,19
2411.0,23
2413.0,22
2415.0,31
2417.0,17
2419.0,24
2421.0,16
2423.0,11
2425.0,11
2427.0,21
2429.0,8
2431.0,14
2433.0,18
2435.0,15
2437.0,19
2439.0,18
2441.0,26
2443.0,17
2445.0,12
2447.0,13
2449.0,16
2451.0,12
2453.0,18
2455.0,23
2457.0,30
2459.0,57
2461.0,35
2463.0,25
2465.0,26
2467.0,11
2469.0,20
2471.0,20
2473.0,18
2475.0,16
2477.0,17
2479.0,13
2481.0,11
2483.0,12
2485.0,11
2487.0,15
2489.0,19
2491.0,19
2493.0,8
2495.0,16
2497.0,12
2499.0,18
2501.0,17
2503.0,16
2505.0,17
2507.0,11
2509.0,10
2511.0,12
2513.0,13
2515.0,15
2517.0,19
2519.0,19
2521.0,18
2523.0,11
2525.0,12
2527.0,16
2529.0,14
2531.0,10
2533.0,18
2535.0,13
2537.0,13
2539.0,18
2541.0,29
2543.0,16
2545.0,24
2547.0,18
2549.0,16
2551.0,15
2553.0,27
2555.0,19
2557.0,15
2559.0,10
2561.0,23
2563.0,14
2565.0,27
2567.0,17
2569.0,11
2571.0,10
2573.0,19
2575.0,11
2577.0,15
2579.0,14
2581.0,11
2583.0,14
2585.0,11
2587.0,19
2589.0,23
2591.0,16
2593.0,27
2595.0,33
2597.0,31
2599.0,29
2601.0,20
2603.0,16
2605.0,19
2607.0,18
2609.0,18
2611.0,14
2613.0,25
2615.0,18
2617.0,19
2619.0,20
2621.0,24
2623.0,23
2625.0,16
2627.0,17
2629.0,19
2631.0,17
2633.0,20
2635.0,10
2637.0,8
2639.0,23
2641.0,15
2643.0,12
2645.0,17
2647.0,20
2649.0,15
2651.0,18
2653.0,15
2655.0,13
2657.0,19
2659.0,16
2661.0,19
2663.0,13
2665.0,22
2667.0,21
2669.0,33
2671.0,33
2673.0,38
2675.0,18
2677.0,19
2679.0,9
2681.0,9
2683.0,10
2685.0,10
2687.0,18
2689.0,14
2691.0,16
2693.0,15
2695.0,5
2697.0,9
2699.0,9
2701.0,13
2703.0,17
2705.0,23
2707.0,24
2709.0,13
2711.0,19
2713.0,13
2715.0,18
2717.0,37
2719.0,33
2721.0,32
2723.0,8
2725.0,25
2727.0,21
2729.0,9
2731.0,9
2733.0,13
2735.0,8
2737.0,14
2739.0,10
2741.0,11
2743.0,16
2745.0,20
2747.0,33
2749.0,26
2751.0,21
2753.0,19
2755.0,20
2757.0,20
2759.0,16
2761.0,18
2763.0,15
2765.0,14
2767.0,16
2769.0,13
2771.0,11
2773.0,11
2775.0,16
2777.0,10
2779.0,15
2781.0,34
2783.0,34
2785.0,22
2787.0,20
2789.0,19
2791.0,27
2793.0,23
2795.0,20
2797.0,17
2799.0,11
2801.0,9
2803.0,20
2805.0,15
2807.0,10
2809.0,17
2811.0,19
2813.0,13
2815.0,15
2817.0,16
2819.0,9
2821.0,18
2823.0,20
2825.0,31
2827.0,39
2829.0,33
2831.0,21
2833.0,18
2835.0,23
2837.0,22
2839.0,22
2841.0,14
2843.0,9
2845.0,13
2847.0,15
2849.0,20
2851.0,17
2853.0,23
2855.0,22
2857.0,13
2859.0,18
2861.0,11
2863.0,14
2865.0,18
2867.0,19
2869.0,26
2871.0,17
2873.0,11
2875.0,17
2877.0,22
2879.0,15
2881.0,12
2883.0,14
2885.0,11
2887.0,17
2889.0,10
2891.0,24
2893.0,24
2895.0,23
2897.0,27
2899.0,15
2901.0,13
2903.0,19
2905.0,21
2907.0,28
2909.0,40
2911.0,26
2913.0,17
2915.0,13
2917.0,11
2919.0,8
2921.0,16
2923.0,14
2925.0,9
2927.0,19
2929.0,19
2931.0,15
2933.0,16
2935.0,11
2937.0,10
2939.0,11
2941.0,19
2943.0,18
2945.0,24
2947.0,16
2949.0,10
2951.0,27
2953.0,15
2955.0,23
2957.0,24
2959.0,31
2961.0,33
2963.0,26
2965.0,16
2967.0,8
2969.0,10
2971.0,9
2973.0,9
2975.0,14
2977.0,10
2979.0,10
2981.0,14
2983.0,15
2985.0,17
2987.0,15
2989.0,14
2991.0,22
2993.0,38
2995.0,29
2997.0,24
2999.0,11
3001.0,10
3003.0,7
3005.0,15
3007.0,18
3009.0,13
3011.0,17
3013.0,16
3015.0,19
3017.0,15
3019.0,21
3021.0,3
3023.0,7
3025.0,5
3027.0,9
3029.0,16
3031.0,19
3033.0,14
3035.0,14
3037.0,12
3039.0,13
3041.0,15
3043.0,26
3045.0,43
3047.0,26
3049.0,28
3051.0,17
3053.0,15
3055.0,13
3057.0,13
3059.0,22
3061.0,19
3063.0,16
3065.0,15
3067.0,16
3069.0,12
3071.0,18
3073.0,12
3075.0,10
3077.0,8
3079.0,8
3081.0,9
3083.0,8
3085.0,14
3087.0,17
3089.0,19
3091.0,26
3093.0,24
3095.0,11
3097.0,16
3099.0,13
3101.0,21
3103.0,16
3105.0,20
3107.0,26
3109.0,43
3111.0,29
3113.0,27
3115.0,34
3117.0,22
3119.0,11
3121.0,25
3123.0,15
3125.0,22
3127.0,10
3129.0,15
3131.0,12
3133.0,8
3135.0,7
3137.0,10
3139.0,11
3141.0,14
3143.0,15
3145.0,18
3147.0,15
3149.0,19
3151.0,16
3153.0,19
3155.0,24
3157.0,15
3159.0,6
3161.0,4
3163.0,10
3165.0,11
3167.0,17
3169.0,11
3171.0,17
3173.0,15
3175.0,12
3177.0,16
3179.0,27
3181.0,19
3183.0,22
3185.0,3
3187.0,9
3189.0,4
3191.0,11
3193.0,17
3195.0,13
3197.0,19
3199.0,20
3201.0,16
3203.0,12
3205.0,8
3207.0,9
3209.0,12
3211.0,16
3213.0,15
3215.0,19
3217.0,17
3219.0,15
3221.0,19
3223.0,17
3225.0,14
3227.0,16
3229.0,22
3231.0,27
3233.0,16
3235.0,18
3237.0,20
3239.0,12
3241.0,11
3243.0,8
3245.0,17
3247.0,13
3249.0,10
3251.0,9
3253.0,9
3255.0,10
3257.0,4
3259.0,8
3261.0,15
3263.0,10
3265.0,15
3267.0,15
3269.0,15
3271.0,28
3273.0,19
3275.0,24
3277.0,23
3279.0,23
3281.0,17
3283.0,16
3285.0,17
3287.0,11
3289.0,8
3291.0,12
3293.0,11
3295.0,13
3297.0,8
3299.0,9
3301.0,17
3303.0,12
3305.0,12
3307.0,8
3309.0,9
3311.0,12
3313.0,16
3315.0,17
3317.0,35
3319.0,32
3321.0,23
3323.0,13
3325.0,13
3327.0,14
3329.0,22
3331.0,9
3333.0,14
3335.0,21
3337.0,30
3339.0,23
3341.0,17
3343.0,11
3345.0,24
3347.0,25
3349.0,13
3351.0,18
3353.0,9
3355.0,13
3357.0,4
3359.0,8
3361.0,9
3363.0,6
3365.0,13
3367.0,8
3369.0,12
3371.0,22
3373.0,15
3375.0,11
3377.0,17
3379.0,21
3381.0,31
3383.0,37
3385.0,28
3387.0,28
3389.0,15
3391.0,28
3393.0,29
3395.0,18
3397.0,11
3399.0,12
3401.0,7
3403.0,6
3405.0,9
3407.0,6
3409.0,3
3411.0,10
3413.0,10
3415.0,16
3417.0,29
3419.0,19
3421.0,14
3423.0,21
3425.0,14
3427.0,10
3429.0,19
3431.0,30
3433.0,24
3435.0,9
3437.0,18
3439.0,20
3441.0,16
3443.0,6
3445.0,7
3447.0,13
3449.0,7
3451.0,8
3453.0,17
3455.0,23
3457.0,25
3459.0,22
3461.0,15
3463.0,13
3465.0,12
3467.0,15
3469.0,32
3471.0,30
3473.0,27
3475.0,19
3477.0,10
3479.0,3
3481.0,6
3483.0,6
3485.0,6
3487.0,4
3489.0,13
3491.0,16
3493.0,8
3495.0,3
3497.0,1
3499.0,9
3501.0,7
3503.0,7
3505.0,15
3507.0,12
3509.0,10
3511.0,6
3513.0,11
3515.0,12
3517.0,7
3519.0,17
3521.0,11
3523.0,6
3525.0,10
3527.0,14
3529.0,25
3531.0,15
3533.0,5
3535.0,10
3537.0,15
3539.0,20
3541.0,13
3543.0,11
3545.0,12
3547.0,8
3549.0,11
3551.0,11
3553.0,7
3555.0,7
3557.0,15
3559.0,12
3561.0,5
3563.0,5
3565.0,12
3567.0,8
3569.0,8
3571.0,28
3573.0,15
3575.0,10
3577.0,18
3579.0,11
3581.0,16
3583.0,8
3585.0,8
3587.0,9
3589.0,13
3591.0,14
3593.0,7
3595.0,2
3597.0,5
3599.0,5
3601.0,6
3603.0,5
3605.0,3
3607.0,5
3609.0,4
3611.0,6
3613.0,11
3615.0,11
3617.0,22
3619.0,21
3621.0,23
3623.0,16
3625.0,21
3627.0,14
3629.0,21
3631.0,10
3633.0,10
3635.0,8
3637.0,8
3639.0,6
3641.0,5
3643.0,7
3645.0,6
3647.0,2
3649.0,5
3651.0,4
3653.0,10
3655.0,11
3657.0,8
3659.0,9
3661.0,7
3663.0,14
3665.0,12
3667.0,14
3669.0,14
3671.0,7
3673.0,13
3675.0,8
3677.0,6
3679.0,11
3681.0,13
3683.0,15
3685.0,21
3687.0,11
3689.0,11
3691.0,7
3693.0,7
3695.0,3
3697.0,11
3699.0,9
3701.0,13
3703.0,3
3705.0,8
3707.0,13
3709.0,12
3711.0,19
3713.0,10
3715.0,16
3717.0,5
3719.0,4
3721.0,6
3723.0,5
3725.0,7
3727.0,6
3729.0,7
3731.0,11
3733.0,7
3735.0,7
3737.0,9
3739.0,2
3741.0,6
3743.0,11
3745.0,9
3747.0,9
3749.0,12
3751.0,8
3753.0,3
3755.0,10
3757.0,10
3759.0,18
3761.0,17
3763.0,6
3765.0,5
3767.0,2
3769.0,8
3771.0,20
3773.0,5
3775.0,3
3777.0,1
3779.0,4
3781.0,2
3783.0,5
3785.0,4
3787.0,9
3789.0,4
3791.0,4
3793.0,3
3795.0,7
3797.0,14
3799.0,11
3801.0,13
3803.0,14
3805.0,12
3807.0,13
3809.0,5
3811.0,1
3813.0,7
3815.0,5
3817.0,3
3819.0,3
3821.0,4
3823.0,6
3825.0,7
3827.0,9
3829.0,12
3831.0,5
3833.0,7
3835.0,8
3837.0,9
3839.0,2
3841.0,6
3843.0,6
3845.0,13
3847.0,9
3849.0,7
3851.0,4
3853.0,5
3855.0,9
3857.0,7
3859.0,10
3861.0,4
3863.0,3
3865.0,4
3867.0,4
3869.0,6
3871.0,6
3873.0,9
3875.0,10
3877.0,11
3879.0,8
3881.0,4
3883.0,12
3885.0,2
3887.0,4
3889.0,2
3891.0,2
3893.0,4
3895.0,7
3897.0,10
3899.0,14
3901.0,14
3903.0,5
3905.0,1
3907.0,4
3909.0,4
3911.0,2
3913.0,7
3915.0,8
3917.0,3
3919.0,6
3921.0,4
3923.0,6
3925.0,7
3927.0,6
3929.0,7
3931.0,8
3933.0,8
3935.0,4
3937.0,5
3939.0,6
3941.0,11
3943.0,3
3945.0,9
3947.0,5
3949.0,2
3951.0,3
3953.0,3
3955.0,4
3957.0,4
3959.0,4
3961.0,8
3963.0,10
3965.0,9
3967.0,5
3969.0,2
3971.0,2
3973.0,5
3975.0,2
3977.0,3
3979.0,2
3981.0,3
3983.0,2
3985.0,4
3987.0,3
3989.0,2
3991.0,3
3993.0,4
3995.0,2
3997.0,5
3999.0,8
4001.0,9
4003.0,6
4005.0,6
4007.0,6
4009.0,5
4011.0,6
4013.0,8
4015.0,5
4017.0,1
4019.0,6
4021.0,9
4023.0,3
4025.0,5
4027.0,3
4029.0,3
4031.0,2
4033.0,3
4035.0,3
4037.0,0
4039.0,3
4041.0,6
4043.0,2
4045.0,7
4047.0,2
4049.0,3
4051.0,3
4053.0,1
4055.0,0
4057.0,1
4059.0,2
4061.0,2
4063.0,3
4065.0,1
4067.0,5
4069.0,1
4071.0,2
4073.0,2
4075.0,4
4077.0,2
4079.0,7
4081.0,6
4083.0,11
4085.0,14
4087.0,13
4089.0,3
4091.0,2
4093.0,1
4095.0,3
4097.0,4
4099.0,2
4101.0,3
4103.0,1
4105.0,4
4107.0,1
4109.0,2
4111.0,2
4113.0,1
4115.0,2
4117.0,3
4119.0,5
4121.0,13
4123.0,3
4125.0,1
4127.0,8
4129.0,6
4131.0,1
4133.0,3
4135.0,2
4137.0,4
4139.0,6
4141.0,5
4143.0,3
4145.0,3
4147.0,3
4149.0,2
4151.0,6
4153.0,1
4155.0,2
4157.0,4
4159.0,1
4161.0,5
4163.0,6
4165.0,4
4167.0,7
4169.0,8
4171.0,3
4173.0,5
4175.0,0
4177.0,1
4179.0,3
4181.0,1
4183.0,3
4185.0,2
4187.0,5
4189.0,3
4191.0,4
4193.0,2
4195.0,3
4197.0,4
4199.0,7
4201.0,5
4203.0,3
4205.0,13
4207.0,5
4209.0,3
4211.0,4
4213.0,5
4215.0,3
4217.0,7
4219.0,2
4221.0,7
4223.0,7
4225.0,2
4227.0,3
4229.0,3
4231.0,3
4233.0,3
4235.0,4
4237.0,1
4239.0,2
4241.0,3
4243.0,0
4245.0,3
4247.0,6
4249.0,3
4251.0,4
4253.0,10
4255.0,12
4257.0,4
4259.0,3
4261.0,2
4263.0,2
4265.0,2
4267.0,3
4269.0,7
4271.0,2
4273.0,8
4275.0,3
4277.0,2
4279.0,6
4281.0,5
4283.0,3
4285.0,6
4287.0,4
4289.0,1
4291.0,2
4293.0,1
4295.0,2
4297.0,5
4299.0,6
4301.0,6
4303.0,3
4305.0,4
4307.0,2
4309.0,2
4311.0,1
4313.0,7
4315.0,4
4317.0,3
4319.0,5
4321.0,6
4323.0,2
4325.0,2
4327.0,7
4329.0,5
4331.0,12
4333.0,8
4335.0,3
4337.0,2
4339.0,3
4341.0,6
4343.0,11
4345.0,10
4347.0,7
4349.0,1
4351.0,4
4353.0,4
4355.0,5
4357.0,2
4359.0,2
4361.0,5
4363.0,6
4365.0,4
4367.0,9
4369.0,7
4371.0,1
4373.0,6
4375.0,4
4377.0,4
4379.0,2
4381.0,3
4383.0,2
4385.0,4
4387.0,6
4389.0,2
4391.0,2
4393.0,2
4395.0,4
4397.0,7
4399.0,2
4401.0,1
4403.0,2
4405.0,3
4407.0,8
4409.0,5
4411.0,15
4413.0,23
4415.0,10
4417.0,8
4419.0,3
4421.0,2
4423.0,2
4425.0,4
4427.0,3
4429.0,1
4431.0,1
4433.0,5
4435.0,3
4437.0,2
4439.0,9
4441.0,3
4443.0,5
4445.0,2
4447.0,4
4449.0,2
4451.0,1
4453.0,1
4455.0,1
4457.0,2
4459.0,2
4461.0,5
4463.0,5
4465.0,1
4467.0,9
4469.0,10
4471.0,2
4473.0,5
4475.0,4
4477.0,8
4479.0,2
4481.0,6
4483.0,2
4485.0,5
4487.0,3
4489.0,3
4491.0,1
4493.0,1
4495.0,3
4497.0,2
4499.0,11
4501.0,4
4503.0,4
4505.0,9
4507.0,14
4509.0,5
4511.0,1
4513.0,7
4515.0,5
4517.0,4
4519.0,7
4521.0,3
4523.0,3
4525.0,4
4527.0,2
4529.0,1
4531.0,0
4533.0,5
4535.0,3
4537.0,2
4539.0,4
4541.0,3
4543.0,2
4545.0,9
4547.0,4
4549.0,6
4551.0,5
4553.0,3
4555.0,3
4557.0,4
4559.0,2
4561.0,7
4563.0,3
4565.0,9
4567.0,3
4569.0,4
4571.0,3
4573.0,5
4575.0,1
4577.0,0
4579.0,2
4581.0,2
4583.0,5
4585.0,1
4587.0,4
4589.0,4
4591.0,3
4593.0,4
4595.0,1
4597.0,2
4599.0,2
4601.0,3
4603.0,4
4605.0,7
4607.0,11
4609.0,8
4611.0,10
4613.0,3
4615.0,2
4617.0,3
4619.0,4
4621.0,3
4623.0,6
4625.0,3
4627.0,1
4629.0,0
4631.0,1
4633.0,3
4635.0,3
4637.0,2
4639.0,3
4641.0,1
4643.0,1
4645.0,3
4647.0,2
4649.0,2
4651.0,1
4653.0,1
4655.0,3
4657.0,1
4659.0,11
4661.0,3
4663.0,5
4665.0,5
4667.0,2
4669.0,2
4671.0,2
4673.0,2
4675.0,2
4677.0,0
4679.0,5
4681.0,1
4683.0,2
4685.0,1
4687.0,4
4689.0,4
4691.0,4
4693.0,1
4695.0,5
4697.0,1
4699.0,2
4701.0,2
4703.0,4
4705.0,3
4707.0,1
4709.0,2
4711.0,4
4713.0,2
4715.0,2
4717.0,1
4719.0,4
4721.0,1
4723.0,1
4725.0,2
4727.0,2
4729.0,1
4731.0,2
4733.0,7
4735.0,2
4737.0,4
4739.0,5
4741.0,3
4743.0,1
4745.0,0
4747.0,1
4749.0,3
4751.0,1
4753.0,2
4755.0,1
4757.0,3
4759.0,4
4761.0,3
4763.0,3
4765.0,2
4767.0,5
4769.0,2
4771.0,5
4773.0,2
4775.0,2
4777.0,2
4779.0,2
4781.0,2
4783.0,3
4785.0,2
4787.0,2
4789.0,5
4791.0,2
4793.0,2
4795.0,1
4797.0,6
4799.0,6
4801.0,7
4803.0,7
4805.0,1
4807.0,3
4809.0,8
4811.0,2
4813.0,7
4815.0,3
4817.0,2
4819.0,4
4821.0,3
4823.0,1
4825.0,1
4827.0,1
4829.0,2
4831.0,2
4833.0,4
4835.0,5
4837.0,1
4839.0,4
4841.0,1
4843.0,3
4845.0,1
4847.0,1
4849.0,2
4851.0,3
4853.0,2
4855.0,0
4857.0,2
4859.0,0
4861.0,3
4863.0,0
4865.0,4
4867.0,2
4869.0,1
4871.0,1
4873.0,4
4875.0,0
4877.0,2
4879.0,1
4881.0,3
4883.0,2
4885.0,3
4887.0,3
4889.0,1
4891.0,2
4893.0,1
4895.0,2
4897.0,3
4899.0,3
4901.0,0
4903.0,2
4905.0,2
4907.0,0
4909.0,2
4911.0,5
4913.0,4
4915.0,5
4917.0,9
4919.0,7
4921.0,5
4923.0,1
4925.0,2
4927.0,2
4929.0,4
4931.0,3
4933.0,4
4935.0,3
4937.0,7
4939.0,6
4941.0,3
4943.0,4
4945.0,4
4947.0,0
4949.0,1
4951.0,3
4953.0,1
4955.0,2
4957.0,2
4959.0,3
4961.0,2
4963.0,2
4965.0,0
4967.0,1
4969.0,2
4971.0,3
4973.0,3
4975.0,4
4977.0,0
4979.0,0
4981.0,1
4983.0,2
4985.0,3
4987.0,1
4989.0,1
4991.0,3
4993.0,4
4995.0,0
4997.0,3
4999.0,1
5001.0,2
5003.0,0
5005.0,2
5007.0,2
5009.0,1
5011.0,2
5013.0,4
5015.0,2
5017.0,0
5019.0,2
5021.0,6
5023.0,3
5025.0,2
5027.0,5
5029.0,5
5031.0,3
5033.0,5
5035.0,2
5037.0,0
5039.0,3
5041.0,1
5043.0,4
5045.0,2
5047.0,2
5049.0,1
5051.0,1
5053.0,4
5055.0,7
5057.0,3
5059.0,2
5061.0,1
5063.0,0
5065.0,1
5067.0,2
5069.0,1
5071.0,3
5073.0,2
5075.0,4
5077.0,0
5079.0,1
5081.0,2
5083.0,4
5085.0,1
5087.0,0
5089.0,2
5091.0,2
5093.0,0
5095.0,1
5097.0,1
5099.0,0
5101.0,1
5103.0,3
5105.0,4
5107.0,3
5109.0,3
5111.0,2
5113.0,2
5115.0,2
5117.0,2
5119.0,2
5121.0,3
5123.0,1
5125.0,1
5127.0,2
5129.0,2
5131.0,2
5133.0,1
5135.0,1
5137.0,1
5139.0,2
5141.0,0
5143.0,7
5145.0,7
5147.0,4
5149.0,3
5151.0,4
5153.0,2
5155.0,4
5157.0,4
5159.0,4
5161.0,1
5163.0,4
5165.0,2
5167.0,4
5169.0,1
5171.0,4
5173.0,1
5175.0,2
5177.0,1
5179.0,1
5181.0,3
5183.0,3
5185.0,1
5187.0,4
5189.0,0
5191.0,2
5193.0,5
5195.0,2
5197.0,1
5199.0,0
5201.0,0
5203.0,2
5205.0,0
5207.0,1
5209.0,0
5211.0,0
5213.0,4
5215.0,5
5217.0,3
5219.0,2
5221.0,1
5223.0,3
5225.0,0
5227.0,6
5229.0,5
5231.0,3
5233.0,2
5235.0,4
5237.0,1
5239.0,4
5241.0,6
5243.0,0
5245.0,2
5247.0,4
5249.0,0
5251.0,0
5253.0,3
5255.0,3
5257.0,3
5259.0,1
5261.0,3
5263.0,4
5265.0,2
5267.0,3
5269.0,3
5271.0,1
5273.0,1
5275.0,3
5277.0,4
5279.0,5
5281.0,5
5283.0,3
5285.0,1
5287.0,1
5289.0,1
5291.0,1
5293.0,1
5295.0,4
5297.0,2
5299.0,4
5301.0,2
5303.0,1
5305.0,0
5307.0,2
5309.0,4
5311.0,2
5313.0,5
5315.0,9
5317.0,3
5319.0,1
5321.0,1
5323.0,1
5325.0,0
5327.0,1
5329.0,0
5331.0,3
5333.0,1
5335.0,0
5337.0,2
5339.0,4
5341.0,1
5343.0,5
5345.0,1
5347.0,1
5349.0,1
5351.0,1
5353.0,0
5355.0,2
5357.0,3
5359.0,1
5361.0,1
5363.0,3
5365.0,2
5367.0,0
5369.0,3
5371.0,2
5373.0,2
5375.0,0
5377.0,1
5379.0,0
5381.0,0
5383.0,0
5385.0,0
5387.0,2
5389.0,3
5391.0,7
5393.0,6
5395.0,2
5397.0,5
5399.0,2
5401.0,0
5403.0,0
5405.0,3
5407.0,4
5409.0,3
5411.0,0
5413.0,3
5415.0,1
5417.0,1
5419.0,4
5421.0,2
5423.0,2
5425.0,1
5427.0,4
5429.0,1
5431.0,2
5433.0,1
5435.0,5
5437.0,1
5439.0,3
5441.0,3
5443.0,4
5445.0,2
5447.0,1
5449.0,5
5451.0,5
5453.0,1
5455.0,1
5457.0,0
5459.0,1
5461.0,2
5463.0,5
5465.0,4
5467.0,3
5469.0,1
5471.0,2
5473.0,2
5475.0,2
5477.0,2
5479.0,2
5481.0,2
5483.0,1
5485.0,3
5487.0,1
5489.0,2
5491.0,0
5493.0,2
5495.0,1
5497.0,4
5499.0,4
5501.0,4
5503.0,4
5505.0,0
5507.0,1
5509.0,0
5511.0,2
5513.0,1
5515.0,0
5517.0,3
5519.0,2
5521.0,3
5523.0,5
5525.0,4
5527.0,3
5529.0,7
5531.0,4
5533.0,0
5535.0,0
5537.0,4
5539.0,1
5541.0,3
5543.0,2
5545.0,2
5547.0,1
5549.0,3
5551.0,1
5553.0,0
5555.0,5
5557.0,1
5559.0,1
5561.0,2
5563.0,1
5565.0,2
5567.0,0
5569.0,1
5571.0,1
5573.0,2
5575.0,0
5577.0,3
5579.0,0
5581.0,4
5583.0,0
5585.0,8
5587.0,2
5589.0,2
5591.0,2
5593.0,3
5595.0,0
5597.0,0
5599.0,1
5601.0,4
5603.0,3
5605.0,1
5607.0,2
5609.0,2
5611.0,0
5613.0,1
5615.0,4
5617.0,1
5619.0,2
5621.0,1
5623.0,1
5625.0,1
5627.0,1
5629.0,2
5631.0,3
5633.0,1
5635.0,4
5637.0,0
5639.0,2
5641.0,0
5643.0,0
5645.0,2
5647.0,0
5649.0,3
5651.0,1
5653.0,3
5655.0,2
5657.0,0
5659.0,3
5661.0,2
5663.0,4
5665.0,1
5667.0,2
5669.0,3
5671.0,4
5673.0,4
5675.0,2
5677.0,2
5679.0,0
5681.0,7
5683.0,2
5685.0,2
5687.0,1
5689.0,0
5691.0,1
5693.0,0
5695.0,1
5697.0,0
5699.0,1
5701.0,1
5703.0,4
5705.0,0
5707.0,1
5709.0,2
5711.0,4
5713.0,2
5715.0,5
5717.0,1
5719.0,3
5721.0,1
5723.0,5
5725.0,1
5727.0,1
5729.0,1
5731.0,2
5733.0,4
5735.0,1
5737.0,3
5739.0,1
5741.0,2
5743.0,2
5745.0,2
5747.0,1
5749.0,1
5751.0,2
5753.0,4
5755.0,2
5757.0,5
5759.0,2
5761.0,3
5763.0,0
5765.0,0
5767.0,1
5769.0,0
5771.0,4
5773.0,3
5775.0,0
5777.0,0
5779.0,1
5781.0,1
5783.0,1
5785.0,0
5787.0,1
5789.0,2
5791.0,0
5793.0,0
5795.0,0
5797.0,1
5799.0,1
5801.0,2
5803.0,5
5805.0,2
5807.0,2
5809.0,3
5811.0,1
5813.0,3
5815.0,2
5817.0,2
5819.0,0
5821.0,2
5823.0,1
5825.0,3
5827.0,0
5829.0,0
5831.0,1
5833.0,3
5835.0,2
5837.0,2
5839.0,0
5841.0,3
5843.0,0
5845.0,2
5847.0,2
5849.0,1
5851.0,3
5853.0,4
5855.0,0
5857.0,0
5859.0,2
5861.0,2
5863.0,1
5865.0,1
5867.0,1
5869.0,1
5871.0,1
5873.0,0
5875.0,3
5877.0,1
5879.0,2
5881.0,0
5883.0,2
5885.0,3
5887.0,3
5889.0,1
5891.0,1
5893.0,2
5895.0,2
5897.0,2
5899.0,4
5901.0,0
5903.0,2
5905.0,0
5907.0,1
5909.0,1
5911.0,0
5913.0,0
5915.0,0
5917.0,1
5919.0,2
5921.0,3
5923.0,2
5925.0,0
5927.0,2
5929.0,0
5931.0,2
5933.0,5
5935.0,3
5937.0,0
5939.0,3
5941.0,1
5943.0,2
5945.0,1
5947.0,0
5949.0,1
5951.0,2
5953.0,1
5955.0,0
5957.0,3
5959.0,5
5961.0,2
5963.0,1
5965.0,6
5967.0,1
5969.0,0
5971.0,0
5973.0,1
5975.0,0
5977.0,1
5979.0,4
5981.0,0
5983.0,1
5985.0,4
5987.0,2
5989.0,1
5991.0,2
5993.0,0
5995.0,0
5997.0,4
5999.0,3
6001.0,1
6003.0,1
6005.0,0
6007.0,2
6009.0,1
6011.0,4
6013.0,1
6015.0,0
6017.0,0
6019.0,1
6021.0,1
6023.0,1
6025.0,1
6027.0,1
6029.0,2
6031.0,0
6033.0,1
6035.0,1
6037.0,4
6039.0,1
6041.0,0
6043.0,2
6045.0,1
6047.0,2
6049.0,1
6051.0,0
6053.0,1
6055.0,3
6057.0,1
6059.0,0
6061.0,4
6063.0,1
6065.0,0
6067.0,0
6069.0,0
6071.0,2
6073.0,2
6075.0,3
6077.0,2
6079.0,4
6081.0,0
6083.0,3
6085.0,0
6087.0,6
6089.0,3
6091.0,2
6093.0,1
6095.0,1
6097.0,3
6099.0,2
6101.0,6
6103.0,2
6105.0,2
6107.0,0
6109.0,0
6111.0,3
6113.0,1
6115.0,1
6117.0,1
6119.0,1
6121.0,0
6123.0,0
6125.0,0
6127.0,1
6129.0,1
6131.0,0
6133.0,0
6135.0,2
6137.0,0
6139.0,4
6141.0,1
6143.0,1
6145.0,1
6147.0,1
6149.0,1
6151.0,2
6153.0,0
6155.0,0
6157.0,0
6159.0,0
6161.0,1
6163.0,0
6165.0,0
6167.0,1
6169.0,0
6171.0,4
6173.0,3
6175.0,2
6177.0,0
6179.0,0
6181.0,0
6183.0,1
6185.0,0
6187.0,1
6189.0,3
6191.0,1
6193.0,1
6195.0,0
6197.0,0
6199.0,2
6201.0,2
6203.0,1
6205.0,2
6207.0,0
6209.0,0
6211.0,0
6213.0,0
6215.0,0
6217.0,1
6219.0,0
6221.0,1
6223.0,0
6225.0,2
6227.0,2
6229.0,1
6231.0,0
6233.0,1
6235.0,0
6237.0,2
6239.0,0
6241.0,2
6243.0,4
6245.0,4
6247.0,4
6249.0,1
6251.0,2
6253.0,3
6255.0,1
6257.0,0
6259.0,0
6261.0,3
6263.0,1
6265.0,2
6267.0,4
6269.0,2
6271.0,0
6273.0,0
6275.0,0
6277.0,1
6279.0,0
6281.0,0
6283.0,0
6285.0,0
6287.0,3
6289.0,0
6291.0,0
6293.0,2
6295.0,1
6297.0,1
6299.0,1
6301.0,0
6303.0,0
6305.0,2
6307.0,2
6309.0,0
6311.0,1
6313.0,0
6315.0,1
6317.0,1
6319.0,1
6321.0,1
6323.0,0
6325.0,1
6327.0,2
6329.0,1
6331.0,1
6333.0,2
6335.0,2
6337.0,2
6339.0,0
6341.0,0
6343.0,1
6345.0,1
6347.0,1
6349.0,2
6351.0,0
6353.0,2
6355.0,1
6357.0,0
6359.0,1
6361.0,1
6363.0,2
6365.0,0
6367.0,2
6369.0,1
6371.0,0
6373.0,2
6375.0,0
6377.0,1
6379.0,1
6381.0,1
6383.0,2
6385.0,0
6387.0,1
6389.0,1
6391.0,1
6393.0,0
6395.0,1
6397.0,0
6399.0,1
6401.0,1
6403.0,1
6405.0,0
6407.0,2
6409.0,1
6411.0,1
6413.0,1
6415.0,1
6417.0,2
6419.0,0
6421.0,1
6423.0,2
6425.0,2
6427.0,2
6429.0,0
6431.0,0
6433.0,2
6435.0,2
6437.0,0
6439.0,0
6441.0,2
6443.0,1
6445.0,0
6447.0,1
6449.0,1
6451.0,4
6453.0,0
6455.0,3
6457.0,1
6459.0,0
6461.0,1
6463.0,1
6465.0,0
6467.0,0
6469.0,0
6471.0,0
6473.0,0
6475.0,2
6477.0,1
6479.0,0
6481.0,2
6483.0,2
6485.0,2
6487.0,3
6489.0,1
6491.0,0
6493.0,0
6495.0,1
6497.0,0
6499.0,1
6501.0,0
6503.0,0
6505.0,1
6507.0,0
6509.0,0
6511.0,0
6513.0,0
6515.0,0
6517.0,0
6519.0,1
6521.0,3
6523.0,2
6525.0,0
6527.0,0
6529.0,1
6531.0,2
6533.0,0
6535.0,0
6537.0,1
6539.0,0
6541.0,1
6543.0,0
6545.0,1
6547.0,1
6549.0,1
6551.0,0
6553.0,1
6555.0,1
6557.0,3
6559.0,2
6561.0,0
6563.0,0
6565.0,2
6567.0,1
6569.0,0
6571.0,0
6573.0,1
6575.0,0
6577.0,1
6579.0,0
6581.0,1
6583.0,1
6585.0,1
6587.0,2
6589.0,2
6591.0,1
6593.0,0
6595.0,1
6597.0,1
6599.0,2
6601.0,2
6603.0,4
6605.0,0
6607.0,0
6609.0,2
6611.0,2
6613.0,1
6615.0,0
6617.0,0
6619.0,1
6621.0,0
6623.0,0
6625.0,2
6627.0,0
6629.0,2
6631.0,1
6633.0,0
6635.0,0
6637.0,1
6639.0,0
6641.0,2
6643.0,1
6645.0,0
6647.0,0
6649.0,0
6651.0,0
6653.0,0
6655.0,0
6657.0,0
6659.0,0
6661.0,0
6663.0,0
6665.0,1
6667.0,0
6669.0,1
6671.0,1
6673.0,1
6675.0,0
6677.0,1
6679.0,2
6681.0,0
6683.0,1
6685.0,1
6687.0,0
6689.0,1
6691.0,1
6693.0,1
6695.0,0
6697.0,0
6699.0,0
6701.0,0
6703.0,0
6705.0,0
6707.0,0
6709.0,1
6711.0,2
6713.0,0
6715.0,0
6717.0,1
6719.0,0
6721.0,1
6723.0,2
6725.0,3
6727.0,0
6729.0,1
6731.0,0
6733.0,1
6735.0,1
6737.0,1
6739.0,1
6741.0,1
6743.0,0
6745.0,2
6747.0,0
6749.0,2
6751.0,1
6753.0,2
6755.0,0
6757.0,1
6759.0,0
6761.0,0
6763.0,1
6765.0,0
6767.0,0
6769.0,2
6771.0,0
6773.0,0
6775.0,0
6777.0,0
6779.0,0
6781.0,0
6783.0,0
6785.0,0
6787.0,0
6789.0,0
6791.0,0
6793.0,0
6795.0,1
6797.0,0
6799.0,1
6801.0,2
6803.0,2
6805.0,1
6807.0,2
6809.0,0
6811.0,1
6813.0,0
6815.0,1
6817.0,0
6819.0,2
6821.0,0
6823.0,1
6825.0,1
6827.0,1
6829.0,0
6831.0,1
6833.0,0
6835.0,0
6837.0,0
6839.0,0
6841.0,0
6843.0,1
6845.0,0
6847.0,0
6849.0,1
6851.0,5
6853.0,1
6855.0,1
6857.0,0
6859.0,0
6861.0,1
6863.0,3
6865.0,0
6867.0,2
6869.0,0
6871.0,1
6873.0,0
6875.0,0
6877.0,0
6879.0,1
6881.0,0
6883.0,1
6885.0,1
6887.0,3
6889.0,2
6891.0,1
6893.0,1
6895.0,2
6897.0,1
6899.0,2
6901.0,0
6903.0,0
6905.0,0
6907.0,2
6909.0,1
6911.0,1
6913.0,0
6915.0,1
6917.0,1
6919.0,1
6921.0,0
6923.0,0
6925.0,1
6927.0,1
6929.0,0
6931.0,0
6933.0,1
6935.0,0
6937.0,0
6939.0,1
6941.0,0
6943.0,1
6945.0,0
6947.0,1
6949.0,2
6951.0,1
6953.0,1
6955.0,0
6957.0,1
6959.0,1
6961.0,0
6963.0,0
6965.0,1
6967.0,1
6969.0,0
6971.0,0
6973.0,1
6975.0,0
6977.0,0
6979.0,0
6981.0,1
6983.0,1
6985.0,0
6987.0,1
6989.0,1
6991.0,1
6993.0,0
6995.0,2
6997.0,0
6999.0,1
7001.0,0
7003.0,0
7005.0,1
7007.0,1
7009.0,2
7011.0,0
7013.0,0
7015.0,0
7017.0,1
7019.0,1
7021.0,0
7023.0,1
7025.0,1
7027.0,0
7029.0,0
7031.0,0
7033.0,0
7035.0,2
7037.0,0
7039.0,1
7041.0,0
7043.0,0
7045.0,2
7047.0,0
7049.0,0
7051.0,0
7053.0,0
7055.0,1
7057.0,0
7059.0,1
7061.0,0
7063.0,0
7065.0,2
7067.0,0
7069.0,0
7071.0,1
7073.0,0
7075.0,0
7077.0,0
7079.0,0
7081.0,0
7083.0,0
7085.0,0
7087.0,0
7089.0,2
7091.0,2
7093.0,0
7095.0,0
7097.0,1
7099.0,1
7101.0,0
7103.0,0
7105.0,0
7107.0,1
7109.0,0
7111.0,1
7113.0,0
7115.0,0
7117.0,0
7119.0,1
7121.0,0
7123.0,0
7125.0,0
7127.0,0
7129.0,0
7131.0,1
7133.0,1
7135.0,0
7137.0,0
7139.0,0
7141.0,0
7143.0,1
7145.0,1
7147.0,1
7149.0,1
7151.0,0
7153.0,0
7155.0,0
7157.0,0
7159.0,0
7161.0,0
7163.0,0
7165.0,0
7167.0,0
7169.0,2
7171.0,1
7173.0,1
7175.0,0
7177.0,0
7179.0,0
7181.0,0
7183.0,0
7185.0,1
7187.0,0
7189.0,0
7191.0,2
7193.0,1
7195.0,1
7197.0,0
7199.0,2
7201.0,1
7203.0,1
7205.0,0
7207.0,0
7209.0,0
7211.0,0
7213.0,0
7215.0,2
7217.0,0
7219.0,0
7221.0,0
7223.0,0
7225.0,1
7227.0,0
7229.0,0
7231.0,0
7233.0,0
7235.0,0
7237.0,0
7239.0,1
7241.0,0
7243.0,0
7245.0,0
7247.0,0
7249.0,0
7251.0,1
7253.0,0
7255.0,0
7257.0,0
7259.0,0
7261.0,1
7263.0,0
7265.0,0
7267.0,1
7269.0,0
7271.0,0
7273.0,0
7275.0,0
7277.0,2
7279.0,0
7281.0,0
7283.0,1
7285.0,0
7287.0,1
7289.0,0
7291.0,0
7293.0,2
7295.0,1
7297.0,0
7299.0,0
7301.0,0
7303.0,1
7305.0,0
7307.0,0
7309.0,0
7311.0,0
7313.0,0
7315.0,1
7317.0,0
7319.0,0
7321.0,1
7323.0,0
7325.0,0
7327.0,1
7329.0,1
7331.0,1
7333.0,1
7335.0,2
7337.0,1
7339.0,0
7341.0,0
7343.0,0
7345.0,2
7347.0,0
7349.0,0
7351.0,0
7353.0,0
7355.0,1
7357.0,0
7359.0,0
7361.0,1
7363.0,1
7365.0,0
7367.0,1
7369.0,0
7371.0,0
7373.0,1
7375.0,0
7377.0,0
7379.0,0
7381.0,1
7383.0,0
7385.0,0
7387.0,2
7389.0,2
7391.0,0
7393.0,0
7395.0,0
7397.0,0
7399.0,1
7401.0,0
7403.0,0
7405.0,0
7407.0,0
7409.0,0
7411.0,0
7413.0,0
7415.0,0
7417.0,0
7419.0,0
7421.0,0
7423.0,0
7425.0,0
7427.0,0
7429.0,0
7431.0,0
7433.0,0
7435.0,1
7437.0,0
7439.0,0
7441.0,0
7443.0,0
7445.0,0
7447.0,2
7449.0,0
7451.0,0
7453.0,2
7455.0,2
7457.0,3
7459.0,0
7461.0,0
7463.0,0
7465.0,0
7467.0,0
7469.0,1
7471.0,0
7473.0,0
7475.0,0
7477.0,0
7479.0,0
7481.0,0
7483.0,0
7485.0,0
7487.0,0
7489.0,1
7491.0,1
7493.0,0
7495.0,0
7497.0,1
7499.0,0
7501.0,0
7503.0,0
7505.0,0
7507.0,3
7509.0,1
7511.0,1
7513.0,2
7515.0,0
7517.0,1
7519.0,1
7521.0,1
7523.0,0
7525.0,0
7527.0,2
7529.0,0
7531.0,1
7533.0,1
7535.0,0
7537.0,0
7539.0,0
7541.0,0
7543.0,0
7545.0,0
7547.0,0
7549.0,0
7551.0,0
7553.0,1
7555.0,0
7557.0,0
7559.0,1
7561.0,0
7563.0,0
7565.0,1
7567.0,0
7569.0,0
7571.0,1
7573.0,0
7575.0,0
7577.0,0
7579.0,2
7581.0,1
7583.0,1
7585.0,0
7587.0,0
7589.0,0
7591.0,0
7593.0,0
7595.0,0
7597.0,1
7599.0,0
7601.0,0
7603.0,0
7605.0,0
7607.0,1
7609.0,1
7611.0,1
7613.0,0
7615.0,0
7617.0,0
7619.0,0
7621.0,1
7623.0,2
7625.0,0
7627.0,1
7629.0,0
7631.0,1
7633.0,2
7635.0,2
7637.0,0
7639.0,0
7641.0,0
7643.0,2
7645.0,1
7647.0,0
7649.0,0
7651.0,0
7653.0,0
7655.0,0
7657.0,0
7659.0,0
7661.0,0
7663.0,0
7665.0,0
7667.0,0
7669.0,0
7671.0,0
7673.0,2
7675.0,0
7677.0,1
7679.0,0
7681.0,2
7683.0,0
7685.0,0
7687.0,0
7689.0,1
7691.0,0
7693.0,0
7695.0,0
7697.0,0
7699.0,0
7701.0,0
7703.0,1
7705.0,0
7707.0,0
7709.0,0
7711.0,1
7713.0,0
7715.0,0
7717.0,1
7719.0,1
7721.0,0
7723.0,0
7725.0,0
7727.0,1
7729.0,1
7731.0,0
7733.0,0
7735.0,0
7737.0,1
7739.0,0
7741.0,1
7743.0,0
7745.0,0
7747.0,0
7749.0,1
7751.0,1
7753.0,0
7755.0,0
7757.0,0
7759.0,0
7761.0,0
7763.0,2
7765.0,0
7767.0,1
7769.0,0
7771.0,1
7773.0,0
7775.0,0
7777.0,1
7779.0,0
7781.0,0
7783.0,0
7785.0,1
7787.0,1
7789.0,0
7791.0,0
7793.0,0
7795.0,0
7797.0,0
7799.0,0
7801.0,0
7803.0,1
7805.0,0
7807.0,0
7809.0,1
7811.0,0
7813.0,0
7815.0,0
7817.0,1
7819.0,0
7821.0,0
7823.0,0
7825.0,1
7827.0,0
7829.0,0
7831.0,1
7833.0,0
7835.0,0
7837.0,0
7839.0,1
7841.0,0
7843.0,0
7845.0,0
7847.0,0
7849.0,0
7851.0,0
7853.0,0
7855.0,0
7857.0,0
7859.0,0
7861.0,1
7863.0,0
7865.0,1
7867.0,0
7869.0,0
7871.0,1
7873.0,0
7875.0,0
7877.0,0
7879.0,1
7881.0,0
7883.0,0
7885.0,2
7887.0,1
7889.0,1
7891.0,1
7893.0,1
7895.0,2
7897.0,0
7899.0,0
7901.0,2
7903.0,0
7905.0,0
7907.0,1
7909.0,1
7911.0,0
7913.0,0
7915.0,0
7917.0,0
7919.0,1
7921.0,1
7923.0,0
7925.0,1
7927.0,1
7929.0,0
7931.0,1
7933.0,1
7935.0,2
7937.0,0
7939.0,0
7941.0,0
7943.0,1
7945.0,0
7947.0,1
7949.0,0
7951.0,0
7953.0,0
7955.0,0
7957.0,0
7959.0,0
7961.0,0
7963.0,1
7965.0,1
7967.0,1
7969.0,1
7971.0,0
7973.0,0
7975.0,0
7977.0,0
7979.0,0
7981.0,1
7983.0,1
7985.0,0
7987.0,0
7989.0,1
7991.0,1
7993.0,0
7995.0,0
7997.0,0
7999.0,0
8001.0,0
8003.0,0
8005.0,1
8007.0,0
8009.0,0
8011.0,1
8013.0,0
8015.0,0
8017.0,2
8019.0,2
8021.0,0
8023.0,0
8025.0,2
8027.0,0
8029.0,1
8031.0,0
8033.0,1
8035.0,0
8037.0,0
8039.0,1
8041.0,1
8043.0,1
8045.0,0
8047.0,1
8049.0,1
8051.0,2
8053.0,0
8055.0,0
8057.0,1
8059.0,1
8061.0,1
8063.0,1
8065.0,1
8067.0,3
8069.0,0
8071.0,0
8073.0,1
8075.0,0
8077.0,0
8079.0,0
8081.0,0
8083.0,0
8085.0,1
8087.0,0
8089.0,2
8091.0,0
8093.0,1
8095.0,0
8097.0,2
8099.0,1
8101.0,0
8103.0,2
8105.0,0
8107.0,1
8109.0,0
8111.0,1
8113.0,0
8115.0,0
8117.0,0
8119.0,0
8121.0,1
8123.0,3
8125.0,0
8127.0,0
8129.0,2
8131.0,1
8133.0,1
8135.0,0
8137.0,0
8139.0,2
8141.0,3
8143.0,1
8145.0,2
8147.0,1
8149.0,1
8151.0,3
8153.0,0
8155.0,1
8157.0,1
8159.0,1
8161.0,0
8163.0,1
8165.0,1
8167.0,0
8169.0,2
8171.0,1
8173.0,0
8175.0,1
8177.0,2
8179.0,1
8181.0,1
8183.0,0
8185.0,0
8187.0,0
8189.0,3
8191.0,0
8193.0,2
8195.0,2
8197.0,3
8199.0,3
8201.0,5
8203.0,2
8205.0,0
8207.0,0
8209.0,3
8211.0,1
8213.0,2
8215.0,4
8217.0,2
8219.0,3
8221.0,1
8223.0,1
8225.0,5
8227.0,2
8229.0,3
8231.0,0
8233.0,1
8235.0,3
8237.0,1
8239.0,4
8241.0,3
8243.0,3
8245.0,1
8247.0,3
8249.0,5
8251.0,0
8253.0,4
8255.0,6
8257.0,4
8259.0,7
8261.0,5
8263.0,11
8265.0,3
8267.0,5
8269.0,1
8271.0,0
8273.0,1
8275.0,1
8277.0,1
8279.0,3
8281.0,1
8283.0,4
8285.0,6
8287.0,6
8289.0,10
8291.0,12
8293.0,5
8295.0,13
8297.0,24
8299.0,28
8301.0,38
8303.0,18
8305.0,30
8307.0,42
8309.0,29
8311.0,32
8313.0,11
8315.0,6
8317.0,7
8319.0,1
8321.0,1
8323.0,1
8325.0,3
8327.0,0
8329.0,0
8331.0,1
8333.0,0
8335.0,1
8337.0,1
8339.0,0
8341.0,0
8343.0,0
8345.0,0
8347.0,0
8349.0,1
8351.0,0
8353.0,0
8355.0,0
8357.0,0
8359.0,0
8361.0,0
8363.0,0
8365.0,0
8367.0,0
8369.0,0
8371.0,0
8373.0,0
8375.0,0
8377.0,0
8379.0,0
8381.0,0
8383.0,1
8385.0,0
8387.0,1
8389.0,0
8391.0,0
8393.0,0
8395.0,1
8397.0,0
8399.0,1
8401.0,1
8403.0,1
8405.0,0
8407.0,1
8409.0,0
8411.0,0
8413.0,0
8415.0,1
8417.0,0
8419.0,2
8421.0,0
8423.0,1
8425.0,0
8427.0,0
8429.0,0
8431.0,0
8433.0,0
8435.0,0
8437.0,4
8439.0,7
8441.0,3
8443.0,1
8445.0,6
8447.0,5
8449.0,7
8451.0,10
8453.0,4
8455.0,4
8457.0,0
8459.0,2
8461.0,0
8463.0,0
8465.0,2
8467.0,0
8469.0,2
8471.0,1
8473.0,0
8475.0,0
8477.0,1
8479.0,0
8481.0,0
8483.0,0
8485.0,1
8487.0,0
8489.0,0
8491.0,0
8493.0,0
8495.0,0
8497.0,0
8499.0,1
8501.0,0
8503.0,0
8505.0,0
8507.0,1
8509.0,0
8511.0,0
8513.0,1
8515.0,0
8517.0,0
8519.0,0
8521.0,1
8523.0,0
8525.0,0
8527.0,2
8529.0,0
8531.0,0
8533.0,0
8535.0,0
8537.0,0
8539.0,1
8541.0,1
8543.0,0
8545.0,0
8547.0,0
8549.0,0
8551.0,0
8553.0,0
8555.0,0
8557.0,1
8559.0,0
8561.0,1
8563.0,1
8565.0,1
8567.0,0
8569.0,0
8571.0,0
8573.0,0
8575.0,1
8577.0,0
8579.0,0
8581.0,0
8583.0,0
8585.0,0
8587.0,0
8589.0,0
8591.0,0
8593.0,1
8595.0,0
8597.0,0
8599.0,0
8601.0,0
8603.0,1
8605.0,1
8607.0,0
8609.0,0
8611.0,0
8613.0,0
8615.0,0
8617.0,0
8619.0,0
8621.0,0
8623.0,0
8625.0,0
8627.0,0
8629.0,0
8631.0,0
8633.0,0
8635.0,0
8637.0,0
8639.0,0
8641.0,0
8643.0,0
8645.0,0
8647.0,0
8649.0,0
8651.0,0
8653.0,0
8655.0,0
8657.0,0
8659.0,0
8661.0,0
8663.0,1
8665.0,0
8667.0,0
8669.0,0
8671.0,0
8673.0,1
8675.0,0
8677.0,0
8679.0,0
8681.0,0
8683.0,0
8685.0,0
8687.0,0
8689.0,0
8691.0,1
8693.0,1
8695.0,0
8697.0,0
8699.0,0
8701.0,1
8703.0,2
8705.0,0
8707.0,0
8709.0,0
8711.0,0
8713.0,0
8715.0,0
8717.0,0
8719.0,0
8721.0,0
8723.0,0
8725.0,0
8727.0,0
8729.0,0
8731.0,0
8733.0,0
8735.0,0
8737.0,0
8739.0,0
8741.0,0
8743.0,0
8745.0,1
8747.0,0
8749.0,0
8751.0,0
8753.0,0
8755.0,1
8757.0,0
8759.0,2
8761.0,1
8763.0,0
8765.0,0
8767.0,1
8769.0,1
8771.0,2
8773.0,0
8775.0,2
8777.0,0
8779.0,0
8781.0,0
8783.0,0
8785.0,0
8787.0,1
8789.0,1
8791.0,0
8793.0,0
8795.0,1
8797.0,0
8799.0,0
8801.0,0
8803.0,2
8805.0,0
8807.0,0
8809.0,0
8811.0,0
8813.0,0
8815.0,0
8817.0,0
8819.0,0
8821.0,0
8823.0,0
8825.0,0
8827.0,1
8829.0,0
8831.0,0
8833.0,0
8835.0,0
8837.0,1
8839.0,0
8841.0,4
8843.0,1
8845.0,2
8847.0,1
8849.0,0
8851.0,0
8853.0,0
8855.0,1
8857.0,1
8859.0,2
8861.0,1
8863.0,0
8865.0,0
8867.0,0
8869.0,0
8871.0,2
8873.0,0
8875.0,0
8877.0,0
8879.0,1
8881.0,2
8883.0,0
8885.0,0
8887.0,2
8889.0,0
8891.0,0
8893.0,1
8895.0,0
8897.0,1
8899.0,1
8901.0,0
8903.0,0
8905.0,0
8907.0,2
8909.0,0
8911.0,0
8913.0,0
8915.0,1
8917.0,1
8919.0,1
8921.0,0
8923.0,0
8925.0,0
8927.0,0
8929.0,2
8931.0,1
8933.0,0
8935.0,1
8937.0,0
8939.0,2
8941.0,0
8943.0,0
8945.0,3
8947.0,1
8949.0,1
8951.0,0
8953.0,3
8955.0,2
8957.0,3
8959.0,3
8961.0,1
8963.0,0
8965.0,3
8967.0,0
8969.0,2
8971.0,2
8973.0,1
8975.0,3
8977.0,2
8979.0,1
8981.0,3
8983.0,0
8985.0,0
8987.0,0
8989.0,1
8991.0,1
8993.0,1
8995.0,1
8997.0,3
8999.0,1
9001.0,2
9003.0,1
9005.0,1
9007.0,2
9009.0,0
9011.0,2
9013.0,1
9015.0,1
9017.0,3
9019.0,1
9021.0,7
9023.0,2
9025.0,5
9027.0,2
9029.0,0
9031.0,1
9033.0,0
9035.0,2
9037.0,3
9039.0,1
9041.0,1
9043.0,0
9045.0,1
9047.0,4
9049.0,2
9051.0,3
9053.0,3
9055.0,3
9057.0,4
9059.0,2
9061.0,2
9063.0,4
9065.0,6
9067.0,2
9069.0,0
9071.0,0
9073.0,0
9075.0,2
9077.0,3
9079.0,2
9081.0,2
9083.0,2
9085.0,7
9087.0,5
9089.0,2
9091.0,5
9093.0,2
9095.0,3
9097.0,6
9099.0,5
9101.0,4
9103.0,3
9105.0,3
9107.0,2
9109.0,1
9111.0,0
9113.0,3
9115.0,5
9117.0,6
9119.0,6
9121.0,8
9123.0,18
9125.0,23
9127.0,36
9129.0,23
9131.0,16
9133.0,12
9135.0,5
9137.0,9
9139.0,7
9141.0,4
9143.0,2
9145.0,2
9147.0,5
9149.0,7
9151.0,5
9153.0,7
9155.0,9
9157.0,13
9159.0,6
9161.0,5
9163.0,10
9165.0,4
9167.0,4
9169.0,2
9171.0,2
9173.0,0
9175.0,2
9177.0,3
9179.0,2
9181.0,1
9183.0,0
9185.0,0
9187.0,0
9189.0,2
9191.0,4
9193.0,5
9195.0,2
9197.0,5
9199.0,1
9201.0,2
9203.0,2
9205.0,2
9207.0,0
9209.0,2
9211.0,0
9213.0,0
9215.0,0
9217.0,1
9219.0,0
9221.0,0
9223.0,1
9225.0,0
9227.0,0
9229.0,0
9231.0,0
9233.0,0
9235.0,0
9237.0,0
9239.0,0
9241.0,0
9243.0,0
9245.0,1
9247.0,0
9249.0,0
9251.0,0
9253.0,0
9255.0,1
9257.0,0
9259.0,0
9261.0,0
9263.0,0
9265.0,0
9267.0,1
9269.0,0
9271.0,2
9273.0,1
9275.0,0
9277.0,1
9279.0,0
9281.0,0
9283.0,0
9285.0,0
9287.0,0
9289.0,0
9291.0,0
9293.0,0
9295.0,0
9297.0,0
9299.0,0
9301.0,0
9303.0,1
9305.0,0
9307.0,0
9309.0,0
9311.0,0
9313.0,0
9315.0,0
9317.0,0
9319.0,0
9321.0,0
9323.0,0
9325.0,0
9327.0,0
9329.0,0
9331.0,0
9333.0,0
9335.0,1
9337.0,0
9339.0,1
9341.0,0
9343.0,0
9345.0,0
9347.0,0
9349.0,0
9351.0,0
9353.0,0
9355.0,0
9357.0,0
9359.0,0
9361.0,0
9363.0,0
9365.0,0
9367.0,0
9369.0,0
9371.0,0
9373.0,1
9375.0,1
9377.0,0
9379.0,0
9381.0,0
9383.0,1
9385.0,1
9387.0,0
9389.0,1
9391.0,0
9393.0,3
9395.0,1
9397.0,0
9399.0,0
9401.0,0
9403.0,0
9405.0,0
9407.0,0
9409.0,0
9411.0,1
9413.0,0
9415.0,0
9417.0,1
9419.0,0
9421.0,0
9423.0,0
9425.0,0
9427.0,0
9429.0,0
9431.0,1
9433.0,0
9435.0,1
9437.0,0
9439.0,0
9441.0,0
9443.0,0
9445.0,0
9447.0,0
9449.0,1
9451.0,0
9453.0,0
9455.0,0
9457.0,0
9459.0,0
9461.0,1
9463.0,0
9465.0,0
9467.0,1
9469.0,0
9471.0,0
9473.0,0
9475.0,0
9477.0,1
9479.0,0
9481.0,0
9483.0,0
9485.0,1
9487.0,0
9489.0,0
9491.0,0
9493.0,0
9495.0,0
9497.0,0
9499.0,0
9501.0,1
9503.0,0
9505.0,0
9507.0,1
9509.0,0
9511.0,0
9513.0,0
9515.0,0
9517.0,2
9519.0,1
9521.0,0
9523.0,0
9525.0,0
9527.0,0
9529.0,0
9531.0,0
9533.0,0
9535.0,1
9537.0,0
9539.0,0
9541.0,0
9543.0,1
9545.0,0
9547.0,0
9549.0,1
9551.0,0
9553.0,0
9555.0,0
9557.0,0
9559.0,1
9561.0,1
9563.0,0
9565.0,0
9567.0,0
9569.0,1
9571.0,0
9573.0,0
9575.0,0
9577.0,0
9579.0,1
9581.0,0
9583.0,0
9585.0,0
9587.0,0
9589.0,0
9591.0,0
9593.0,0
9595.0,0
9597.0,1
9599.0,0
9601.0,0
9603.0,2
9605.0,1
9607.0,0
9609.0,0
9611.0,0
9613.0,1
9615.0,1
9617.0,0
9619.0,2
9621.0,0
9623.0,0
9625.0,2
9627.0,1
9629.0,0
9631.0,0
9633.0,0
9635.0,2
9637.0,2
9639.0,0
9641.0,1
9643.0,1
9645.0,1
9647.0,2
9649.0,0
9651.0,0
9653.0,0
9655.0,0
9657.0,1
9659.0,0
9661.0,0
9663.0,0
9665.0,0
9667.0,1
9669.0,1
9671.0,0
9673.0,1
9675.0,0
9677.0,1
9679.0,1
9681.0,1
9683.0,0
9685.0,1
9687.0,4
9689.0,3
9691.0,8
9693.0,8
9695.0,1
9697.0,2
9699.0,2
9701.0,2
9703.0,1
9705.0,0
9707.0,0
9709.0,0
9711.0,1
9713.0,0
9715.0,1
9717.0,0
9719.0,1
9721.0,0
9723.0,0
9725.0,0
9727.0,0
9729.0,0
9731.0,0
9733.0,0
9735.0,0
9737.0,0
9739.0,1
9741.0,0
9743.0,0
9745.0,0
9747.0,2
9749.0,1
9751.0,0
9753.0,0
9755.0,0
9757.0,0
9759.0,0
9761.0,0
9763.0,0
9765.0,0
9767.0,0
9769.0,1
9771.0,0
9773.0,0
9775.0,0
9777.0,0
9779.0,0
9781.0,1
9783.0,0
9785.0,0
9787.0,0
9789.0,1
9791.0,0
9793.0,0
9795.0,0
9797.0,0
9799.0,0
9801.0,0
9803.0,0
9805.0,0
9807.0,0
9809.0,0
9811.0,0
9813.0,0
9815.0,1
9817.0,1
9819.0,0
9821.0,0
9823.0,0
9825.0,0
9827.0,0
9829.0,0
9831.0,0
9833.0,0
9835.0,0
9837.0,0
9839.0,0
9841.0,0
9843.0,1
9845.0,0
9847.0,0
9849.0,0
9851.0,0
9853.0,0
9855.0,0
9857.0,1
9859.0,0
9861.0,1
9863.0,0
9865.0,0
9867.0,0
9869.0,0
9871.0,0
9873.0,0
9875.0,1
9877.0,0
9879.0,0
9881.0,1
9883.0,0
9885.0,0
9887.0,0
9889.0,0
9891.0,0
9893.0,0
9895.0,1
9897.0,0
9899.0,0
9901.0,0
9903.0,0
9905.0,0
9907.0,0
9909.0,0
9911.0,0
9913.0,0
9915.0,1
9917.0,0
9919.0,1
9921.0,0
9923.0,1
9925.0,0
9927.0,0
9929.0,1
9931.0,0
9933.0,2
9935.0,2
9937.0,0
9939.0,0
9941.0,0
9943.0,1
9945.0,0
9947.0,1
9949.0,0
9951.0,0
9953.0,0
9955.0,0
9957.0,0
9959.0,0
9961.0,0
9963.0,0
9965.0,0
9967.0,0
9969.0,0
9971.0,0
9973.0,0
9975.0,0
9977.0,0
9979.0,0
9981.0,0
9983.0,0
9985.0,0
9987.0,1
9989.0,1
9991.0,0
9993.0,0
9995.0,0
9997.0,1
9999.0,0
10001.0,0
10003.0,0
10005.0,1
10007.0,0
10009.0,0
10011.0,2
10013.0,0
10015.0,0
10017.0,0
10019.0,0
10021.0,1
10023.0,0
10025.0,0
10027.0,0
10029.0,0
10031.0,0
10033.0,0
10035.0,0
10037.0,0
10039.0,0
10041.0,0
10043.0,0
10045.0,1
10047.0,0
10049.0,0
10051.0,0
10053.0,2
10055.0,0
10057.0,0
10059.0,0
10061.0,0
10063.0,0
10065.0,0
10067.0,0
10069.0,0
10071.0,0
10073.0,0
10075.0,0
10077.0,0
10079.0,2
10081.0,0
10083.0,1
10085.0,0
10087.0,0
10089.0,0
10091.0,1
10093.0,0
10095.0,0
10097.0,0
10099.0,0
10101.0,2
10103.0,1
10105.0,0
10107.0,0
10109.0,1
10111.0,0
10113.0,2
10115.0,0
10117.0,1
10119.0,0
10121.0,2
10123.0,1
10125.0,1
10127.0,1
10129.0,0
10131.0,1
10133.0,0
10135.0,0
10137.0,0
10139.0,0
10141.0,0
10143.0,0
10145.0,0
10147.0,1
10149.0,1
10151.0,0
10153.0,0
10155.0,0
10157.0,0
10159.0,1
10161.0,1
10163.0,0
10165.0,0
10167.0,1
10169.0,0
10171.0,1
10173.0,0
10175.0,2
10177.0,0
10179.0,4
10181.0,0
10183.0,0
10185.0,0
10187.0,1
10189.0,1
10191.0,0
10193.0,1
10195.0,1
10197.0,0
10199.0,1
10201.0,0
10203.0,0
10205.0,0
10207.0,1
10209.0,1
10211.0,0
10213.0,1
10215.0,1
10217.0,0
10219.0,0
10221.0,0
10223.0,0
10225.0,6
10227.0,0
10229.0,1
10231.0,1
10233.0,1
10235.0,0
10237.0,1
10239.0,1
10241.0,1
10243.0,0
10245.0,2
10247.0,1
10249.0,2
10251.0,1
10253.0,0
10255.0,0
10257.0,1
10259.0,1
10261.0,1
10263.0,0
10265.0,1
10267.0,1
10269.0,1
10271.0,2
10273.0,2
10275.0,1
10277.0,1
10279.0,1
10281.0,1
10283.0,1
10285.0,0
10287.0,0
10289.0,2
10291.0,2
10293.0,1
10295.0,2
10297.0,1
10299.0,2
10301.0,0
10303.0,1
10305.0,3
10307.0,0
10309.0,0
10311.0,1
10313.0,1
10315.0,1
10317.0,5
10319.0,4
10321.0,3
10323.0,4
10325.0,3
10327.0,5
10329.0,0
10331.0,2
10333.0,2
10335.0,2
10337.0,0
10339.0,1
10341.0,1
10343.0,1
10345.0,1
10347.0,0
10349.0,1
10351.0,1
10353.0,1
10355.0,5
10357.0,1
10359.0,4
10361.0,2
10363.0,1
10365.0,1
10367.0,3
10369.0,1
10371.0,2
10373.0,2
10375.0,3
10377.0,3
10379.0,4
10381.0,5
10383.0,0
10385.0,1
10387.0,1
10389.0,3
10391.0,1
10393.0,0
10395.0,1
10397.0,0
10399.0,3
10401.0,5
10403.0,1
10405.0,5
10407.0,6
10409.0,6
10411.0,5
10413.0,9
10415.0,9
10417.0,5
10419.0,7
10421.0,0
10423.0,4
10425.0,3
10427.0,1
10429.0,1
10431.0,1
10433.0,0
10435.0,0
10437.0,2
10439.0,1
10441.0,4
10443.0,2
10445.0,3
10447.0,2
10449.0,1
10451.0,0
10453.0,3
10455.0,3
10457.0,1
10459.0,3
10461.0,2
10463.0,2
10465.0,0
10467.0,0
10469.0,0
10471.0,1
10473.0,0
10475.0,1
10477.0,1
10479.0,0
10481.0,1
10483.0,0
10485.0,0
10487.0,0
10489.0,0
10491.0,0
10493.0,0
10495.0,0
10497.0,1
10499.0,2
10501.0,2
10503.0,2
10505.0,1
10507.0,4
10509.0,3
10511.0,5
10513.0,1
10515.0,1
10517.0,0
10519.0,2
10521.0,3
10523.0,0
10525.0,0
10527.0,0
10529.0,0
10531.0,0
10533.0,1
10535.0,0
10537.0,1
10539.0,0
10541.0,0
10543.0,0
10545.0,1
10547.0,0
10549.0,0
10551.0,0
10553.0,0
10555.0,0
10557.0,2
10559.0,1
10561.0,0
10563.0,0
10565.0,0
10567.0,0
10569.0,0
10571.0,0
10573.0,0
10575.0,0
10577.0,0
10579.0,0
10581.0,0
10583.0,0
10585.0,0
10587.0,0
10589.0,0
10591.0,0
10593.0,0
10595.0,0
10597.0,0
10599.0,0
10601.0,0
10603.0,0
10605.0,1
10607.0,0
10609.0,1
10611.0,0
10613.0,0
10615.0,0
10617.0,0
10619.0,0
10621.0,0
10623.0,0
10625.0,0
10627.0,0
10629.0,1
10631.0,0
10633.0,0
10635.0,0
10637.0,0
10639.0,0
10641.0,0
10643.0,1
10645.0,0
10647.0,2
10649.0,0
10651.0,0
10653.0,0
10655.0,0
10657.0,1
10659.0,0
10661.0,2
10663.0,1
10665.0,0
10667.0,0
10669.0,0
10671.0,0
10673.0,1
10675.0,1
10677.0,0
10679.0,1
10681.0,1
10683.0,2
10685.0,0
10687.0,2
10689.0,0
10691.0,0
10693.0,1
10695.0,0
10697.0,1
10699.0,0
10701.0,0
10703.0,1
10705.0,1
10707.0,0
10709.0,1
10711.0,2
10713.0,2
10715.0,0
10717.0,0
10719.0,1
10721.0,0
10723.0,2
10725.0,0
10727.0,1
10729.0,0
10731.0,0
10733.0,0
10735.0,0
10737.0,0
10739.0,0
10741.0,0
10743.0,0
10745.0,1
10747.0,1
10749.0,0
10751.0,1
10753.0,0
10755.0,0
10757.0,0
10759.0,0
10761.0,0
10763.0,2
10765.0,1
10767.0,0
10769.0,0
10771.0,0
10773.0,0
10775.0,0
10777.0,1
10779.0,2
10781.0,0
10783.0,0
10785.0,1
10787.0,0
10789.0,0
10791.0,0
10793.0,1
10795.0,0
10797.0,0
10799.0,1
10801.0,0
10803.0,0
10805.0,0
10807.0,0
10809.0,0
10811.0,0
10813.0,1
10815.0,0
10817.0,1
10819.0,0
10821.0,0
10823.0,1
10825.0,0
10827.0,0
10829.0,0
10831.0,1
10833.0,0
10835.0,0
10837.0,0
10839.0,0
10841.0,0
10843.0,0
10845.0,1
10847.0,0
10849.0,0
10851.0,1
10853.0,0
10855.0,0
10857.0,0
10859.0,0
10861.0,0
10863.0,0
10865.0,0
10867.0,1
10869.0,2
10871.0,0
10873.0,2
10875.0,1
10877.0,0
10879.0,1
10881.0,1
10883.0,1
10885.0,1
10887.0,0
10889.0,0
10891.0,1
10893.0,0
10895.0,1
10897.0,0
10899.0,0
10901.0,0
10903.0,0
10905.0,2
10907.0,0
10909.0,0
10911.0,0
10913.0,0
10915.0,0
10917.0,1
10919.0,0
10921.0,0
10923.0,0
10925.0,0
10927.0,0
10929.0,0
10931.0,0
10933.0,1
10935.0,1
10937.0,0
10939.0,0
10941.0,0
10943.0,0
10945.0,0
10947.0,0
10949.0,0
10951.0,0
10953.0,1
10955.0,0
10957.0,1
10959.0,0
10961.0,0
10963.0,0
10965.0,2
10967.0,1
10969.0,1
10971.0,0
10973.0,0
10975.0,1
10977.0,0
10979.0,0
10981.0,0
10983.0,0
10985.0,0
10987.0,0
10989.0,0
10991.0,0
10993.0,0
10995.0,0
10997.0,0
10999.0,0
11001.0,0
11003.0,0
11005.0,0
11007.0,0
11009.0,0
11011.0,1
11013.0,2
11015.0,0
11017.0,2
11019.0,0
11021.0,0
11023.0,0
11025.0,0
11027.0,0
11029.0,0
11031.0,0
11033.0,2
11035.0,1
11037.0,0
11039.0,0
11041.0,0
11043.0,0
11045.0,0
11047.0,0
11049.0,0
11051.0,1
11053.0,0
11055.0,0
11057.0,0
11059.0,0
11061.0,1
11063.0,0
11065.0,0
11067.0,2
11069.0,0
11071.0,0
11073.0,0
11075.0,1
11077.0,0
11079.0,0
11081.0,0
11083.0,0
11085.0,0
11087.0,0
11089.0,1
11091.0,0
11093.0,0
11095.0,0
11097.0,0
11099.0,0
11101.0,0
11103.0,0
11105.0,0
11107.0,0
11109.0,1
11111.0,0
11113.0,0
11115.0,0
11117.0,0
11119.0,1
11121.0,0
11123.0,0
11125.0,0
11127.0,0
11129.0,0
11131.0,0
11133.0,0
11135.0,0
11137.0,0
11139.0,0
11141.0,0
11143.0,0
11145.0,0
11147.0,0
11149.0,0
11151.0,0
11153.0,0
11155.0,0
11157.0,0
11159.0,0
11161.0,0
11163.0,0
11165.0,0
11167.0,0
11169.0,0
11171.0,0
11173.0,0
11175.0,0
11177.0,0
11179.0,0
11181.0,0
11183.0,0
11185.0,1
11187.0,0
11189.0,0
11191.0,0
11193.0,0
11195.0,0
11197.0,0
11199.0,0
11201.0,1
11203.0,0
11205.0,0
11207.0,0
11209.0,0
11211.0,1
11213.0,0
11215.0,0
11217.0,0
11219.0,1
11221.0,0
11223.0,0
11225.0,0
11227.0,0
11229.0,0
11231.0,0
11233.0,0
11235.0,1
11237.0,0
11239.0,0
11241.0,0
11243.0,0
11245.0,0
11247.0,0
11249.0,0
11251.0,0
11253.0,0
11255.0,0
11257.0,1
11259.0,0
11261.0,0
11263.0,0
11265.0,0
11267.0,0
11269.0,0
11271.0,0
11273.0,0
11275.0,0
11277.0,0
11279.0,0
11281.0,0
11283.0,1
11285.0,0
11287.0,1
11289.0,0
11291.0,0
11293.0,0
11295.0,0
11297.0,0
11299.0,0
11301.0,1
11303.0,0
11305.0,0
11307.0,0
11309.0,0
11311.0,0
11313.0,0
11315.0,0
11317.0,0
11319.0,0
11321.0,0
11323.0,0
11325.0,0
11327.0,0
11329.0,0
11331.0,1
11333.0,0
11335.0,0
11337.0,0
11339.0,0
11341.0,1
11343.0,0
11345.0,0
11347.0,0
11349.0,1
11351.0,1
11353.0,0
11355.0,0
11357.0,0
11359.0,0
11361.0,0
11363.0,1
11365.0,1
11367.0,0
11369.0,2
11371.0,0
11373.0,0
11375.0,0
11377.0,1
11379.0,1
11381.0,0
11383.0,0
11385.0,0
11387.0,0
11389.0,0
11391.0,0
11393.0,0
11395.0,0
11397.0,0
11399.0,1
11401.0,0
11403.0,0
11405.0,1
11407.0,1
11409.0,0
11411.0,0
11413.0,0
11415.0,0
11417.0,0
11419.0,0
11421.0,0
11423.0,0
11425.0,0
11427.0,0
11429.0,0
11431.0,0
11433.0,0
11435.0,0
11437.0,0
11439.0,0
11441.0,0
11443.0,2
11445.0,0
11447.0,0
11449.0,0
11451.0,1
11453.0,0
11455.0,0
11457.0,0
11459.0,0
11461.0,0
11463.0,1
11465.0,1
11467.0,0
11469.0,0
11471.0,1
11473.0,0
11475.0,0
11477.0,0
11479.0,0
11481.0,0
11483.0,1
11485.0,2
11487.0,0
11489.0,0
11491.0,1
11493.0,0
11495.0,0
11497.0,0
11499.0,0
11501.0,0
11503.0,0
11505.0,0
11507.0,0
11509.0,0
11511.0,0
11513.0,3
11515.0,0
11517.0,0
11519.0,1
11521.0,0
11523.0,0
11525.0,0
11527.0,0
11529.0,0
11531.0,1
11533.0,1
11535.0,0
11537.0,1
11539.0,0
11541.0,1
11543.0,0
11545.0,0
11547.0,2
11549.0,1
11551.0,0
11553.0,1
11555.0,0
11557.0,0
11559.0,0
11561.0,0
11563.0,0
11565.0,0
11567.0,0
11569.0,0
11571.0,0
11573.0,0
11575.0,0
11577.0,0
11579.0,0
11581.0,0
11583.0,0
11585.0,2
11587.0,1
11589.0,0
11591.0,0
11593.0,1
11595.0,2
11597.0,0
11599.0,2
11601.0,1
11603.0,1
11605.0,2
11607.0,1
11609.0,0
11611.0,0
11613.0,0
11615.0,0
11617.0,0
11619.0,0
11621.0,0
11623.0,0
11625.0,1
11627.0,0
11629.0,0
11631.0,0
11633.0,0
11635.0,2
11637.0,0
11639.0,1
11641.0,1
11643.0,2
11645.0,1
11647.0,0
11649.0,0
11651.0,1
11653.0,1
11655.0,0
11657.0,1
11659.0,1
11661.0,0
11663.0,0
11665.0,0
11667.0,0
11669.0,0
11671.0,1
11673.0,0
11675.0,0
11677.0,0
11679.0,0
11681.0,2
11683.0,0
11685.0,1
11687.0,0
11689.0,0
11691.0,1
11693.0,1
11695.0,1
11697.0,0
11699.0,0
11701.0,0
11703.0,1
11705.0,0
11707.0,2
11709.0,2
11711.0,0
11713.0,0
11715.0,1
11717.0,0
11719.0,1
11721.0,0
11723.0,2
11725.0,1
11727.0,0
11729.0,0
11731.0,1
11733.0,3
11735.0,0
11737.0,0
11739.0,0
11741.0,2
11743.0,0
11745.0,0
11747.0,0
11749.0,0
11751.0,0
11753.0,0
11755.0,0
11757.0,0
11759.0,0
11761.0,0
11763.0,0
11765.0,1
11767.0,0
11769.0,0
11771.0,0
11773.0,0
11775.0,2
11777.0,0
11779.0,0
11781.0,0
11783.0,0
11785.0,0
11787.0,0
11789.0,0
11791.0,0
11793.0,0
11795.0,0
11797.0,0
11799.0,0
11801.0,0
11803.0,0
11805.0,0
11807.0,0
11809.0,0
11811.0,0
11813.0,0
11815.0,0
11817.0,0
11819.0,0
11821.0,0
11823.0,0
11825.0,0
11827.0,0
11829.0,0
11831.0,0
11833.0,1
11835.0,0
11837.0,0
11839.0,0
11841.0,0
11843.0,0
11845.0,0
11847.0,0
11849.0,1
11851.0,0
11853.0,0
11855.0,0
11857.0,0
11859.0,0
11861.0,0
11863.0,0
11865.0,0
11867.0,0
11869.0,1
11871.0,0
11873.0,0
11875.0,0
11877.0,1
11879.0,0
11881.0,0
11883.0,0
11885.0,3
11887.0,0
11889.0,2
11891.0,0
11893.0,0
11895.0,1
11897.0,0
11899.0,0
11901.0,0
11903.0,0
11905.0,0
11907.0,0
11909.0,0
11911.0,1
11913.0,0
11915.0,0
11917.0,1
11919.0,1
11921.0,0
11923.0,0
11925.0,0
11927.0,0
11929.0,1
11931.0,1
11933.0,0
11935.0,3
11937.0,1
11939.0,2
11941.0,1
11943.0,2
11945.0,0
11947.0,0
11949.0,1
11951.0,2
11953.0,1
11955.0,0
11957.0,1
11959.0,0
11961.0,2
11963.0,0
11965.0,1
11967.0,2
11969.0,1
11971.0,0
11973.0,2
11975.0,0
11977.0,0
11979.0,0
11981.0,0
11983.0,0
11985.0,0
11987.0,0
11989.0,0
11991.0,0
11993.0,0
11995.0,0
11997.0,0
11999.0,0
12001.0,0
12003.0,0
12005.0,0
12007.0,0
12009.0,0
12011.0,0
12013.0,0
12015.0,0
12017.0,0
12019.0,0
12021.0,0
12023.0,1
12025.0,0
12027.0,1
12029.0,0
12031.0,0
12033.0,0
12035.0,0
12037.0,0
12039.0,0
12041.0,0
12043.0,0
12045.0,0
12047.0,0
12049.0,1
12051.0,0
12053.0,0
12055.0,0
12057.0,0
12059.0,0
12061.0,0
12063.0,0
12065.0,0
12067.0,0
12069.0,0
12071.0,0
12073.0,1
12075.0,0
12077.0,1
12079.0,0
12081.0,0
12083.0,0
12085.0,0
12087.0,1
12089.0,0
12091.0,0
12093.0,0
12095.0,0
12097.0,0
12099.0,0
12101.0,1
12103.0,0
12105.0,0
12107.0,0
12109.0,0
12111.0,0
12113.0,0
12115.0,0
12117.0,0
12119.0,1
12121.0,0
12123.0,0
12125.0,0
12127.0,0
12129.0,0
12131.0,0
12133.0,0
12135.0,0
12137.0,0
12139.0,0
12141.0,0
12143.0,0
12145.0,0
12147.0,0
12149.0,0
12151.0,0
12153.0,0
12155.0,0
12157.0,0
12159.0,0
12161.0,0
12163.0,0
12165.0,0
12167.0,0
12169.0,0
12171.0,0
12173.0,0
12175.0,0
12177.0,1
12179.0,0
12181.0,0
12183.0,0
12185.0,0
12187.0,0
12189.0,0
12191.0,0
12193.0,0
12195.0,0
12197.0,1
12199.0,0
12201.0,0
12203.0,0
12205.0,0
12207.0,0
12209.0,0
12211.0,0
12213.0,0
12215.0,0
12217.0,0
12219.0,0
12221.0,0
12223.0,1
12225.0,1
12227.0,0
12229.0,0
12231.0,0
12233.0,0
12235.0,0
12237.0,0
12239.0,0
12241.0,0
12243.0,0
12245.0,0
12247.0,0
12249.0,0
12251.0,0
12253.0,0
12255.0,0
12257.0,0
12259.0,0
12261.0,0
12263.0,1
12265.0,0
12267.0,0
12269.0,0
12271.0,0
12273.0,0
12275.0,0
12277.0,0
12279.0,0
12281.0,0
12283.0,0
12285.0,0
12287.0,1
12289.0,0
12291.0,0
12293.0,0
12295.0,0
12297.0,0
12299.0,0
12301.0,0
12303.0,0
12305.0,0
12307.0,0
12309.0,0
12311.0,1
12313.0,0
12315.0,0
12317.0,0
12319.0,0
12321.0,0
12323.0,0
12325.0,0
12327.0,0
12329.0,0
12331.0,0
12333.0,0
12335.0,0
12337.0,0
12339.0,0
12341.0,0
12343.0,0
12345.0,0
12347.0,0
12349.0,0
12351.0,0
12353.0,0
12355.0,0
12357.0,0
12359.0,0
12361.0,1
12363.0,0
12365.0,0
12367.0,0
12369.0,0
12371.0,0
12373.0,0
12375.0,0
12377.0,0
12379.0,1
12381.0,0
12383.0,0
12385.0,0
12387.0,0
12389.0,0
12391.0,0
12393.0,1
12395.0,0
12397.0,0
12399.0,0
12401.0,0
12403.0,0
12405.0,0
12407.0,0
12409.0,0
12411.0,0
12413.0,0
12415.0,0
12417.0,0
12419.0,0
12421.0,0
12423.0,0
12425.0,0
12427.0,0
12429.0,0
12431.0,0
12433.0,0
12435.0,0
12437.0,0
12439.0,0
12441.0,0
12443.0,0
12445.0,0
12447.0,0
12449.0,0
12451.0,0
12453.0,0
12455.0,0
12457.0,0
12459.0,0
12461.0,0
12463.0,0
12465.0,0
12467.0,0
12469.0,1
12471.0,0
12473.0,0
12475.0,0
12477.0,0
12479.0,0
12481.0,0
12483.0,0
12485.0,0
12487.0,0
12489.0,0
12491.0,0
12493.0,0
12495.0,0
12497.0,0
12499.0,0
12501.0,0
12503.0,0
12505.0,0
12507.0,0
12509.0,0
12511.0,1
12513.0,1
12515.0,0
12517.0,0
12519.0,0
12521.0,0
12523.0,0
12525.0,0
12527.0,0
12529.0,0
12531.0,0
12533.0,0
12535.0,0
12537.0,0
12539.0,0
12541.0,0
12543.0,0
12545.0,0
12547.0,0
12549.0,0
12551.0,0
12553.0,0
12555.0,0
12557.0,0
12559.0,0
12561.0,0
12563.0,0
12565.0,0
12567.0,0
12569.0,0
12571.0,0
12573.0,0
12575.0,0
12577.0,0
12579.0,0
12581.0,0
12583.0,0
12585.0,0
12587.0,0
12589.0,0
12591.0,0
12593.0,0
12595.0,0
12597.0,0
12599.0,0
12601.0,0
12603.0,0
12605.0,0
12607.0,0
12609.0,0
12611.0,0
12613.0,0
12615.0,0
12617.0,0
12619.0,0
12621.0,0
12623.0,0
12625.0,0
12627.0,0
12629.0,0
12631.0,0
12633.0,0
12635.0,0
12637.0,0
12639.0,0
12641.0,0
12643.0,0
12645.0,0
12647.0,0
12649.0,0
12651.0,1
12653.0,0
12655.0,0
12657.0,0
12659.0,0
12661.0,1
12663.0,0
12665.0,1
12667.0,0
12669.0,0
12671.0,0
12673.0,0
12675.0,0
12677.0,0
12679.0,0
12681.0,0
12683.0,0
12685.0,0
12687.0,0
12689.0,0
12691.0,0
12693.0,0
12695.0,0
12697.0,0
12699.0,0
12701.0,0
12703.0,0
12705.0,0
12707.0,0
12709.0,0
12711.0,0
12713.0,0
12715.0,0
12717.0,0
12719.0,0
12721.0,0
12723.0,0
12725.0,0
12727.0,0
12729.0,0
12731.0,0
12733.0,0
12735.0,0
12737.0,1
12739.0,0
12741.0,0
12743.0,0
12745.0,0
12747.0,0
12749.0,0
12751.0,0
12753.0,0
12755.0,0
12757.0,1
12759.0,1
12761.0,1
12763.0,0
12765.0,0
12767.0,1
12769.0,0
12771.0,0
12773.0,0
12775.0,0
12777.0,0
12779.0,0
12781.0,0
12783.0,0
12785.0,0
12787.0,0
12789.0,0
12791.0,0
12793.0,0
12795.0,0
12797.0,0
12799.0,0
12801.0,0
12803.0,0
12805.0,0
12807.0,0
12809.0,0
12811.0,0
12813.0,0
12815.0,0
12817.0,1
12819.0,0
12821.0,0
12823.0,0
12825.0,0
12827.0,0
12829.0,0
12831.0,0
12833.0,0
12835.0,0
12837.0,0
12839.0,0
12841.0,0
12843.0,1
12845.0,0
12847.0,0
12849.0,0
12851.0,0
12853.0,0
12855.0,0
12857.0,0
12859.0,0
12861.0,0
12863.0,0
12865.0,0
12867.0,0
12869.0,0
12871.0,0
12873.0,0
12875.0,0
12877.0,0
12879.0,0
12881.0,0
12883.0,0
12885.0,0
12887.0,0
12889.0,0
12891.0,0
12893.0,0
12895.0,0
12897.0,0
12899.0,0
12901.0,0
12903.0,0
12905.0,0
12907.0,0
12909.0,0
12911.0,0
12913.0,0
12915.0,0
12917.0,0
12919.0,0
12921.0,0
12923.0,0
12925.0,0
12927.0,0
12929.0,0
12931.0,0
12933.0,0
12935.0,0
12937.0,0
12939.0,0
12941.0,0
12943.0,1
12945.0,0
12947.0,0
12949.0,0
12951.0,0
12953.0,0
12955.0,0
12957.0,0
12959.0,0
12961.0,0
12963.0,1
12965.0,0
12967.0,0
12969.0,0
12971.0,0
12973.0,0
12975.0,0
12977.0,0
12979.0,0
12981.0,0
12983.0,0
12985.0,0
12987.0,0
12989.0,0
12991.0,0
12993.0,0
12995.0,0
12997.0,0
