Bin center (eV),Counts per 2 eV bin
801.0,24
803.0,26
805.0,24
807.0,24
809.0,22
811.0,28
813.0,46
815.0,73
817.0,87
819.0,54
821.0,69
823.0,62
825.0,77
827.0,100
829.0,119
831.0,109
833.0,133
835.0,160
837.0,216
839.0,273
841.0,365
843.0,285
845.0,275
847.0,284
849.0,327
851.0,438
853.0,447
855.0,426
857.0,271
859.0,215
861.0,140
863.0,94
865.0,109
867.0,78
869.0,61
871.0,62
873.0,47
875.0,42
877.0,48
879.0,60
881.0,49
883.0,57
885.0,45
887.0,48
889.0,55
891.0,73
893.0,65
895.0,61
897.0,88
899.0,106
901.0,126
903.0,208
905.0,286
907.0,291
909.0,285
911.0,159
913.0,151
915.0,152
917.0,248
919.0,352
921.0,403
923.0,381
925.0,290
927.0,293
929.0,270
931.0,266
933.0,269
935.0,240
937.0,162
939.0,120
941.0,117
943.0,105
945.0,89
947.0,74
949.0,83
951.0,68
953.0,55
955.0,63
957.0,58
959.0,53
961.0,42
963.0,47
965.0,45
967.0,45
969.0,44
971.0,49
973.0,54
975.0,45
977.0,44
979.0,30
981.0,56
983.0,33
985.0,27
987.0,36
989.0,25
991.0,27
993.0,36
995.0,23
997.0,39
999.0,28
1001.0,34
1003.0,30
1005.0,30
1007.0,29
1009.0,28
1011.0,21
1013.0,29
1015.0,23
1017.0,22
1019.0,32
1021.0,30
1023.0,14
1025.0,23
1027.0,28
1029.0,48
1031.0,41
1033.0,45
1035.0,45
1037.0,36
1039.0,30
1041.0,25
1043.0,24
1045.0,15
1047.0,27
1049.0,25
1051.0,26
1053.0,22
1055.0,28
1057.0,34
1059.0,19
1061.0,26
1063.0,26
1065.0,17
1067.0,15
1069.0,11
1071.0,31
1073.0,18
1075.0,29
1077.0,22
1079.0,22
1081.0,22
1083.0,34
1085.0,16
1087.0,13
1089.0,23
1091.0,19
1093.0,16
1095.0,27
1097.0,27
1099.0,28
1101.0,22
1103.0,26
1105.0,25
1107.0,20
1109.0,33
1111.0,37
1113.0,42
1115.0,27
1117.0,24
1119.0,29
1121.0,19
1123.0,22
1125.0,33
1127.0,26
1129.0,29
1131.0,21
1133.0,20
1135.0,20
1137.0,19
1139.0,21
1141.0,14
1143.0,21
1145.0,35
1147.0,28
1149.0,24
1151.0,13
1153.0,18
1155.0,14
1157.0,7
1159.0,21
1161.0,16
1163.0,28
1165.0,30
1167.0,29
1169.0,30
1171.0,22
1173.0,34
1175.0,26
1177.0,25
1179.0,19
1181.0,26
1183.0,22
1185.0,21
1187.0,33
1189.0,27
1191.0,30
1193.0,23
1195.0,24
1197.0,19
1199.0,22
1201.0,26
1203.0,29
1205.0,36
1207.0,25
1209.0,22
1211.0,25
1213.0,10
1215.0,30
1217.0,18
1219.0,17
1221.0,26
1223.0,26
1225.0,26
1227.0,22
1229.0,21
1231.0,25
1233.0,26
1235.0,11
1237.0,26
1239.0,24
1241.0,19
1243.0,28
1245.0,21
1247.0,31
1249.0,21
1251.0,21
1253.0,21
1255.0,18
1257.0,14
1259.0,23
1261.0,19
1263.0,26
1265.0,26
1267.0,18
1269.0,14
1271.0,20
1273.0,19
1275.0,14
1277.0,30
1279.0,22
1281.0,20
1283.0,20
1285.0,23
1287.0,19
1289.0,19
1291.0,29
1293.0,27
1295.0,24
1297.0,26
1299.0,25
1301.0,21
1303.0,16
1305.0,21
1307.0,25
1309.0,22
1311.0,23
1313.0,13
1315.0,25
1317.0,22
1319.0,19
1321.0,14
1323.0,18
1325.0,33
1327.0,22
1329.0,23
1331.0,21
1333.0,17
1335.0,26
1337.0,26
1339.0,24
1341.0,28
1343.0,19
1345.0,24
1347.0,15
1349.0,25
1351.0,31
1353.0,16
1355.0,18
1357.0,25
1359.0,28
1361.0,23
1363.0,18
1365.0,20
1367.0,18
1369.0,16
1371.0,16
1373.0,16
1375.0,21
1377.0,25
1379.0,26
1381.0,18
1383.0,27
1385.0,33
1387.0,23
1389.0,28
1391.0,18
1393.0,26
1395.0,23
1397.0,20
1399.0,17
1401.0,26
1403.0,24
1405.0,32
1407.0,19
1409.0,18
1411.0,17
1413.0,13
1415.0,29
1417.0,26
1419.0,20
1421.0,33
1423.0,18
1425.0,15
1427.0,23
1429.0,21
1431.0,23
1433.0,23
1435.0,22
1437.0,30
1439.0,26
1441.0,22
1443.0,23
1445.0,31
1447.0,35
1449.0,30
1451.0,26
1453.0,36
1455.0,34
1457.0,38
1459.0,31
1461.0,20
1463.0,43
1465.0,28
1467.0,35
1469.0,41
1471.0,41
1473.0,43
1475.0,37
1477.0,39
1479.0,39
1481.0,55
1483.0,36
1485.0,38
1487.0,33
1489.0,40
1491.0,33
1493.0,39
1495.0,46
1497.0,37
1499.0,44
1501.0,40
1503.0,40
1505.0,37
1507.0,40
1509.0,37
1511.0,34
1513.0,31
1515.0,42
1517.0,44
1519.0,41
1521.0,30
1523.0,38
1525.0,41
1527.0,46
1529.0,43
1531.0,53
1533.0,54
1535.0,53
1537.0,48
1539.0,46
1541.0,40
1543.0,62
1545.0,50
1547.0,60
1549.0,51
1551.0,63
1553.0,65
1555.0,77
1557.0,88
1559.0,75
1561.0,62
1563.0,69
1565.0,76
1567.0,69
1569.0,53
1571.0,75
1573.0,75
1575.0,44
1577.0,60
1579.0,53
1581.0,52
1583.0,53
1585.0,44
1587.0,37
1589.0,39
1591.0,30
1593.0,30
1595.0,27
1597.0,26
1599.0,21
1601.0,21
1603.0,18
1605.0,24
1607.0,26
1609.0,28
1611.0,21
1613.0,22
1615.0,27
1617.0,23
1619.0,18
1621.0,29
1623.0,32
1625.0,26
1627.0,44
1629.0,40
1631.0,45
1633.0,39
1635.0,44
1637.0,43
1639.0,51
1641.0,47
1643.0,47
1645.0,42
1647.0,37
1649.0,36
1651.0,31
1653.0,28
1655.0,24
1657.0,32
1659.0,38
1661.0,33
1663.0,43
1665.0,36
1667.0,52
1669.0,44
1671.0,39
1673.0,40
1675.0,31
1677.0,49
1679.0,67
1681.0,40
1683.0,51
1685.0,40
1687.0,42
1689.0,36
1691.0,44
1693.0,49
1695.0,42
1697.0,38
1699.0,42
1701.0,48
1703.0,34
1705.0,46
1707.0,39
1709.0,40
1711.0,50
1713.0,46
1715.0,43
1717.0,57
1719.0,62
1721.0,96
1723.0,123
1725.0,131
1727.0,113
1729.0,111
1731.0,126
1733.0,151
1735.0,130
1737.0,123
1739.0,102
1741.0,112
1743.0,134
1745.0,112
1747.0,123
1749.0,133
1751.0,118
1753.0,131
1755.0,115
1757.0,125
1759.0,97
1761.0,98
1763.0,60
1765.0,66
1767.0,40
1769.0,60
1771.0,45
1773.0,52
1775.0,48
1777.0,64
1779.0,66
1781.0,49
1783.0,42
1785.0,62
1787.0,45
1789.0,47
1791.0,42
1793.0,42
1795.0,36
1797.0,24
1799.0,41
1801.0,33
1803.0,38
1805.0,30
1807.0,27
1809.0,42
1811.0,51
1813.0,41
1815.0,51
1817.0,44
1819.0,52
1821.0,40
1823.0,47
1825.0,47
1827.0,43
1829.0,71
1831.0,36
1833.0,38
1835.0,41
1837.0,41
1839.0,31
1841.0,27
1843.0,32
1845.0,47
1847.0,65
1849.0,55
1851.0,54
1853.0,65
1855.0,51
1857.0,55
1859.0,53
1861.0,33
1863.0,42
1865.0,31
1867.0,38
1869.0,31
1871.0,22
1873.0,24
1875.0,31
1877.0,34
1879.0,19
1881.0,36
1883.0,38
1885.0,31
1887.0,34
1889.0,48
1891.0,47
1893.0,43
1895.0,54
1897.0,49
1899.0,45
1901.0,57
1903.0,47
1905.0,39
1907.0,52
1909.0,42
1911.0,49
1913.0,55
1915.0,49
1917.0,59
1919.0,85
1921.0,81
1923.0,75
1925.0,91
1927.0,78
1929.0,96
1931.0,75
1933.0,63
1935.0,60
1937.0,60
1939.0,52
1941.0,51
1943.0,32
1945.0,43
1947.0,17
1949.0,32
1951.0,19
1953.0,26
1955.0,26
1957.0,36
1959.0,36
1961.0,30
1963.0,52
1965.0,52
1967.0,46
1969.0,57
1971.0,62
1973.0,89
1975.0,87
1977.0,84
1979.0,126
1981.0,75
1983.0,89
1985.0,79
1987.0,68
1989.0,58
1991.0,44
1993.0,40
1995.0,19
1997.0,24
1999.0,16
2001.0,15
2003.0,30
2005.0,30
2007.0,18
2009.0,21
2011.0,25
2013.0,14
2015.0,18
2017.0,15
2019.0,29
2021.0,22
2023.0,15
2025.0,26
2027.0,8
2029.0,22
2031.0,21
2033.0,21
2035.0,29
2037.0,32
2039.0,38
2041.0,41
2043.0,53
2045.0,63
2047.0,66
2049.0,64
2051.0,54
2053.0,64
2055.0,61
2057.0,67
2059.0,62
2061.0,73
2063.0,76
2065.0,85
2067.0,88
2069.0,86
2071.0,74
2073.0,62
2075.0,63
2077.0,80
2079.0,85
2081.0,66
2083.0,60
2085.0,43
2087.0,46
2089.0,42
2091.0,39
2093.0,24
2095.0,35
2097.0,40
2099.0,35
2101.0,53
2103.0,57
2105.0,47
2107.0,36
2109.0,31
2111.0,30
2113.0,31
2115.0,32
2117.0,43
2119.0,40
2121.0,55
2123.0,79
2125.0,85
2127.0,86
2129.0,91
2131.0,97
2133.0,107
2135.0,89
2137.0,102
2139.0,110
2141.0,65
2143.0,74
2145.0,50
2147.0,63
2149.0,55
2151.0,50
2153.0,32
2155.0,33
2157.0,50
2159.0,45
2161.0,43
2163.0,47
2165.0,57
2167.0,69
2169.0,81
2171.0,98
2173.0,113
2175.0,125
2177.0,114
2179.0,128
2181.0,120
2183.0,103
2185.0,117
2187.0,93
2189.0,85
2191.0,110
2193.0,102
2195.0,96
2197.0,90
2199.0,113
2201.0,118
2203.0,86
2205.0,103
2207.0,120
2209.0,108
2211.0,112
2213.0,130
2215.0,132
2217.0,139
2219.0,168
2221.0,163
2223.0,141
2225.0,92
2227.0,66
2229.0,75
2231.0,57
2233.0,57
2235.0,42
2237.0,41
2239.0,51
2241.0,54
2243.0,44
2245.0,45
2247.0,40
2249.0,49
2251.0,67
2253.0,55
2255.0,63
2257.0,52
2259.0,77
2261.0,80
2263.0,97
2265.0,97
2267.0,73
2269.0,94
2271.0,83
2273.0,85
2275.0,69
2277.0,85
2279.0,85
2281.0,79
2283.0,69
2285.0,60
2287.0,57
2289.0,70
2291.0,62
2293.0,47
2295.0,53
2297.0,40
2299.0,41
2301.0,44
2303.0,61
2305.0,37
2307.0,37
2309.0,45
2311.0,41
2313.0,46
2315.0,38
2317.0,50
2319.0,39
2321.0,47
2323.0,39
2325.0,38
2327.0,35
2329.0,41
2331.0,69
2333.0,65
2335.0,77
2337.0,84
2339.0,110
2341.0,87
2343.0,79
2345.0,88
2347.0,64
2349.0,69
2351.0,60
2353.0,56
2355.0,52
2357.0,46
2359.0,32
2361.0,41
2363.0,39
2365.0,48
2367.0,59
2369.0,54
2371.0,44
2373.0,62
2375.0,69
2377.0,65
2379.0,74
2381.0,83
2383.0,79
2385.0,63
2387.0,50
2389.0,49
2391.0,32
2393.0,35
2395.0,42
2397.0,43
2399.0,48
2401.0,54
2403.0,48
2405.0,52
2407.0,59
2409.0,42
2411.0,37
2413.0,41
2415.0,40
2417.0,44
2419.0,43
2421.0,38
2423.0,38
2425.0,45
2427.0,33
2429.0,65
2431.0,54
2433.0,50
2435.0,51
2437.0,56
2439.0,46
2441.0,45
2443.0,51
2445.0,43
2447.0,40
2449.0,42
2451.0,72
2453.0,52
2455.0,58
2457.0,45
2459.0,49
2461.0,49
2463.0,40
2465.0,38
2467.0,40
2469.0,37
2471.0,37
2473.0,44
2475.0,39
2477.0,43
2479.0,49
2481.0,65
2483.0,47
2485.0,39
2487.0,48
2489.0,41
2491.0,48
2493.0,33
2495.0,38
2497.0,27
2499.0,31
2501.0,28
2503.0,36
2505.0,32
2507.0,26
2509.0,45
2511.0,39
2513.0,41
2515.0,48
2517.0,51
2519.0,56
2521.0,64
2523.0,69
2525.0,74
2527.0,65
2529.0,81
2531.0,62
2533.0,57
2535.0,63
2537.0,56
2539.0,59
2541.0,38
2543.0,61
2545.0,40
2547.0,32
2549.0,29
2551.0,37
2553.0,32
2555.0,27
2557.0,30
2559.0,30
2561.0,31
2563.0,33
2565.0,35
2567.0,31
2569.0,42
2571.0,41
2573.0,41
2575.0,40
2577.0,48
2579.0,59
2581.0,55
2583.0,66
2585.0,40
2587.0,60
2589.0,43
2591.0,35
2593.0,55
2595.0,46
2597.0,55
2599.0,28
2601.0,45
2603.0,46
2605.0,56
2607.0,47
2609.0,56
2611.0,63
2613.0,57
2615.0,73
2617.0,67
2619.0,48
2621.0,64
2623.0,55
2625.0,51
2627.0,53
2629.0,36
2631.0,54
2633.0,41
2635.0,32
2637.0,58
2639.0,41
2641.0,40
2643.0,42
2645.0,49
2647.0,42
2649.0,53
2651.0,45
2653.0,51
2655.0,37
2657.0,31
2659.0,51
2661.0,58
2663.0,49
2665.0,49
2667.0,62
2669.0,48
2671.0,44
2673.0,42
2675.0,56
2677.0,35
2679.0,50
2681.0,53
2683.0,38
2685.0,41
2687.0,62
2689.0,68
2691.0,49
2693.0,74
2695.0,81
2697.0,87
2699.0,93
2701.0,98
2703.0,100
2705.0,114
2707.0,116
2709.0,122
2711.0,117
2713.0,118
2715.0,104
2717.0,101
2719.0,106
2721.0,83
2723.0,60
2725.0,64
2727.0,62
2729.0,53
2731.0,43
2733.0,46
2735.0,53
2737.0,58
2739.0,55
2741.0,46
2743.0,46
2745.0,37
2747.0,47
2749.0,47
2751.0,47
2753.0,39
2755.0,51
2757.0,50
2759.0,48
2761.0,49
2763.0,50
2765.0,40
2767.0,39
2769.0,35
2771.0,37
2773.0,39
2775.0,47
2777.0,50
2779.0,52
2781.0,43
2783.0,54
2785.0,42
2787.0,51
2789.0,47
2791.0,40
2793.0,38
2795.0,45
2797.0,35
2799.0,32
2801.0,37
2803.0,35
2805.0,28
2807.0,30
2809.0,52
2811.0,29
2813.0,26
2815.0,28
2817.0,38
2819.0,46
2821.0,45
2823.0,58
2825.0,48
2827.0,76
2829.0,59
2831.0,46
2833.0,42
2835.0,48
2837.0,32
2839.0,44
2841.0,52
2843.0,47
2845.0,57
2847.0,35
2849.0,37
2851.0,30
2853.0,38
2855.0,17
2857.0,20
2859.0,26
2861.0,33
2863.0,35
2865.0,30
2867.0,44
2869.0,72
2871.0,58
2873.0,53
2875.0,38
2877.0,56
2879.0,67
2881.0,46
2883.0,46
2885.0,37
2887.0,32
2889.0,53
2891.0,55
2893.0,53
2895.0,60
2897.0,55
2899.0,38
2901.0,42
2903.0,40
2905.0,22
2907.0,36
2909.0,42
2911.0,36
2913.0,34
2915.0,47
2917.0,59
2919.0,43
2921.0,45
2923.0,54
2925.0,52
2927.0,57
2929.0,56
2931.0,70
2933.0,64
2935.0,66
2937.0,87
2939.0,55
2941.0,47
2943.0,61
2945.0,73
2947.0,95
2949.0,89
2951.0,87
2953.0,68
2955.0,77
2957.0,54
2959.0,59
2961.0,35
2963.0,45
2965.0,42
2967.0,35
2969.0,40
2971.0,46
2973.0,49
2975.0,52
2977.0,37
2979.0,30
2981.0,35
2983.0,51
2985.0,51
2987.0,76
2989.0,73
2991.0,48
2993.0,56
2995.0,67
2997.0,64
2999.0,65
3001.0,77
3003.0,82
3005.0,73
3007.0,62
3009.0,55
3011.0,49
3013.0,32
3015.0,25
3017.0,36
3019.0,22
3021.0,41
3023.0,51
3025.0,50
3027.0,36
3029.0,35
3031.0,49
3033.0,64
3035.0,68
3037.0,59
3039.0,38
3041.0,45
3043.0,63
3045.0,51
3047.0,59
3049.0,58
3051.0,41
3053.0,55
3055.0,46
3057.0,72
3059.0,65
3061.0,56
3063.0,41
3065.0,28
3067.0,26
3069.0,33
3071.0,24
3073.0,46
3075.0,40
3077.0,38
3079.0,36
3081.0,32
3083.0,34
3085.0,42
3087.0,44
3089.0,59
3091.0,64
3093.0,61
3095.0,61
3097.0,54
3099.0,50
3101.0,39
3103.0,59
3105.0,53
3107.0,56
3109.0,45
3111.0,61
3113.0,55
3115.0,49
3117.0,30
3119.0,31
3121.0,28
3123.0,29
3125.0,30
3127.0,34
3129.0,37
3131.0,38
3133.0,51
3135.0,39
3137.0,50
3139.0,47
3141.0,54
3143.0,59
3145.0,48
3147.0,46
3149.0,33
3151.0,43
3153.0,29
3155.0,39
3157.0,34
3159.0,39
3161.0,55
3163.0,81
3165.0,65
3167.0,62
3169.0,69
3171.0,54
3173.0,35
3175.0,33
3177.0,30
3179.0,31
3181.0,24
3183.0,29
3185.0,46
3187.0,47
3189.0,38
3191.0,36
3193.0,28
3195.0,29
3197.0,36
3199.0,37
3201.0,33
3203.0,42
3205.0,45
3207.0,42
3209.0,57
3211.0,47
3213.0,51
3215.0,73
3217.0,61
3219.0,64
3221.0,46
3223.0,43
3225.0,36
3227.0,40
3229.0,36
3231.0,42
3233.0,40
3235.0,39
3237.0,24
3239.0,38
3241.0,32
3243.0,24
3245.0,21
3247.0,36
3249.0,36
3251.0,24
3253.0,35
3255.0,54
3257.0,47
3259.0,34
3261.0,48
3263.0,52
3265.0,52
3267.0,58
3269.0,63
3271.0,75
3273.0,55
3275.0,52
3277.0,37
3279.0,27
3281.0,30
3283.0,37
3285.0,34
3287.0,36
3289.0,34
3291.0,27
3293.0,46
3295.0,41
3297.0,48
3299.0,31
3301.0,29
3303.0,40
3305.0,35
3307.0,49
3309.0,31
3311.0,43
3313.0,39
3315.0,39
3317.0,56
3319.0,54
3321.0,58
3323.0,60
3325.0,65
3327.0,78
3329.0,77
3331.0,62
3333.0,39
3335.0,41
3337.0,42
3339.0,38
3341.0,31
3343.0,30
3345.0,33
3347.0,30
3349.0,27
3351.0,21
3353.0,33
3355.0,32
3357.0,41
3359.0,42
3361.0,51
3363.0,49
3365.0,39
3367.0,31
3369.0,41
3371.0,51
3373.0,54
3375.0,57
3377.0,46
3379.0,47
3381.0,78
3383.0,57
3385.0,44
3387.0,37
3389.0,37
3391.0,47
3393.0,34
3395.0,35
3397.0,34
3399.0,25
3401.0,34
3403.0,52
3405.0,68
3407.0,66
3409.0,63
3411.0,46
3413.0,28
3415.0,30
3417.0,29
3419.0,33
3421.0,30
3423.0,40
3425.0,54
3427.0,48
3429.0,49
3431.0,35
3433.0,37
3435.0,32
3437.0,23
3439.0,26
3441.0,22
3443.0,32
3445.0,36
3447.0,37
3449.0,39
3451.0,39
3453.0,43
3455.0,47
3457.0,41
3459.0,41
3461.0,68
3463.0,51
3465.0,57
3467.0,36
3469.0,23
3471.0,25
3473.0,26
3475.0,23
3477.0,33
3479.0,28
3481.0,37
3483.0,33
3485.0,32
3487.0,34
3489.0,32
3491.0,35
3493.0,38
3495.0,39
3497.0,42
3499.0,30
3501.0,22
3503.0,33
3505.0,35
3507.0,33
3509.0,37
3511.0,24
3513.0,22
3515.0,29
3517.0,28
3519.0,24
3521.0,29
3523.0,33
3525.0,29
3527.0,23
3529.0,30
3531.0,40
3533.0,29
3535.0,24
3537.0,17
3539.0,30
3541.0,16
3543.0,30
3545.0,36
3547.0,24
3549.0,27
3551.0,30
3553.0,39
3555.0,44
3557.0,32
3559.0,41
3561.0,45
3563.0,45
3565.0,50
3567.0,27
3569.0,33
3571.0,30
3573.0,43
3575.0,53
3577.0,33
3579.0,35
3581.0,56
3583.0,37
3585.0,22
3587.0,23
3589.0,15
3591.0,21
3593.0,14
3595.0,18
3597.0,14
3599.0,23
3601.0,29
3603.0,34
3605.0,35
3607.0,52
3609.0,68
3611.0,84
3613.0,73
3615.0,59
3617.0,37
3619.0,45
3621.0,38
3623.0,26
3625.0,20
3627.0,20
3629.0,20
3631.0,13
3633.0,18
3635.0,17
3637.0,24
3639.0,23
3641.0,11
3643.0,17
3645.0,17
3647.0,18
3649.0,17
3651.0,19
3653.0,36
3655.0,30
3657.0,49
3659.0,48
3661.0,47
3663.0,55
3665.0,43
3667.0,21
3669.0,22
3671.0,22
3673.0,29
3675.0,29
3677.0,28
3679.0,26
3681.0,23
3683.0,15
3685.0,22
3687.0,28
3689.0,24
3691.0,23
3693.0,19
3695.0,24
3697.0,14
3699.0,40
3701.0,50
3703.0,62
3705.0,55
3707.0,33
3709.0,16
3711.0,12
3713.0,20
3715.0,18
3717.0,18
3719.0,16
3721.0,13
3723.0,23
3725.0,26
3727.0,30
3729.0,25
3731.0,20
3733.0,20
3735.0,23
3737.0,33
3739.0,26
3741.0,27
3743.0,19
3745.0,23
3747.0,23
3749.0,29
3751.0,36
3753.0,41
3755.0,31
3757.0,21
3759.0,20
3761.0,20
3763.0,21
3765.0,23
3767.0,13
3769.0,21
3771.0,9
3773.0,12
3775.0,16
3777.0,29
3779.0,35
3781.0,20
3783.0,40
3785.0,21
3787.0,19
3789.0,25
3791.0,33
3793.0,38
3795.0,50
3797.0,54
3799.0,29
3801.0,15
3803.0,15
3805.0,14
3807.0,20
3809.0,22
3811.0,10
3813.0,14
3815.0,11
3817.0,11
3819.0,15
3821.0,26
3823.0,25
3825.0,14
3827.0,25
3829.0,27
3831.0,18
3833.0,28
3835.0,12
3837.0,23
3839.0,15
3841.0,31
3843.0,23
3845.0,15
3847.0,15
3849.0,14
3851.0,13
3853.0,13
3855.0,16
3857.0,16
3859.0,18
3861.0,17
3863.0,5
3865.0,18
3867.0,17
3869.0,18
3871.0,15
3873.0,20
3875.0,15
3877.0,16
3879.0,11
3881.0,12
3883.0,18
3885.0,12
3887.0,19
3889.0,20
3891.0,25
3893.0,36
3895.0,41
3897.0,32
3899.0,22
3901.0,7
3903.0,15
3905.0,9
3907.0,8
3909.0,15
3911.0,17
3913.0,18
3915.0,21
3917.0,17
3919.0,10
3921.0,12
3923.0,14
3925.0,12
3927.0,12
3929.0,12
3931.0,9
3933.0,14
3935.0,10
3937.0,16
3939.0,15
3941.0,11
3943.0,15
3945.0,13
3947.0,9
3949.0,14
3951.0,17
3953.0,26
3955.0,25
3957.0,27
3959.0,41
3961.0,20
3963.0,11
3965.0,18
3967.0,12
3969.0,10
3971.0,11
3973.0,18
3975.0,10
3977.0,10
3979.0,9
3981.0,9
3983.0,10
3985.0,6
3987.0,2
3989.0,8
3991.0,2
3993.0,6
3995.0,5
3997.0,13
3999.0,8
4001.0,6
4003.0,8
4005.0,14
4007.0,18
4009.0,11
4011.0,12
4013.0,3
4015.0,10
4017.0,6
4019.0,7
4021.0,14
4023.0,13
4025.0,12
4027.0,5
4029.0,13
4031.0,12
4033.0,16
4035.0,8
4037.0,8
4039.0,10
4041.0,12
4043.0,15
4045.0,15
4047.0,7
4049.0,11
4051.0,5
4053.0,6
4055.0,10
4057.0,7
4059.0,10
4061.0,6
4063.0,10
4065.0,12
4067.0,10
4069.0,7
4071.0,4
4073.0,5
4075.0,5
4077.0,9
4079.0,12
4081.0,17
4083.0,21
4085.0,15
4087.0,6
4089.0,6
4091.0,6
4093.0,13
4095.0,8
4097.0,10
4099.0,3
4101.0,11
4103.0,11
4105.0,7
4107.0,13
4109.0,10
4111.0,12
4113.0,9
4115.0,15
4117.0,11
4119.0,14
4121.0,21
4123.0,19
4125.0,8
4127.0,7
4129.0,15
4131.0,12
4133.0,10
4135.0,9
4137.0,13
4139.0,14
4141.0,13
4143.0,7
4145.0,6
4147.0,7
4149.0,8
4151.0,9
4153.0,7
4155.0,6
4157.0,5
4159.0,13
4161.0,11
4163.0,8
4165.0,6
4167.0,13
4169.0,5
4171.0,5
4173.0,9
4175.0,6
4177.0,2
4179.0,9
4181.0,8
4183.0,12
4185.0,10
4187.0,6
4189.0,5
4191.0,7
4193.0,5
4195.0,9
4197.0,9
4199.0,12
4201.0,12
4203.0,15
4205.0,17
4207.0,19
4209.0,14
4211.0,8
4213.0,12
4215.0,10
4217.0,16
4219.0,12
4221.0,13
4223.0,11
4225.0,15
4227.0,13
4229.0,11
4231.0,9
4233.0,10
4235.0,8
4237.0,10
4239.0,15
4241.0,5
4243.0,9
4245.0,7
4247.0,4
4249.0,6
4251.0,6
4253.0,5
4255.0,5
4257.0,7
4259.0,12
4261.0,19
4263.0,16
4265.0,12
4267.0,10
4269.0,6
4271.0,8
4273.0,6
4275.0,9
4277.0,10
4279.0,16
4281.0,13
4283.0,16
4285.0,11
4287.0,16
4289.0,7
4291.0,15
4293.0,10
4295.0,9
4297.0,7
4299.0,8
4301.0,14
4303.0,19
4305.0,26
4307.0,19
4309.0,14
4311.0,5
4313.0,6
4315.0,6
4317.0,10
4319.0,15
4321.0,14
4323.0,7
4325.0,11
4327.0,15
4329.0,23
4331.0,11
4333.0,19
4335.0,18
4337.0,10
4339.0,8
4341.0,5
4343.0,11
4345.0,6
4347.0,10
4349.0,19
4351.0,31
4353.0,34
4355.0,19
4357.0,14
4359.0,9
4361.0,5
4363.0,15
4365.0,11
4367.0,10
4369.0,8
4371.0,11
4373.0,10
4375.0,10
4377.0,8
4379.0,10
4381.0,12
4383.0,7
4385.0,9
4387.0,12
4389.0,6
4391.0,6
4393.0,8
4395.0,15
4397.0,19
4399.0,15
4401.0,15
4403.0,23
4405.0,16
4407.0,17
4409.0,14
4411.0,7
4413.0,3
4415.0,4
4417.0,7
4419.0,11
4421.0,24
4423.0,27
4425.0,31
4427.0,16
4429.0,16
4431.0,10
4433.0,13
4435.0,6
4437.0,10
4439.0,13
4441.0,8
4443.0,8
4445.0,7
4447.0,6
4449.0,11
4451.0,6
4453.0,5
4455.0,6
4457.0,6
4459.0,7
4461.0,5
4463.0,3
4465.0,14
4467.0,3
4469.0,9
4471.0,12
4473.0,9
4475.0,8
4477.0,14
4479.0,13
4481.0,18
4483.0,25
4485.0,25
4487.0,21
4489.0,9
4491.0,7
4493.0,5
4495.0,5
4497.0,8
4499.0,18
4501.0,7
4503.0,9
4505.0,10
4507.0,7
4509.0,11
4511.0,12
4513.0,14
4515.0,18
4517.0,13
4519.0,14
4521.0,33
4523.0,18
4525.0,13
4527.0,11
4529.0,11
4531.0,14
4533.0,23
4535.0,11
4537.0,12
4539.0,18
4541.0,11
4543.0,13
4545.0,7
4547.0,6
4549.0,10
4551.0,4
4553.0,4
4555.0,13
4557.0,4
4559.0,10
4561.0,14
4563.0,12
4565.0,20
4567.0,28
4569.0,20
4571.0,15
4573.0,12
4575.0,10
4577.0,8
4579.0,9
4581.0,15
4583.0,10
4585.0,20
4587.0,21
4589.0,10
4591.0,14
4593.0,9
4595.0,9
4597.0,5
4599.0,5
4601.0,6
4603.0,11
4605.0,5
4607.0,15
4609.0,6
4611.0,13
4613.0,7
4615.0,9
4617.0,8
4619.0,8
4621.0,10
4623.0,11
4625.0,12
4627.0,19
4629.0,29
4631.0,27
4633.0,21
4635.0,20
4637.0,12
4639.0,4
4641.0,2
4643.0,2
4645.0,8
4647.0,8
4649.0,2
4651.0,8
4653.0,4
4655.0,3
4657.0,8
4659.0,8
4661.0,14
4663.0,4
4665.0,4
4667.0,7
4669.0,4
4671.0,5
4673.0,10
4675.0,11
4677.0,15
4679.0,16
4681.0,23
4683.0,27
4685.0,19
4687.0,11
4689.0,7
4691.0,6
4693.0,6
4695.0,6
4697.0,9
4699.0,2
4701.0,6
4703.0,9
4705.0,2
4707.0,7
4709.0,4
4711.0,9
4713.0,1
4715.0,5
4717.0,10
4719.0,7
4721.0,6
4723.0,5
4725.0,5
4727.0,3
4729.0,3
4731.0,7
4733.0,12
4735.0,5
4737.0,9
4739.0,3
4741.0,13
4743.0,9
4745.0,11
4747.0,7
4749.0,4
4751.0,2
4753.0,4
4755.0,6
4757.0,3
4759.0,9
4761.0,7
4763.0,4
4765.0,5
4767.0,6
4769.0,10
4771.0,7
4773.0,8
4775.0,5
4777.0,4
4779.0,5
4781.0,3
4783.0,6
4785.0,4
4787.0,12
4789.0,9
4791.0,8
4793.0,9
4795.0,5
4797.0,9
4799.0,12
4801.0,7
4803.0,4
4805.0,4
4807.0,9
4809.0,6
4811.0,8
4813.0,1
4815.0,7
4817.0,3
4819.0,4
4821.0,6
4823.0,6
4825.0,4
4827.0,5
4829.0,9
4831.0,8
4833.0,5
4835.0,1
4837.0,5
4839.0,4
4841.0,2
4843.0,2
4845.0,5
4847.0,5
4849.0,11
4851.0,2
4853.0,6
4855.0,8
4857.0,8
4859.0,7
4861.0,6
4863.0,5
4865.0,3
4867.0,5
4869.0,5
4871.0,7
4873.0,8
4875.0,3
4877.0,4
4879.0,4
4881.0,4
4883.0,10
4885.0,2
4887.0,6
4889.0,10
4891.0,9
4893.0,7
4895.0,7
4897.0,7
4899.0,3
4901.0,3
4903.0,3
4905.0,2
4907.0,7
4909.0,5
4911.0,4
4913.0,6
4915.0,6
4917.0,10
4919.0,4
4921.0,3
4923.0,4
4925.0,0
4927.0,1
4929.0,2
4931.0,3
4933.0,5
4935.0,2
4937.0,1
4939.0,4
4941.0,5
4943.0,4
4945.0,2
4947.0,4
4949.0,2
4951.0,9
4953.0,10
4955.0,4
4957.0,5
4959.0,8
4961.0,14
4963.0,4
4965.0,7
4967.0,9
4969.0,7
4971.0,3
4973.0,10
4975.0,7
4977.0,11
4979.0,4
4981.0,11
4983.0,9
4985.0,10
4987.0,2
4989.0,8
4991.0,3
4993.0,4
4995.0,7
4997.0,6
4999.0,4
5001.0,3
5003.0,4
5005.0,3
5007.0,5
5009.0,3
5011.0,7
5013.0,6
5015.0,3
5017.0,2
5019.0,5
5021.0,3
5023.0,3
5025.0,3
5027.0,4
5029.0,4
5031.0,5
5033.0,5
5035.0,2
5037.0,3
5039.0,4
5041.0,3
5043.0,6
5045.0,6
5047.0,4
5049.0,4
5051.0,10
5053.0,2
5055.0,3
5057.0,3
5059.0,4
5061.0,8
5063.0,8
5065.0,8
5067.0,1
5069.0,8
5071.0,10
5073.0,5
5075.0,2
5077.0,5
5079.0,8
5081.0,1
5083.0,4
5085.0,7
5087.0,12
5089.0,7
5091.0,8
5093.0,2
5095.0,5
5097.0,4
5099.0,8
5101.0,3
5103.0,2
5105.0,5
5107.0,10
5109.0,5
5111.0,5
5113.0,7
5115.0,2
5117.0,6
5119.0,2
5121.0,8
5123.0,5
5125.0,4
5127.0,8
5129.0,2
5131.0,5
5133.0,5
5135.0,3
5137.0,2
5139.0,3
5141.0,2
5143.0,2
5145.0,4
5147.0,6
5149.0,4
5151.0,3
5153.0,4
5155.0,6
5157.0,6
5159.0,8
5161.0,12
5163.0,4
5165.0,9
5167.0,4
5169.0,6
5171.0,5
5173.0,9
5175.0,9
5177.0,7
5179.0,9
5181.0,3
5183.0,5
5185.0,4
5187.0,6
5189.0,3
5191.0,11
5193.0,6
5195.0,5
5197.0,5
5199.0,6
5201.0,4
5203.0,3
5205.0,6
5207.0,2
5209.0,5
5211.0,7
5213.0,6
5215.0,3
5217.0,8
5219.0,6
5221.0,4
5223.0,8
5225.0,13
5227.0,8
5229.0,1
5231.0,1
5233.0,10
5235.0,4
5237.0,4
5239.0,8
5241.0,6
5243.0,7
5245.0,5
5247.0,3
5249.0,1
5251.0,2
5253.0,0
5255.0,4
5257.0,6
5259.0,5
5261.0,8
5263.0,7
5265.0,6
5267.0,3
5269.0,2
5271.0,4
5273.0,6
5275.0,13
5277.0,6
5279.0,9
5281.0,1
5283.0,5
5285.0,1
5287.0,6
5289.0,9
5291.0,3
5293.0,5
5295.0,4
5297.0,9
5299.0,6
5301.0,5
5303.0,6
5305.0,11
5307.0,6
5309.0,13
5311.0,6
5313.0,9
5315.0,9
5317.0,4
5319.0,8
5321.0,9
5323.0,8
5325.0,8
5327.0,13
5329.0,6
5331.0,5
5333.0,4
5335.0,7
5337.0,3
5339.0,7
5341.0,7
5343.0,5
5345.0,5
5347.0,5
5349.0,7
5351.0,1
5353.0,2
5355.0,4
5357.0,9
5359.0,7
5361.0,8
5363.0,11
5365.0,3
5367.0,6
5369.0,4
5371.0,6
5373.0,1
5375.0,4
5377.0,7
5379.0,5
5381.0,4
5383.0,13
5385.0,9
5387.0,1
5389.0,4
5391.0,5
5393.0,5
5395.0,3
5397.0,4
5399.0,5
5401.0,5
5403.0,5
5405.0,6
5407.0,4
5409.0,6
5411.0,7
5413.0,4
5415.0,9
5417.0,5
5419.0,0
5421.0,4
5423.0,1
5425.0,2
5427.0,7
5429.0,10
5431.0,5
5433.0,5
5435.0,2
5437.0,6
5439.0,2
5441.0,3
5443.0,6
5445.0,5
5447.0,4
5449.0,1
5451.0,5
5453.0,4
5455.0,5
5457.0,6
5459.0,8
5461.0,5
5463.0,4
5465.0,7
5467.0,4
5469.0,6
5471.0,5
5473.0,5
5475.0,3
5477.0,4
5479.0,9
5481.0,3
5483.0,4
5485.0,4
5487.0,5
5489.0,7
5491.0,2
5493.0,1
5495.0,4
5497.0,3
5499.0,1
5501.0,5
5503.0,2
5505.0,1
5507.0,2
5509.0,7
5511.0,4
5513.0,3
5515.0,3
5517.0,4
5519.0,3
5521.0,6
5523.0,1
5525.0,5
5527.0,4
5529.0,0
5531.0,5
5533.0,5
5535.0,2
5537.0,1
5539.0,0
5541.0,7
5543.0,3
5545.0,3
5547.0,4
5549.0,6
5551.0,7
5553.0,3
5555.0,6
5557.0,1
5559.0,3
5561.0,6
5563.0,3
5565.0,2
5567.0,4
5569.0,4
5571.0,8
5573.0,6
5575.0,2
5577.0,5
5579.0,6
5581.0,4
5583.0,6
5585.0,2
5587.0,7
5589.0,4
5591.0,7
5593.0,4
5595.0,11
5597.0,5
5599.0,4
5601.0,6
5603.0,1
5605.0,2
5607.0,5
5609.0,4
5611.0,5
5613.0,3
5615.0,2
5617.0,3
5619.0,4
5621.0,4
5623.0,4
5625.0,3
5627.0,10
5629.0,6
5631.0,2
5633.0,4
5635.0,4
5637.0,5
5639.0,4
5641.0,6
5643.0,3
5645.0,0
5647.0,5
5649.0,2
5651.0,2
5653.0,3
5655.0,4
5657.0,0
5659.0,0
5661.0,1
5663.0,1
5665.0,9
5667.0,4
5669.0,4
5671.0,2
5673.0,2
5675.0,5
5677.0,2
5679.0,1
5681.0,2
5683.0,2
5685.0,5
5687.0,3
5689.0,7
5691.0,1
5693.0,3
5695.0,3
5697.0,1
5699.0,1
5701.0,3
5703.0,3
5705.0,5
5707.0,4
5709.0,5
5711.0,5
5713.0,6
5715.0,4
5717.0,5
5719.0,3
5721.0,7
5723.0,3
5725.0,3
5727.0,8
5729.0,2
5731.0,1
5733.0,2
5735.0,4
5737.0,5
5739.0,5
5741.0,0
5743.0,3
5745.0,2
5747.0,3
5749.0,5
5751.0,3
5753.0,2
5755.0,4
5757.0,5
5759.0,2
5761.0,3
5763.0,4
5765.0,6
5767.0,4
5769.0,5
5771.0,5
5773.0,1
5775.0,5
5777.0,5
5779.0,6
5781.0,4
5783.0,3
5785.0,2
5787.0,4
5789.0,1
5791.0,2
5793.0,3
5795.0,4
5797.0,0
5799.0,3
5801.0,2
5803.0,0
5805.0,5
5807.0,0
5809.0,4
5811.0,6
5813.0,3
5815.0,0
5817.0,3
5819.0,3
5821.0,4
5823.0,3
5825.0,2
5827.0,4
5829.0,2
5831.0,5
5833.0,6
5835.0,3
5837.0,7
5839.0,7
5841.0,2
5843.0,3
5845.0,2
5847.0,1
5849.0,3
5851.0,7
5853.0,7
5855.0,6
5857.0,1
5859.0,2
5861.0,1
5863.0,5
5865.0,5
5867.0,5
5869.0,4
5871.0,6
5873.0,4
5875.0,6
5877.0,1
5879.0,2
5881.0,1
5883.0,1
5885.0,0
5887.0,3
5889.0,2
5891.0,2
5893.0,2
5895.0,2
5897.0,1
5899.0,2
5901.0,2
5903.0,2
5905.0,3
5907.0,2
5909.0,3
5911.0,3
5913.0,4
5915.0,5
5917.0,4
5919.0,0
5921.0,2
5923.0,3
5925.0,2
5927.0,3
5929.0,4
5931.0,0
5933.0,1
5935.0,4
5937.0,0
5939.0,1
5941.0,6
5943.0,1
5945.0,0
5947.0,0
5949.0,4
5951.0,5
5953.0,5
5955.0,5
5957.0,4
5959.0,4
5961.0,1
5963.0,1
5965.0,4
5967.0,2
5969.0,3
5971.0,3
5973.0,4
5975.0,4
5977.0,6
5979.0,4
5981.0,2
5983.0,3
5985.0,2
5987.0,3
5989.0,0
5991.0,1
5993.0,1
5995.0,0
5997.0,6
5999.0,0
6001.0,3
6003.0,2
6005.0,2
6007.0,3
6009.0,3
6011.0,1
6013.0,0
6015.0,3
6017.0,3
6019.0,3
6021.0,0
6023.0,6
6025.0,0
6027.0,4
6029.0,2
6031.0,5
6033.0,4
6035.0,4
6037.0,5
6039.0,6
6041.0,3
6043.0,3
6045.0,1
6047.0,3
6049.0,3
6051.0,4
6053.0,0
6055.0,2
6057.0,2
6059.0,2
6061.0,3
6063.0,2
6065.0,2
6067.0,3
6069.0,1
6071.0,4
6073.0,1
6075.0,2
6077.0,4
6079.0,1
6081.0,3
6083.0,4
6085.0,2
6087.0,4
6089.0,4
6091.0,2
6093.0,5
6095.0,2
6097.0,6
6099.0,3
6101.0,6
6103.0,2
6105.0,5
6107.0,4
6109.0,2
6111.0,5
6113.0,3
6115.0,4
6117.0,7
6119.0,5
6121.0,1
6123.0,2
6125.0,0
6127.0,2
6129.0,2
6131.0,2
6133.0,0
6135.0,2
6137.0,3
6139.0,2
6141.0,2
6143.0,2
6145.0,4
6147.0,4
6149.0,6
6151.0,4
6153.0,2
6155.0,6
6157.0,2
6159.0,0
6161.0,1
6163.0,3
6165.0,3
6167.0,0
6169.0,3
6171.0,2
6173.0,1
6175.0,1
6177.0,2
6179.0,0
6181.0,2
6183.0,3
6185.0,0
6187.0,0
6189.0,3
6191.0,3
6193.0,1
6195.0,1
6197.0,3
6199.0,3
6201.0,1
6203.0,2
6205.0,0
6207.0,1
6209.0,1
6211.0,3
6213.0,2
6215.0,4
6217.0,3
6219.0,4
6221.0,3
6223.0,1
6225.0,3
6227.0,1
6229.0,4
6231.0,3
6233.0,2
6235.0,2
6237.0,0
6239.0,2
6241.0,4
6243.0,1
6245.0,1
6247.0,5
6249.0,2
6251.0,7
6253.0,2
6255.0,4
6257.0,4
6259.0,3
6261.0,5
6263.0,3
6265.0,3
6267.0,4
6269.0,1
6271.0,0
6273.0,1
6275.0,2
6277.0,2
6279.0,1
6281.0,1
6283.0,1
6285.0,2
6287.0,4
6289.0,1
6291.0,5
6293.0,2
6295.0,3
6297.0,1
6299.0,1
6301.0,3
6303.0,2
6305.0,3
6307.0,3
6309.0,6
6311.0,3
6313.0,4
6315.0,0
6317.0,2
6319.0,2
6321.0,4
6323.0,4
6325.0,3
6327.0,0
6329.0,2
6331.0,2
6333.0,2
6335.0,3
6337.0,0
6339.0,2
6341.0,3
6343.0,2
6345.0,1
6347.0,2
6349.0,3
6351.0,1
6353.0,2
6355.0,1
6357.0,4
6359.0,0
6361.0,1
6363.0,5
6365.0,3
6367.0,2
6369.0,0
6371.0,3
6373.0,0
6375.0,3
6377.0,3
6379.0,0
6381.0,1
6383.0,2
6385.0,3
6387.0,3
6389.0,3
6391.0,3
6393.0,2
6395.0,4
6397.0,4
6399.0,4
6401.0,2
6403.0,0
6405.0,2
6407.0,1
6409.0,1
6411.0,1
6413.0,1
6415.0,2
6417.0,1
6419.0,1
6421.0,0
6423.0,1
6425.0,1
6427.0,2
6429.0,3
6431.0,3
6433.0,3
6435.0,5
6437.0,6
6439.0,1
6441.0,5
6443.0,7
6445.0,0
6447.0,1
6449.0,2
6451.0,2
6453.0,0
6455.0,1
6457.0,0
6459.0,3
6461.0,0
6463.0,2
6465.0,4
6467.0,2
6469.0,3
6471.0,1
6473.0,0
6475.0,4
6477.0,1
6479.0,3
6481.0,1
6483.0,2
6485.0,0
6487.0,2
6489.0,3
6491.0,2
6493.0,0
6495.0,3
6497.0,0
6499.0,2
6501.0,2
6503.0,2
6505.0,3
6507.0,1
6509.0,2
6511.0,2
6513.0,1
6515.0,2
6517.0,2
6519.0,2
6521.0,2
6523.0,1
6525.0,3
6527.0,2
6529.0,4
6531.0,4
6533.0,4
6535.0,1
6537.0,0
6539.0,2
6541.0,3
6543.0,1
6545.0,0
6547.0,6
6549.0,1
6551.0,7
6553.0,1
6555.0,2
6557.0,2
6559.0,3
6561.0,3
6563.0,2
6565.0,3
6567.0,1
6569.0,2
6571.0,0
6573.0,1
6575.0,2
6577.0,0
6579.0,2
6581.0,0
6583.0,2
6585.0,3
6587.0,1
6589.0,1
6591.0,1
6593.0,2
6595.0,3
6597.0,6
6599.0,3
6601.0,1
6603.0,1
6605.0,2
6607.0,0
6609.0,0
6611.0,4
6613.0,0
6615.0,2
6617.0,1
6619.0,2
6621.0,3
6623.0,1
6625.0,1
6627.0,0
6629.0,0
6631.0,4
6633.0,2
6635.0,1
6637.0,1
6639.0,2
6641.0,1
6643.0,0
6645.0,2
6647.0,2
6649.0,3
6651.0,3
6653.0,5
6655.0,3
6657.0,3
6659.0,3
6661.0,4
6663.0,3
6665.0,4
6667.0,4
6669.0,2
6671.0,3
6673.0,0
6675.0,4
6677.0,2
6679.0,1
6681.0,0
6683.0,2
6685.0,0
6687.0,3
6689.0,0
6691.0,1
6693.0,2
6695.0,0
6697.0,0
6699.0,1
6701.0,2
6703.0,2
6705.0,0
6707.0,4
6709.0,1
6711.0,3
6713.0,1
6715.0,4
6717.0,1
6719.0,4
6721.0,3
6723.0,3
6725.0,3
6727.0,2
6729.0,1
6731.0,2
6733.0,1
6735.0,6
6737.0,2
6739.0,1
6741.0,0
6743.0,2
6745.0,1
6747.0,1
6749.0,0
6751.0,1
6753.0,2
6755.0,0
6757.0,0
6759.0,2
6761.0,2
6763.0,1
6765.0,1
6767.0,1
6769.0,1
6771.0,3
6773.0,1
6775.0,2
6777.0,2
6779.0,1
6781.0,1
6783.0,2
6785.0,2
6787.0,1
6789.0,0
6791.0,0
6793.0,2
6795.0,7
6797.0,3
6799.0,2
6801.0,5
6803.0,1
6805.0,1
6807.0,1
6809.0,0
6811.0,0
6813.0,0
6815.0,1
6817.0,2
6819.0,1
6821.0,3
6823.0,2
6825.0,2
6827.0,3
6829.0,4
6831.0,2
6833.0,3
6835.0,2
6837.0,1
6839.0,0
6841.0,2
6843.0,1
6845.0,2
6847.0,3
6849.0,0
6851.0,1
6853.0,1
6855.0,2
6857.0,0
6859.0,3
6861.0,0
6863.0,1
6865.0,2
6867.0,2
6869.0,1
6871.0,1
6873.0,4
6875.0,1
6877.0,2
6879.0,0
6881.0,4
6883.0,3
6885.0,1
6887.0,3
6889.0,4
6891.0,1
6893.0,1
6895.0,2
6897.0,2
6899.0,0
6901.0,4
6903.0,2
6905.0,1
6907.0,1
6909.0,0
6911.0,1
6913.0,0
6915.0,2
6917.0,1
6919.0,1
6921.0,1
6923.0,1
6925.0,0
6927.0,1
6929.0,2
6931.0,0
6933.0,0
6935.0,3
6937.0,1
6939.0,1
6941.0,3
6943.0,0
6945.0,1
6947.0,3
6949.0,2
6951.0,1
6953.0,1
6955.0,1
6957.0,1
6959.0,1
6961.0,1
6963.0,2
6965.0,1
6967.0,1
6969.0,2
6971.0,0
6973.0,1
6975.0,1
6977.0,1
6979.0,0
6981.0,2
6983.0,0
6985.0,2
6987.0,2
6989.0,1
6991.0,2
6993.0,0
6995.0,1
6997.0,0
6999.0,4
7001.0,0
7003.0,1
7005.0,3
7007.0,1
7009.0,4
7011.0,1
7013.0,1
7015.0,1
7017.0,0
7019.0,1
7021.0,2
7023.0,0
7025.0,0
7027.0,1
7029.0,1
7031.0,2
7033.0,1
7035.0,1
7037.0,0
7039.0,4
7041.0,1
7043.0,3
7045.0,1
7047.0,1
7049.0,1
7051.0,0
7053.0,2
7055.0,0
7057.0,4
7059.0,0
7061.0,3
7063.0,3
7065.0,1
7067.0,4
7069.0,3
7071.0,1
7073.0,2
7075.0,2
7077.0,0
7079.0,0
7081.0,4
7083.0,1
7085.0,1
7087.0,1
7089.0,0
7091.0,1
7093.0,0
7095.0,2
7097.0,1
7099.0,1
7101.0,1
7103.0,2
7105.0,0
7107.0,0
7109.0,5
7111.0,2
7113.0,2
7115.0,0
7117.0,1
7119.0,1
7121.0,1
7123.0,0
7125.0,2
7127.0,1
7129.0,2
7131.0,0
7133.0,2
7135.0,1
7137.0,2
7139.0,1
7141.0,1
7143.0,4
7145.0,1
7147.0,0
7149.0,0
7151.0,2
7153.0,1
7155.0,0
7157.0,1
7159.0,0
7161.0,1
7163.0,1
7165.0,2
7167.0,0
7169.0,0
7171.0,2
7173.0,0
7175.0,0
7177.0,0
7179.0,1
7181.0,1
7183.0,0
7185.0,1
7187.0,4
7189.0,3
7191.0,0
7193.0,3
7195.0,4
7197.0,0
7199.0,0
7201.0,2
7203.0,2
7205.0,4
7207.0,1
7209.0,0
7211.0,0
7213.0,1
7215.0,4
7217.0,1
7219.0,0
7221.0,0
7223.0,1
7225.0,0
7227.0,1
7229.0,1
7231.0,1
7233.0,2
7235.0,1
7237.0,0
7239.0,1
7241.0,1
7243.0,0
7245.0,1
7247.0,1
7249.0,0
7251.0,0
7253.0,0
7255.0,3
7257.0,1
7259.0,0
7261.0,0
7263.0,3
7265.0,0
7267.0,2
7269.0,0
7271.0,1
7273.0,0
7275.0,1
7277.0,1
7279.0,3
7281.0,0
7283.0,1
7285.0,3
7287.0,4
7289.0,1
7291.0,0
7293.0,2
7295.0,2
7297.0,1
7299.0,1
7301.0,1
7303.0,1
7305.0,2
7307.0,1
7309.0,1
7311.0,0
7313.0,2
7315.0,0
7317.0,1
7319.0,2
7321.0,2
7323.0,2
7325.0,2
7327.0,1
7329.0,1
7331.0,1
7333.0,1
7335.0,1
7337.0,3
7339.0,1
7341.0,2
7343.0,1
7345.0,0
7347.0,0
7349.0,0
7351.0,0
7353.0,2
7355.0,2
7357.0,1
7359.0,1
7361.0,1
7363.0,0
7365.0,1
7367.0,0
7369.0,1
7371.0,2
7373.0,2
7375.0,1
7377.0,2
7379.0,2
7381.0,1
7383.0,0
7385.0,0
7387.0,1
7389.0,3
7391.0,2
7393.0,1
7395.0,1
7397.0,2
7399.0,1
7401.0,1
7403.0,2
7405.0,0
7407.0,0
7409.0,1
7411.0,1
7413.0,1
7415.0,0
7417.0,1
7419.0,0
7421.0,1
7423.0,2
7425.0,1
7427.0,1
7429.0,4
7431.0,1
7433.0,3
7435.0,2
7437.0,0
7439.0,1
7441.0,7
7443.0,1
7445.0,2
7447.0,0
7449.0,0
7451.0,0
7453.0,2
7455.0,0
7457.0,2
7459.0,2
7461.0,1
7463.0,0
7465.0,0
7467.0,1
7469.0,0
7471.0,2
7473.0,0
7475.0,2
7477.0,2
7479.0,2
7481.0,0
7483.0,0
7485.0,1
7487.0,3
7489.0,1
7491.0,2
7493.0,1
7495.0,0
7497.0,2
7499.0,1
7501.0,0
7503.0,0
7505.0,0
7507.0,0
7509.0,1
7511.0,2
7513.0,0
7515.0,1
7517.0,1
7519.0,0
7521.0,0
7523.0,2
7525.0,0
7527.0,0
7529.0,2
7531.0,1
7533.0,1
7535.0,0
7537.0,4
7539.0,0
7541.0,1
7543.0,1
7545.0,1
7547.0,4
7549.0,0
7551.0,0
7553.0,0
7555.0,1
7557.0,2
7559.0,0
7561.0,1
7563.0,0
7565.0,1
7567.0,0
7569.0,0
7571.0,3
7573.0,1
7575.0,2
7577.0,0
7579.0,2
7581.0,0
7583.0,3
7585.0,1
7587.0,0
7589.0,0
7591.0,0
7593.0,0
7595.0,4
7597.0,4
7599.0,1
7601.0,0
7603.0,3
7605.0,1
7607.0,2
7609.0,2
7611.0,1
7613.0,0
7615.0,0
7617.0,1
7619.0,2
7621.0,0
7623.0,2
7625.0,1
7627.0,0
7629.0,1
7631.0,0
7633.0,0
7635.0,0
7637.0,1
7639.0,0
7641.0,0
7643.0,1
7645.0,1
7647.0,0
7649.0,0
7651.0,0
7653.0,1
7655.0,3
7657.0,0
7659.0,0
7661.0,2
7663.0,1
7665.0,1
7667.0,1
7669.0,1
7671.0,0
7673.0,1
7675.0,0
7677.0,0
7679.0,0
7681.0,1
7683.0,2
7685.0,0
7687.0,0
7689.0,0
7691.0,0
7693.0,0
7695.0,2
7697.0,1
7699.0,1
7701.0,1
7703.0,1
7705.0,0
7707.0,1
7709.0,4
7711.0,1
7713.0,0
7715.0,1
7717.0,0
7719.0,2
7721.0,1
7723.0,0
7725.0,2
7727.0,1
7729.0,2
7731.0,1
7733.0,2
7735.0,0
7737.0,2
7739.0,0
7741.0,1
7743.0,0
7745.0,0
7747.0,0
7749.0,1
7751.0,1
7753.0,1
7755.0,0
7757.0,0
7759.0,3
7761.0,0
7763.0,1
7765.0,2
7767.0,1
7769.0,2
7771.0,0
7773.0,1
7775.0,0
7777.0,1
7779.0,0
7781.0,0
7783.0,0
7785.0,2
7787.0,1
7789.0,2
7791.0,0
7793.0,7
7795.0,1
7797.0,2
7799.0,0
7801.0,1
7803.0,1
7805.0,0
7807.0,0
7809.0,2
7811.0,1
7813.0,1
7815.0,1
7817.0,0
7819.0,1
7821.0,1
7823.0,0
7825.0,0
7827.0,2
7829.0,0
7831.0,0
7833.0,0
7835.0,2
7837.0,0
7839.0,1
7841.0,0
7843.0,0
7845.0,1
7847.0,3
7849.0,1
7851.0,1
7853.0,0
7855.0,1
7857.0,0
7859.0,1
7861.0,1
7863.0,0
7865.0,1
7867.0,0
7869.0,1
7871.0,1
7873.0,1
7875.0,0
7877.0,0
7879.0,2
7881.0,0
7883.0,1
7885.0,1
7887.0,1
7889.0,1
7891.0,1
7893.0,1
7895.0,0
7897.0,1
7899.0,2
7901.0,1
7903.0,0
7905.0,2
7907.0,1
7909.0,1
7911.0,0
7913.0,0
7915.0,0
7917.0,1
7919.0,2
7921.0,1
7923.0,0
7925.0,1
7927.0,2
7929.0,0
7931.0,1
7933.0,1
7935.0,1
7937.0,0
7939.0,2
7941.0,2
7943.0,1
7945.0,1
7947.0,0
7949.0,3
7951.0,0
7953.0,1
7955.0,3
7957.0,1
7959.0,1
7961.0,0
7963.0,0
7965.0,0
7967.0,0
7969.0,0
7971.0,0
7973.0,2
7975.0,1
7977.0,1
7979.0,0
7981.0,0
7983.0,0
7985.0,0
7987.0,0
7989.0,1
7991.0,0
7993.0,1
7995.0,1
7997.0,2
7999.0,1
8001.0,0
8003.0,0
8005.0,2
8007.0,1
8009.0,1
8011.0,1
8013.0,0
8015.0,1
8017.0,0
8019.0,0
8021.0,0
8023.0,0
8025.0,1
8027.0,1
8029.0,1
8031.0,0
8033.0,0
8035.0,2
8037.0,0
8039.0,1
8041.0,2
8043.0,1
8045.0,0
8047.0,1
8049.0,1
8051.0,0
8053.0,1
8055.0,0
8057.0,0
8059.0,0
8061.0,1
8063.0,0
8065.0,1
8067.0,1
8069.0,1
8071.0,2
8073.0,1
8075.0,2
8077.0,1
8079.0,2
8081.0,1
8083.0,3
8085.0,2
8087.0,4
8089.0,5
8091.0,4
8093.0,1
8095.0,1
8097.0,0
8099.0,2
8101.0,1
8103.0,0
8105.0,0
8107.0,0
8109.0,2
8111.0,0
8113.0,0
8115.0,1
8117.0,1
8119.0,4
8121.0,0
8123.0,2
8125.0,0
8127.0,1
8129.0,1
8131.0,1
8133.0,0
8135.0,0
8137.0,0
8139.0,0
8141.0,1
8143.0,1
8145.0,0
8147.0,0
8149.0,0
8151.0,1
8153.0,3
8155.0,0
8157.0,0
8159.0,1
8161.0,0
8163.0,1
8165.0,1
8167.0,1
8169.0,0
8171.0,1
8173.0,0
8175.0,3
8177.0,3
8179.0,2
8181.0,0
8183.0,0
8185.0,0
8187.0,1
8189.0,1
8191.0,0
8193.0,1
8195.0,0
8197.0,0
8199.0,1
8201.0,1
8203.0,0
8205.0,0
8207.0,0
8209.0,1
8211.0,0
8213.0,2
8215.0,2
8217.0,2
8219.0,0
8221.0,1
8223.0,1
8225.0,0
8227.0,0
8229.0,0
8231.0,2
8233.0,0
8235.0,1
8237.0,1
8239.0,1
8241.0,0
8243.0,0
8245.0,0
8247.0,2
8249.0,0
8251.0,1
8253.0,1
8255.0,1
8257.0,2
8259.0,2
8261.0,0
8263.0,1
8265.0,0
8267.0,0
8269.0,2
8271.0,0
8273.0,0
8275.0,1
8277.0,0
8279.0,0
8281.0,0
8283.0,0
8285.0,0
8287.0,0
8289.0,1
8291.0,0
8293.0,1
8295.0,1
8297.0,0
8299.0,2
8301.0,3
8303.0,2
8305.0,1
8307.0,1
8309.0,1
8311.0,2
8313.0,0
8315.0,1
8317.0,0
8319.0,1
8321.0,0
8323.0,1
8325.0,0
8327.0,0
8329.0,0
8331.0,1
8333.0,1
8335.0,0
8337.0,1
8339.0,0
8341.0,0
8343.0,1
8345.0,0
8347.0,1
8349.0,0
8351.0,1
8353.0,1
8355.0,0
8357.0,0
8359.0,0
8361.0,0
8363.0,3
8365.0,0
8367.0,1
8369.0,2
8371.0,0
8373.0,0
8375.0,1
8377.0,0
8379.0,0
8381.0,1
8383.0,1
8385.0,1
8387.0,0
8389.0,2
8391.0,2
8393.0,1
8395.0,0
8397.0,1
8399.0,2
8401.0,0
8403.0,2
8405.0,1
8407.0,0
8409.0,2
8411.0,0
8413.0,2
8415.0,0
8417.0,1
8419.0,0
8421.0,0
8423.0,1
8425.0,1
8427.0,0
8429.0,2
8431.0,0
8433.0,1
8435.0,0
8437.0,1
8439.0,1
8441.0,0
8443.0,0
8445.0,2
8447.0,0
8449.0,0
8451.0,0
8453.0,1
8455.0,1
8457.0,0
8459.0,0
8461.0,0
8463.0,2
8465.0,0
8467.0,1
8469.0,0
8471.0,1
8473.0,4
8475.0,1
8477.0,0
8479.0,1
8481.0,1
8483.0,2
8485.0,0
8487.0,1
8489.0,1
8491.0,0
8493.0,1
8495.0,1
8497.0,2
8499.0,0
8501.0,0
8503.0,3
8505.0,1
8507.0,2
8509.0,1
8511.0,1
8513.0,2
8515.0,1
8517.0,1
8519.0,0
8521.0,0
8523.0,0
8525.0,1
8527.0,2
8529.0,2
8531.0,1
8533.0,2
8535.0,3
8537.0,2
8539.0,1
8541.0,3
8543.0,2
8545.0,6
8547.0,2
8549.0,1
8551.0,1
8553.0,1
8555.0,2
8557.0,0
8559.0,0
8561.0,0
8563.0,2
8565.0,1
8567.0,3
8569.0,1
8571.0,0
8573.0,1
8575.0,2
8577.0,2
8579.0,0
8581.0,0
8583.0,0
8585.0,1
8587.0,0
8589.0,0
8591.0,1
8593.0,0
8595.0,1
8597.0,1
8599.0,0
8601.0,0
8603.0,1
8605.0,0
8607.0,2
8609.0,1
8611.0,0
8613.0,2
8615.0,5
8617.0,5
8619.0,1
8621.0,2
8623.0,0
8625.0,1
8627.0,0
8629.0,1
8631.0,0
8633.0,0
8635.0,2
8637.0,2
8639.0,0
8641.0,4
8643.0,4
8645.0,0
8647.0,1
8649.0,1
8651.0,1
8653.0,0
8655.0,0
8657.0,0
8659.0,2
8661.0,1
8663.0,6
8665.0,2
8667.0,2
8669.0,2
8671.0,3
8673.0,3
8675.0,1
8677.0,0
8679.0,3
8681.0,2
8683.0,0
8685.0,1
8687.0,6
8689.0,1
8691.0,1
8693.0,5
8695.0,0
8697.0,3
8699.0,2
8701.0,2
8703.0,0
8705.0,0
8707.0,2
8709.0,4
8711.0,1
8713.0,2
8715.0,2
8717.0,2
8719.0,4
8721.0,5
8723.0,4
8725.0,7
8727.0,8
8729.0,3
8731.0,1
8733.0,4
8735.0,1
8737.0,2
8739.0,1
8741.0,1
8743.0,2
8745.0,0
8747.0,2
8749.0,0
8751.0,0
8753.0,0
8755.0,1
8757.0,3
8759.0,2
8761.0,5
8763.0,10
8765.0,10
8767.0,17
8769.0,20
8771.0,20
8773.0,25
8775.0,29
8777.0,15
8779.0,13
8781.0,11
8783.0,7
8785.0,5
8787.0,5
8789.0,1
8791.0,0
8793.0,0
8795.0,2
8797.0,1
8799.0,0
8801.0,0
8803.0,0
8805.0,0
8807.0,1
8809.0,1
8811.0,0
8813.0,0
8815.0,1
8817.0,4
8819.0,2
8821.0,2
8823.0,0
8825.0,0
8827.0,2
8829.0,0
8831.0,1
8833.0,0
8835.0,0
8837.0,3
8839.0,0
8841.0,0
8843.0,1
8845.0,2
8847.0,0
8849.0,0
8851.0,0
8853.0,0
8855.0,0
8857.0,1
8859.0,0
8861.0,0
8863.0,1
8865.0,0
8867.0,0
8869.0,1
8871.0,2
8873.0,1
8875.0,2
8877.0,1
8879.0,1
8881.0,0
8883.0,1
8885.0,1
8887.0,2
8889.0,3
8891.0,4
8893.0,0
8895.0,1
8897.0,1
8899.0,3
8901.0,3
8903.0,4
8905.0,2
8907.0,2
8909.0,2
8911.0,3
8913.0,4
8915.0,4
8917.0,4
8919.0,5
8921.0,7
8923.0,15
8925.0,11
8927.0,3
8929.0,1
8931.0,3
8933.0,5
8935.0,3
8937.0,2
8939.0,5
8941.0,1
8943.0,1
8945.0,2
8947.0,1
8949.0,0
8951.0,1
8953.0,0
8955.0,0
8957.0,0
8959.0,1
8961.0,0
8963.0,0
8965.0,1
8967.0,1
8969.0,2
8971.0,0
8973.0,2
8975.0,0
8977.0,0
8979.0,0
8981.0,0
8983.0,0
8985.0,0
8987.0,3
8989.0,2
8991.0,0
8993.0,3
8995.0,1
8997.0,2
8999.0,1
9001.0,1
9003.0,3
9005.0,3
9007.0,3
9009.0,2
9011.0,4
9013.0,6
9015.0,5
9017.0,6
9019.0,2
9021.0,4
9023.0,2
9025.0,1
9027.0,1
9029.0,2
9031.0,1
9033.0,1
9035.0,1
9037.0,2
9039.0,1
9041.0,0
9043.0,0
9045.0,0
9047.0,0
9049.0,0
9051.0,2
9053.0,0
9055.0,0
9057.0,0
9059.0,0
9061.0,1
9063.0,0
9065.0,1
9067.0,1
9069.0,2
9071.0,1
9073.0,0
9075.0,2
9077.0,0
9079.0,1
9081.0,0
9083.0,1
9085.0,0
9087.0,2
9089.0,0
9091.0,0
9093.0,1
9095.0,1
9097.0,0
9099.0,1
9101.0,5
9103.0,0
9105.0,0
9107.0,2
9109.0,1
9111.0,2
9113.0,1
9115.0,3
9117.0,0
9119.0,1
9121.0,3
9123.0,0
9125.0,2
9127.0,1
9129.0,0
9131.0,1
9133.0,1
9135.0,1
9137.0,1
9139.0,1
9141.0,1
9143.0,2
9145.0,2
9147.0,0
9149.0,1
9151.0,0
9153.0,0
9155.0,3
9157.0,0
9159.0,1
9161.0,0
9163.0,1
9165.0,2
9167.0,2
9169.0,1
9171.0,3
9173.0,1
9175.0,0
9177.0,1
9179.0,0
9181.0,0
9183.0,0
9185.0,0
9187.0,0
9189.0,1
9191.0,1
9193.0,2
9195.0,1
9197.0,0
9199.0,0
9201.0,0
9203.0,0
9205.0,0
9207.0,2
9209.0,2
9211.0,0
9213.0,1
9215.0,0
9217.0,1
9219.0,0
9221.0,0
9223.0,0
9225.0,1
9227.0,0
9229.0,0
9231.0,1
9233.0,0
9235.0,0
9237.0,0
9239.0,0
9241.0,0
9243.0,0
9245.0,0
9247.0,0
9249.0,0
9251.0,0
9253.0,3
9255.0,1
9257.0,0
9259.0,0
9261.0,1
9263.0,0
9265.0,0
9267.0,0
9269.0,0
9271.0,1
9273.0,1
9275.0,0
9277.0,0
9279.0,1
9281.0,1
9283.0,0
9285.0,4
9287.0,0
9289.0,0
9291.0,0
9293.0,1
9295.0,0
9297.0,1
9299.0,0
9301.0,1
9303.0,1
9305.0,1
9307.0,0
9309.0,0
9311.0,0
9313.0,0
9315.0,0
9317.0,1
9319.0,0
9321.0,2
9323.0,0
9325.0,1
9327.0,2
9329.0,1
9331.0,0
9333.0,1
9335.0,2
9337.0,0
9339.0,2
9341.0,1
9343.0,1
9345.0,1
9347.0,1
9349.0,1
9351.0,0
9353.0,0
9355.0,1
9357.0,2
9359.0,1
9361.0,1
9363.0,0
9365.0,3
9367.0,6
9369.0,1
9371.0,1
9373.0,1
9375.0,0
9377.0,2
9379.0,0
9381.0,0
9383.0,1
9385.0,2
9387.0,3
9389.0,1
9391.0,0
9393.0,2
9395.0,2
9397.0,1
9399.0,0
9401.0,0
9403.0,1
9405.0,0
9407.0,0
9409.0,0
9411.0,3
9413.0,1
9415.0,1
9417.0,0
9419.0,0
9421.0,0
9423.0,1
9425.0,1
9427.0,0
9429.0,0
9431.0,1
9433.0,1
9435.0,1
9437.0,0
9439.0,1
9441.0,0
9443.0,2
9445.0,0
9447.0,1
9449.0,0
9451.0,0
9453.0,2
9455.0,0
9457.0,1
9459.0,0
9461.0,0
9463.0,2
9465.0,0
9467.0,0
9469.0,1
9471.0,0
9473.0,1
9475.0,0
9477.0,0
9479.0,1
9481.0,4
9483.0,2
9485.0,2
9487.0,2
9489.0,4
9491.0,2
9493.0,1
9495.0,1
9497.0,1
9499.0,0
9501.0,3
9503.0,1
9505.0,1
9507.0,0
9509.0,1
9511.0,4
9513.0,6
9515.0,2
9517.0,3
9519.0,2
9521.0,1
9523.0,2
9525.0,4
9527.0,0
9529.0,3
9531.0,4
9533.0,3
9535.0,2
9537.0,0
9539.0,0
9541.0,2
9543.0,1
9545.0,0
9547.0,0
9549.0,0
9551.0,1
9553.0,1
9555.0,3
9557.0,1
9559.0,4
9561.0,4
9563.0,2
9565.0,2
9567.0,0
9569.0,3
9571.0,0
9573.0,0
9575.0,0
9577.0,1
9579.0,2
9581.0,0
9583.0,1
9585.0,2
9587.0,5
9589.0,2
9591.0,2
9593.0,0
9595.0,0
9597.0,8
9599.0,4
9601.0,4
9603.0,3
9605.0,5
9607.0,3
9609.0,4
9611.0,1
9613.0,4
9615.0,0
9617.0,1
9619.0,0
9621.0,0
9623.0,2
9625.0,2
9627.0,1
9629.0,2
9631.0,4
9633.0,4
9635.0,11
9637.0,4
9639.0,7
9641.0,5
9643.0,8
9645.0,12
9647.0,2
9649.0,4
9651.0,3
9653.0,1
9655.0,1
9657.0,1
9659.0,3
9661.0,2
9663.0,4
9665.0,2
9667.0,12
9669.0,10
9671.0,17
9673.0,19
9675.0,18
9677.0,12
9679.0,14
9681.0,6
9683.0,3
9685.0,6
9687.0,2
9689.0,3
9691.0,2
9693.0,2
9695.0,3
9697.0,0
9699.0,1
9701.0,0
9703.0,2
9705.0,2
9707.0,2
9709.0,1
9711.0,2
9713.0,1
9715.0,1
9717.0,1
9719.0,0
9721.0,0
9723.0,0
9725.0,0
9727.0,0
9729.0,1
9731.0,0
9733.0,1
9735.0,0
9737.0,1
9739.0,1
9741.0,2
9743.0,2
9745.0,2
9747.0,3
9749.0,2
9751.0,1
9753.0,1
9755.0,1
9757.0,0
9759.0,0
9761.0,0
9763.0,1
9765.0,0
9767.0,0
9769.0,1
9771.0,1
9773.0,3
9775.0,0
9777.0,1
9779.0,1
9781.0,2
9783.0,2
9785.0,1
9787.0,2
9789.0,1
9791.0,0
9793.0,1
9795.0,4
9797.0,0
9799.0,0
9801.0,1
9803.0,3
9805.0,0
9807.0,5
9809.0,5
9811.0,5
9813.0,1
9815.0,2
9817.0,4
9819.0,2
9821.0,2
9823.0,0
9825.0,2
9827.0,0
9829.0,1
9831.0,1
9833.0,0
9835.0,1
9837.0,2
9839.0,0
9841.0,0
9843.0,4
9845.0,1
9847.0,3
9849.0,4
9851.0,2
9853.0,1
9855.0,4
9857.0,3
9859.0,1
9861.0,0
9863.0,1
9865.0,0
9867.0,1
9869.0,1
9871.0,0
9873.0,0
9875.0,0
9877.0,0
9879.0,1
9881.0,0
9883.0,0
9885.0,2
9887.0,1
9889.0,0
9891.0,0
9893.0,2
9895.0,1
9897.0,0
9899.0,0
9901.0,0
9903.0,0
9905.0,0
9907.0,1
9909.0,0
9911.0,2
9913.0,1
9915.0,2
9917.0,1
9919.0,4
9921.0,1
9923.0,2
9925.0,0
9927.0,2
9929.0,1
9931.0,1
9933.0,1
9935.0,1
9937.0,3
9939.0,0
9941.0,1
9943.0,0
9945.0,0
9947.0,6
9949.0,2
9951.0,1
9953.0,3
9955.0,2
9957.0,3
9959.0,0
9961.0,0
9963.0,3
9965.0,1
9967.0,3
9969.0,0
9971.0,0
9973.0,1
9975.0,0
9977.0,1
9979.0,1
9981.0,2
9983.0,3
9985.0,1
9987.0,0
9989.0,1
9991.0,0
9993.0,2
9995.0,1
9997.0,0
9999.0,0
10001.0,0
10003.0,0
10005.0,0
10007.0,1
10009.0,0
10011.0,0
10013.0,1
10015.0,1
10017.0,1
10019.0,1
10021.0,1
10023.0,0
10025.0,0
10027.0,2
10029.0,2
10031.0,0
10033.0,1
10035.0,0
10037.0,0
10039.0,0
10041.0,0
10043.0,1
10045.0,0
10047.0,0
10049.0,2
10051.0,0
10053.0,0
10055.0,0
10057.0,1
10059.0,0
10061.0,0
10063.0,1
10065.0,1
10067.0,0
10069.0,0
10071.0,0
10073.0,1
10075.0,1
10077.0,0
10079.0,0
10081.0,1
10083.0,0
10085.0,1
10087.0,0
10089.0,1
10091.0,1
10093.0,2
10095.0,2
10097.0,0
10099.0,0
10101.0,0
10103.0,2
10105.0,0
10107.0,1
10109.0,1
10111.0,1
10113.0,0
10115.0,0
10117.0,0
10119.0,0
10121.0,1
10123.0,0
10125.0,1
10127.0,1
10129.0,2
10131.0,1
10133.0,2
10135.0,2
10137.0,0
10139.0,2
10141.0,1
10143.0,1
10145.0,0
10147.0,1
10149.0,0
10151.0,0
10153.0,2
10155.0,0
10157.0,1
10159.0,1
10161.0,1
10163.0,1
10165.0,1
10167.0,1
10169.0,0
10171.0,0
10173.0,2
10175.0,1
10177.0,0
10179.0,0
10181.0,0
10183.0,0
10185.0,2
10187.0,0
10189.0,0
10191.0,1
10193.0,0
10195.0,3
10197.0,1
10199.0,1
10201.0,2
10203.0,1
10205.0,1
10207.0,2
10209.0,1
10211.0,1
10213.0,0
10215.0,0
10217.0,1
10219.0,1
10221.0,1
10223.0,0
10225.0,2
10227.0,1
10229.0,0
10231.0,0
10233.0,1
10235.0,0
10237.0,1
10239.0,0
10241.0,0
10243.0,2
10245.0,0
10247.0,1
10249.0,1
10251.0,3
10253.0,1
10255.0,0
10257.0,4
10259.0,1
10261.0,1
10263.0,2
10265.0,2
10267.0,0
10269.0,3
10271.0,3
10273.0,4
10275.0,1
10277.0,1
10279.0,2
10281.0,3
10283.0,0
10285.0,1
10287.0,1
10289.0,2
10291.0,1
10293.0,2
10295.0,2
10297.0,1
10299.0,2
10301.0,1
10303.0,0
10305.0,2
10307.0,2
10309.0,4
10311.0,1
10313.0,2
10315.0,3
10317.0,2
10319.0,5
10321.0,5
10323.0,3
10325.0,3
10327.0,2
10329.0,3
10331.0,2
10333.0,3
10335.0,1
10337.0,1
10339.0,5
10341.0,6
10343.0,4
10345.0,2
10347.0,4
10349.0,3
10351.0,1
10353.0,2
10355.0,2
10357.0,2
10359.0,1
10361.0,2
10363.0,1
10365.0,1
10367.0,0
10369.0,3
10371.0,4
10373.0,2
10375.0,3
10377.0,3
10379.0,3
10381.0,0
10383.0,4
10385.0,2
10387.0,7
10389.0,2
10391.0,1
10393.0,2
10395.0,1
10397.0,2
10399.0,2
10401.0,6
10403.0,1
10405.0,2
10407.0,3
10409.0,3
10411.0,1
10413.0,1
10415.0,1
10417.0,1
10419.0,2
10421.0,0
10423.0,1
10425.0,1
10427.0,5
10429.0,2
10431.0,2
10433.0,4
10435.0,3
10437.0,5
10439.0,4
10441.0,3
10443.0,3
10445.0,1
10447.0,5
10449.0,4
10451.0,5
10453.0,6
10455.0,6
10457.0,5
10459.0,2
10461.0,6
10463.0,2
10465.0,3
10467.0,4
10469.0,0
10471.0,0
10473.0,1
10475.0,2
10477.0,1
10479.0,2
10481.0,1
10483.0,5
10485.0,4
10487.0,2
10489.0,4
10491.0,3
10493.0,4
10495.0,3
10497.0,8
10499.0,4
10501.0,12
10503.0,13
10505.0,15
10507.0,12
10509.0,12
10511.0,5
10513.0,7
10515.0,3
10517.0,5
10519.0,3
10521.0,6
10523.0,4
10525.0,5
10527.0,4
10529.0,1
10531.0,3
10533.0,2
10535.0,4
10537.0,2
10539.0,1
10541.0,0
10543.0,1
10545.0,1
10547.0,1
10549.0,1
10551.0,2
10553.0,2
10555.0,1
10557.0,3
10559.0,2
10561.0,0
10563.0,0
10565.0,2
10567.0,2
10569.0,0
10571.0,2
10573.0,0
10575.0,1
10577.0,0
10579.0,0
10581.0,0
10583.0,0
10585.0,2
10587.0,0
10589.0,0
10591.0,1
10593.0,0
10595.0,1
10597.0,1
10599.0,1
10601.0,1
10603.0,0
10605.0,1
10607.0,0
10609.0,0
10611.0,1
10613.0,0
10615.0,0
10617.0,1
10619.0,2
10621.0,1
10623.0,2
10625.0,0
10627.0,1
10629.0,0
10631.0,2
10633.0,0
10635.0,1
10637.0,0
10639.0,0
10641.0,0
10643.0,0
10645.0,0
10647.0,0
10649.0,3
10651.0,0
10653.0,1
10655.0,1
10657.0,0
10659.0,0
10661.0,0
10663.0,1
10665.0,1
10667.0,0
10669.0,3
10671.0,3
10673.0,4
10675.0,6
10677.0,5
10679.0,6
10681.0,4
10683.0,3
10685.0,4
10687.0,3
10689.0,1
10691.0,3
10693.0,1
10695.0,0
10697.0,1
10699.0,1
10701.0,1
10703.0,1
10705.0,0
10707.0,2
10709.0,1
10711.0,2
10713.0,0
10715.0,1
10717.0,0
10719.0,1
10721.0,0
10723.0,1
10725.0,0
10727.0,0
10729.0,1
10731.0,1
10733.0,0
10735.0,0
10737.0,0
10739.0,2
10741.0,0
10743.0,1
10745.0,2
10747.0,4
10749.0,0
10751.0,0
10753.0,1
10755.0,0
10757.0,1
10759.0,1
10761.0,1
10763.0,0
10765.0,0
10767.0,2
10769.0,1
10771.0,2
10773.0,0
10775.0,2
10777.0,0
10779.0,2
10781.0,1
10783.0,0
10785.0,1
10787.0,0
10789.0,2
10791.0,0
10793.0,0
10795.0,0
10797.0,1
10799.0,1
10801.0,0
10803.0,1
10805.0,1
10807.0,0
10809.0,0
10811.0,2
10813.0,1
10815.0,1
10817.0,1
10819.0,0
10821.0,0
10823.0,0
10825.0,1
10827.0,0
10829.0,0
10831.0,0
10833.0,0
10835.0,2
10837.0,1
10839.0,1
10841.0,0
10843.0,1
10845.0,0
10847.0,2
10849.0,0
10851.0,0
10853.0,0
10855.0,2
10857.0,0
10859.0,0
10861.0,0
10863.0,0
10865.0,0
10867.0,2
10869.0,1
10871.0,2
10873.0,2
10875.0,1
10877.0,3
10879.0,0
10881.0,1
10883.0,2
10885.0,0
10887.0,0
10889.0,0
10891.0,1
10893.0,1
10895.0,1
10897.0,0
10899.0,1
10901.0,0
10903.0,1
10905.0,1
10907.0,0
10909.0,2
10911.0,0
10913.0,0
10915.0,0
10917.0,2
10919.0,3
10921.0,0
10923.0,0
10925.0,1
10927.0,0
10929.0,0
10931.0,0
10933.0,0
10935.0,0
10937.0,0
10939.0,2
10941.0,0
10943.0,1
10945.0,1
10947.0,0
10949.0,0
10951.0,0
10953.0,2
10955.0,2
10957.0,2
10959.0,0
10961.0,1
10963.0,0
10965.0,0
10967.0,0
10969.0,0
10971.0,2
10973.0,5
10975.0,0
10977.0,1
10979.0,0
10981.0,1
10983.0,0
10985.0,2
10987.0,1
10989.0,0
10991.0,1
10993.0,2
10995.0,1
10997.0,3
10999.0,4
11001.0,3
11003.0,0
11005.0,0
11007.0,1
11009.0,0
11011.0,1
11013.0,1
11015.0,0
11017.0,0
11019.0,2
11021.0,0
11023.0,2
11025.0,1
11027.0,0
11029.0,0
11031.0,2
11033.0,0
11035.0,1
11037.0,2
11039.0,1
11041.0,1
11043.0,0
11045.0,1
11047.0,0
11049.0,0
11051.0,0
11053.0,1
11055.0,1
11057.0,0
11059.0,0
11061.0,0
11063.0,1
11065.0,1
11067.0,1
11069.0,1
11071.0,1
11073.0,0
11075.0,2
11077.0,1
11079.0,2
11081.0,2
11083.0,2
11085.0,1
11087.0,1
11089.0,2
11091.0,1
11093.0,0
11095.0,2
11097.0,1
11099.0,3
11101.0,1
11103.0,1
11105.0,0
11107.0,0
11109.0,0
11111.0,0
11113.0,1
11115.0,2
11117.0,2
11119.0,2
11121.0,3
11123.0,3
11125.0,2
11127.0,3
11129.0,2
11131.0,1
11133.0,2
11135.0,0
11137.0,1
11139.0,3
11141.0,2
11143.0,0
11145.0,0
11147.0,1
11149.0,2
11151.0,0
11153.0,0
11155.0,0
11157.0,1
11159.0,0
11161.0,1
11163.0,1
11165.0,1
11167.0,0
11169.0,3
11171.0,0
11173.0,2
11175.0,0
11177.0,0
11179.0,0
11181.0,0
11183.0,0
11185.0,0
11187.0,0
11189.0,1
11191.0,0
11193.0,1
11195.0,0
11197.0,1
11199.0,0
11201.0,0
11203.0,1
11205.0,0
11207.0,1
11209.0,0
11211.0,0
11213.0,1
11215.0,0
11217.0,0
11219.0,1
11221.0,0
11223.0,0
11225.0,0
11227.0,0
11229.0,1
11231.0,2
11233.0,0
11235.0,2
11237.0,0
11239.0,1
11241.0,0
11243.0,0
11245.0,1
11247.0,0
11249.0,0
11251.0,0
11253.0,0
11255.0,0
11257.0,0
11259.0,5
11261.0,0
11263.0,1
11265.0,0
11267.0,0
11269.0,1
11271.0,0
11273.0,2
11275.0,0
11277.0,0
11279.0,1
11281.0,0
11283.0,1
11285.0,2
11287.0,0
11289.0,0
11291.0,1
11293.0,3
11295.0,0
11297.0,0
11299.0,5
11301.0,0
11303.0,0
11305.0,1
11307.0,0
11309.0,1
11311.0,1
11313.0,1
11315.0,0
11317.0,0
11319.0,2
11321.0,0
11323.0,0
11325.0,1
11327.0,0
11329.0,1
11331.0,1
11333.0,0
11335.0,0
11337.0,1
11339.0,2
11341.0,0
11343.0,0
11345.0,0
11347.0,1
11349.0,2
11351.0,2
11353.0,2
11355.0,2
11357.0,1
11359.0,2
11361.0,0
11363.0,2
11365.0,2
11367.0,1
11369.0,0
11371.0,1
11373.0,1
11375.0,1
11377.0,0
11379.0,0
11381.0,1
11383.0,0
11385.0,0
11387.0,0
11389.0,1
11391.0,1
11393.0,1
11395.0,0
11397.0,0
11399.0,0
11401.0,0
11403.0,0
11405.0,0
11407.0,2
11409.0,2
11411.0,0
11413.0,1
11415.0,0
11417.0,1
11419.0,2
11421.0,2
11423.0,2
11425.0,0
11427.0,0
11429.0,2
11431.0,0
11433.0,0
11435.0,0
11437.0,1
11439.0,0
11441.0,0
11443.0,0
11445.0,2
11447.0,1
11449.0,1
11451.0,1
11453.0,0
11455.0,0
11457.0,1
11459.0,1
11461.0,0
11463.0,1
11465.0,4
11467.0,0
11469.0,2
11471.0,0
11473.0,1
11475.0,2
11477.0,1
11479.0,0
11481.0,1
11483.0,2
11485.0,0
11487.0,0
11489.0,1
11491.0,0
11493.0,0
11495.0,1
11497.0,0
11499.0,2
11501.0,0
11503.0,2
11505.0,0
11507.0,1
11509.0,3
11511.0,4
11513.0,3
11515.0,2
11517.0,0
11519.0,0
11521.0,0
11523.0,1
11525.0,1
11527.0,0
11529.0,0
11531.0,2
11533.0,0
11535.0,2
11537.0,2
11539.0,1
11541.0,6
11543.0,0
11545.0,3
11547.0,1
11549.0,2
11551.0,2
11553.0,3
11555.0,1
11557.0,1
11559.0,1
11561.0,0
11563.0,2
11565.0,1
11567.0,0
11569.0,2
11571.0,1
11573.0,0
11575.0,0
11577.0,1
11579.0,0
11581.0,1
11583.0,3
11585.0,2
11587.0,0
11589.0,0
11591.0,2
11593.0,3
11595.0,4
11597.0,3
11599.0,1
11601.0,0
11603.0,2
11605.0,2
11607.0,0
11609.0,0
11611.0,1
11613.0,1
11615.0,1
11617.0,2
11619.0,0
11621.0,0
11623.0,0
11625.0,1
11627.0,1
11629.0,0
11631.0,0
11633.0,1
11635.0,1
11637.0,4
11639.0,1
11641.0,1
11643.0,6
11645.0,10
11647.0,4
11649.0,1
11651.0,0
11653.0,1
11655.0,2
11657.0,1
11659.0,0
11661.0,1
11663.0,0
11665.0,0
11667.0,1
11669.0,2
11671.0,3
11673.0,0
11675.0,1
11677.0,1
11679.0,2
11681.0,1
11683.0,2
11685.0,9
11687.0,3
11689.0,3
11691.0,5
11693.0,3
11695.0,3
11697.0,2
11699.0,1
11701.0,0
11703.0,0
11705.0,0
11707.0,3
11709.0,1
11711.0,2
11713.0,1
11715.0,4
11717.0,0
11719.0,5
11721.0,2
11723.0,4
11725.0,3
11727.0,5
11729.0,5
11731.0,7
11733.0,4
11735.0,2
11737.0,2
11739.0,2
11741.0,0
11743.0,0
11745.0,1
11747.0,0
11749.0,1
11751.0,0
11753.0,0
11755.0,0
11757.0,0
11759.0,1
11761.0,0
11763.0,0
11765.0,0
11767.0,0
11769.0,1
11771.0,0
11773.0,0
11775.0,2
11777.0,0
11779.0,0
11781.0,0
11783.0,0
11785.0,0
11787.0,0
11789.0,0
11791.0,0
11793.0,0
11795.0,0
11797.0,0
11799.0,1
11801.0,1
11803.0,0
11805.0,1
11807.0,0
11809.0,1
11811.0,1
11813.0,0
11815.0,0
11817.0,0
11819.0,0
11821.0,1
11823.0,0
11825.0,1
11827.0,0
11829.0,0
11831.0,0
11833.0,2
11835.0,0
11837.0,1
11839.0,0
11841.0,0
11843.0,0
11845.0,0
11847.0,0
11849.0,0
11851.0,0
11853.0,0
11855.0,1
11857.0,1
11859.0,0
11861.0,0
11863.0,0
11865.0,0
11867.0,0
11869.0,0
11871.0,0
11873.0,1
11875.0,0
11877.0,0
11879.0,0
11881.0,0
11883.0,1
11885.0,0
11887.0,1
11889.0,0
11891.0,0
11893.0,0
11895.0,0
11897.0,0
11899.0,0
11901.0,1
11903.0,1
11905.0,0
11907.0,0
11909.0,0
11911.0,0
11913.0,1
11915.0,0
11917.0,0
11919.0,1
11921.0,0
11923.0,1
11925.0,1
11927.0,1
11929.0,0
11931.0,0
11933.0,1
11935.0,2
11937.0,0
11939.0,0
11941.0,1
11943.0,0
11945.0,0
11947.0,0
11949.0,0
11951.0,0
11953.0,0
11955.0,0
11957.0,0
11959.0,1
11961.0,0
11963.0,0
11965.0,0
11967.0,1
11969.0,0
11971.0,0
11973.0,0
11975.0,0
11977.0,0
11979.0,0
11981.0,0
11983.0,0
11985.0,0
11987.0,0
11989.0,0
11991.0,0
11993.0,0
11995.0,0
11997.0,1
11999.0,1
12001.0,1
12003.0,0
12005.0,0
12007.0,0
12009.0,0
12011.0,1
12013.0,0
12015.0,0
12017.0,1
12019.0,0
12021.0,1
12023.0,0
12025.0,0
12027.0,0
12029.0,1
12031.0,0
12033.0,0
12035.0,0
12037.0,0
12039.0,0
12041.0,0
12043.0,0
12045.0,2
12047.0,0
12049.0,0
12051.0,0
12053.0,0
12055.0,1
12057.0,0
12059.0,1
12061.0,0
12063.0,1
12065.0,0
12067.0,0
12069.0,0
12071.0,0
12073.0,0
12075.0,0
12077.0,2
12079.0,0
12081.0,0
12083.0,1
12085.0,0
12087.0,0
12089.0,0
12091.0,0
12093.0,0
12095.0,1
12097.0,1
12099.0,1
12101.0,0
12103.0,0
12105.0,0
12107.0,0
12109.0,0
12111.0,0
12113.0,0
12115.0,0
12117.0,0
12119.0,0
12121.0,0
12123.0,0
12125.0,0
12127.0,0
12129.0,0
12131.0,0
12133.0,0
12135.0,0
12137.0,0
12139.0,0
12141.0,1
12143.0,0
12145.0,0
12147.0,0
12149.0,0
12151.0,0
12153.0,0
12155.0,0
12157.0,0
12159.0,0
12161.0,1
12163.0,0
12165.0,0
12167.0,0
12169.0,0
12171.0,0
12173.0,0
12175.0,0
12177.0,0
12179.0,0
12181.0,0
12183.0,0
12185.0,2
12187.0,0
12189.0,0
12191.0,0
12193.0,0
12195.0,0
12197.0,2
12199.0,0
12201.0,0
12203.0,0
12205.0,0
12207.0,1
12209.0,0
12211.0,0
12213.0,0
12215.0,0
12217.0,0
12219.0,1
12221.0,0
12223.0,0
12225.0,0
12227.0,0
12229.0,0
12231.0,0
12233.0,0
12235.0,0
12237.0,0
12239.0,0
12241.0,0
12243.0,0
12245.0,0
12247.0,1
12249.0,1
12251.0,0
12253.0,0
12255.0,0
12257.0,0
12259.0,0
12261.0,0
12263.0,0
12265.0,0
12267.0,0
12269.0,0
12271.0,1
12273.0,0
12275.0,0
12277.0,0
12279.0,0
12281.0,0
12283.0,0
12285.0,2
12287.0,0
12289.0,0
12291.0,0
12293.0,0
12295.0,0
12297.0,0
12299.0,0
12301.0,0
12303.0,0
12305.0,0
12307.0,1
12309.0,0
12311.0,0
12313.0,0
12315.0,0
12317.0,0
12319.0,0
12321.0,0
12323.0,0
12325.0,1
12327.0,0
12329.0,0
12331.0,0
12333.0,0
12335.0,0
12337.0,0
12339.0,0
12341.0,0
12343.0,0
12345.0,0
12347.0,0
12349.0,0
12351.0,0
12353.0,0
12355.0,1
12357.0,0
12359.0,2
12361.0,0
12363.0,0
12365.0,0
12367.0,1
12369.0,0
12371.0,0
12373.0,0
12375.0,0
12377.0,0
12379.0,0
12381.0,0
12383.0,0
12385.0,0
12387.0,0
12389.0,0
12391.0,1
12393.0,0
12395.0,0
12397.0,0
12399.0,0
12401.0,0
12403.0,0
12405.0,0
12407.0,1
12409.0,0
12411.0,0
12413.0,0
12415.0,0
12417.0,0
12419.0,1
12421.0,0
12423.0,2
12425.0,0
12427.0,0
12429.0,0
12431.0,1
12433.0,3
12435.0,0
12437.0,0
12439.0,0
12441.0,2
12443.0,1
12445.0,0
12447.0,0
12449.0,0
12451.0,0
12453.0,0
12455.0,0
12457.0,1
12459.0,0
12461.0,0
12463.0,0
12465.0,0
12467.0,0
12469.0,0
12471.0,0
12473.0,0
12475.0,0
12477.0,0
12479.0,0
12481.0,0
12483.0,0
12485.0,0
12487.0,0
12489.0,0
12491.0,0
12493.0,0
12495.0,0
12497.0,0
12499.0,0
12501.0,0
12503.0,0
12505.0,0
12507.0,0
12509.0,0
12511.0,0
12513.0,0
12515.0,0
12517.0,0
12519.0,0
12521.0,0
12523.0,1
12525.0,0
12527.0,0
12529.0,0
12531.0,0
12533.0,0
12535.0,0
12537.0,0
12539.0,0
12541.0,1
12543.0,1
12545.0,0
12547.0,0
12549.0,0
12551.0,0
12553.0,1
12555.0,2
12557.0,0
12559.0,0
12561.0,1
12563.0,2
12565.0,1
12567.0,0
12569.0,0
12571.0,0
12573.0,0
12575.0,0
12577.0,0
12579.0,0
12581.0,0
12583.0,0
12585.0,0
12587.0,0
12589.0,0
12591.0,0
12593.0,0
12595.0,0
12597.0,0
12599.0,0
12601.0,1
12603.0,1
12605.0,0
12607.0,0
12609.0,0
12611.0,1
12613.0,1
12615.0,0
12617.0,0
12619.0,1
12621.0,1
12623.0,0
12625.0,0
12627.0,2
12629.0,0
12631.0,0
12633.0,0
12635.0,0
12637.0,0
12639.0,0
12641.0,2
12643.0,0
12645.0,0
12647.0,0
12649.0,0
12651.0,0
12653.0,0
12655.0,1
12657.0,0
12659.0,2
12661.0,1
12663.0,1
12665.0,0
12667.0,1
12669.0,0
12671.0,1
12673.0,2
12675.0,2
12677.0,1
12679.0,0
12681.0,0
12683.0,0
12685.0,0
12687.0,0
12689.0,0
12691.0,0
12693.0,0
12695.0,2
12697.0,0
12699.0,0
12701.0,0
12703.0,0
12705.0,0
12707.0,0
12709.0,0
12711.0,0
12713.0,1
12715.0,0
12717.0,0
12719.0,1
12721.0,0
12723.0,0
12725.0,1
12727.0,1
12729.0,1
12731.0,0
12733.0,0
12735.0,0
12737.0,1
12739.0,2
12741.0,1
12743.0,1
12745.0,0
12747.0,0
12749.0,0
12751.0,0
12753.0,0
12755.0,1
12757.0,0
12759.0,1
12761.0,1
12763.0,1
12765.0,0
12767.0,1
12769.0,0
12771.0,1
12773.0,0
12775.0,0
12777.0,1
12779.0,0
12781.0,2
12783.0,0
12785.0,0
12787.0,0
12789.0,0
12791.0,0
12793.0,0
12795.0,3
12797.0,0
12799.0,0
12801.0,1
12803.0,0
12805.0,0
12807.0,1
12809.0,0
12811.0,0
12813.0,0
12815.0,0
12817.0,0
12819.0,0
12821.0,0
12823.0,0
12825.0,0
12827.0,0
12829.0,0
12831.0,1
12833.0,2
12835.0,1
12837.0,1
12839.0,0
12841.0,1
12843.0,0
12845.0,0
12847.0,0
12849.0,0
12851.0,0
12853.0,0
12855.0,0
12857.0,1
12859.0,0
12861.0,1
12863.0,0
12865.0,0
12867.0,2
12869.0,0
12871.0,2
12873.0,0
12875.0,0
12877.0,0
12879.0,0
12881.0,0
12883.0,0
12885.0,0
12887.0,0
12889.0,0
12891.0,0
12893.0,0
12895.0,0
12897.0,1
12899.0,1
12901.0,0
12903.0,0
12905.0,2
12907.0,0
12909.0,0
12911.0,0
12913.0,0
12915.0,0
12917.0,0
12919.0,0
12921.0,0
12923.0,0
12925.0,1
12927.0,0
12929.0,0
12931.0,0
12933.0,0
12935.0,0
12937.0,0
12939.0,0
12941.0,0
12943.0,0
12945.0,0
12947.0,0
12949.0,0
12951.0,0
12953.0,0
12955.0,0
12957.0,0
12959.0,0
12961.0,0
12963.0,0
12965.0,0
12967.0,0
12969.0,0
12971.0,0
12973.0,0
12975.0,0
12977.0,0
12979.0,2
12981.0,0
12983.0,0
12985.0,0
12987.0,0
12989.0,0
12991.0,0
12993.0,0
12995.0,0
12997.0,0
