Bin center (eV),Counts per 2 eV bin
801.0,40
803.0,39
805.0,15
807.0,23
809.0,33
811.0,44
813.0,39
815.0,40
817.0,55
819.0,48
821.0,51
823.0,74
825.0,83
827.0,77
829.0,56
831.0,90
833.0,101
835.0,159
837.0,233
839.0,284
841.0,303
843.0,262
845.0,252
847.0,275
849.0,369
851.0,415
853.0,443
855.0,349
857.0,255
859.0,175
861.0,119
863.0,100
865.0,69
867.0,58
869.0,32
871.0,35
873.0,43
875.0,66
877.0,48
879.0,38
881.0,32
883.0,33
885.0,37
887.0,61
889.0,60
891.0,56
893.0,50
895.0,40
897.0,51
899.0,94
901.0,136
903.0,194
905.0,303
907.0,261
909.0,209
911.0,130
913.0,135
915.0,199
917.0,227
919.0,339
921.0,392
923.0,370
925.0,276
927.0,255
929.0,265
931.0,292
933.0,281
935.0,181
937.0,140
939.0,131
941.0,90
943.0,64
945.0,60
947.0,50
949.0,63
951.0,83
953.0,88
955.0,49
957.0,47
959.0,34
961.0,34
963.0,39
965.0,27
967.0,37
969.0,28
971.0,33
973.0,39
975.0,44
977.0,31
979.0,30
981.0,33
983.0,41
985.0,20
987.0,21
989.0,32
991.0,24
993.0,33
995.0,30
997.0,27
999.0,31
1001.0,20
1003.0,22
1005.0,24
1007.0,23
1009.0,18
1011.0,28
1013.0,14
1015.0,19
1017.0,17
1019.0,17
1021.0,22
1023.0,20
1025.0,14
1027.0,27
1029.0,34
1031.0,33
1033.0,27
1035.0,31
1037.0,27
1039.0,22
1041.0,11
1043.0,20
1045.0,10
1047.0,14
1049.0,22
1051.0,13
1053.0,17
1055.0,18
1057.0,14
1059.0,19
1061.0,15
1063.0,16
1065.0,16
1067.0,14
1069.0,19
1071.0,16
1073.0,18
1075.0,12
1077.0,18
1079.0,13
1081.0,10
1083.0,16
1085.0,21
1087.0,16
1089.0,10
1091.0,17
1093.0,15
1095.0,18
1097.0,17
1099.0,7
1101.0,9
1103.0,13
1105.0,9
1107.0,9
1109.0,16
1111.0,9
1113.0,13
1115.0,13
1117.0,14
1119.0,15
1121.0,9
1123.0,15
1125.0,16
1127.0,14
1129.0,14
1131.0,10
1133.0,17
1135.0,14
1137.0,11
1139.0,17
1141.0,14
1143.0,21
1145.0,13
1147.0,10
1149.0,13
1151.0,16
1153.0,21
1155.0,18
1157.0,15
1159.0,13
1161.0,13
1163.0,14
1165.0,25
1167.0,13
1169.0,9
1171.0,15
1173.0,10
1175.0,9
1177.0,5
1179.0,12
1181.0,21
1183.0,20
1185.0,20
1187.0,11
1189.0,17
1191.0,10
1193.0,11
1195.0,9
1197.0,15
1199.0,14
1201.0,21
1203.0,14
1205.0,11
1207.0,9
1209.0,11
1211.0,14
1213.0,14
1215.0,13
1217.0,15
1219.0,8
1221.0,16
1223.0,17
1225.0,14
1227.0,16
1229.0,13
1231.0,18
1233.0,10
1235.0,15
1237.0,16
1239.0,10
1241.0,15
1243.0,18
1245.0,20
1247.0,18
1249.0,15
1251.0,10
1253.0,15
1255.0,11
1257.0,11
1259.0,18
1261.0,11
1263.0,15
1265.0,17
1267.0,16
1269.0,13
1271.0,15
1273.0,6
1275.0,12
1277.0,11
1279.0,15
1281.0,10
1283.0,13
1285.0,17
1287.0,15
1289.0,14
1291.0,14
1293.0,18
1295.0,12
1297.0,20
1299.0,13
1301.0,13
1303.0,15
1305.0,13
1307.0,20
1309.0,9
1311.0,14
1313.0,15
1315.0,9
1317.0,11
1319.0,11
1321.0,13
1323.0,20
1325.0,23
1327.0,10
1329.0,11
1331.0,17
1333.0,11
1335.0,13
1337.0,16
1339.0,11
1341.0,22
1343.0,16
1345.0,12
1347.0,10
1349.0,16
1351.0,12
1353.0,16
1355.0,12
1357.0,11
1359.0,13
1361.0,17
1363.0,20
1365.0,16
1367.0,12
1369.0,13
1371.0,13
1373.0,9
1375.0,9
1377.0,11
1379.0,11
1381.0,9
1383.0,12
1385.0,13
1387.0,13
1389.0,17
1391.0,17
1393.0,16
1395.0,22
1397.0,18
1399.0,13
1401.0,14
1403.0,13
1405.0,15
1407.0,10
1409.0,10
1411.0,13
1413.0,18
1415.0,17
1417.0,22
1419.0,15
1421.0,15
1423.0,10
1425.0,9
1427.0,13
1429.0,14
1431.0,8
1433.0,12
1435.0,12
1437.0,8
1439.0,15
1441.0,13
1443.0,13
1445.0,13
1447.0,13
1449.0,10
1451.0,17
1453.0,11
1455.0,19
1457.0,19
1459.0,13
1461.0,14
1463.0,9
1465.0,20
1467.0,10
1469.0,9
1471.0,19
1473.0,16
1475.0,23
1477.0,18
1479.0,13
1481.0,11
1483.0,14
1485.0,17
1487.0,14
1489.0,14
1491.0,19
1493.0,20
1495.0,15
1497.0,22
1499.0,8
1501.0,26
1503.0,18
1505.0,25
1507.0,23
1509.0,14
1511.0,17
1513.0,12
1515.0,14
1517.0,16
1519.0,13
1521.0,21
1523.0,18
1525.0,14
1527.0,22
1529.0,20
1531.0,20
1533.0,13
1535.0,27
1537.0,21
1539.0,19
1541.0,22
1543.0,22
1545.0,17
1547.0,17
1549.0,13
1551.0,11
1553.0,19
1555.0,16
1557.0,25
1559.0,21
1561.0,24
1563.0,14
1565.0,23
1567.0,17
1569.0,20
1571.0,24
1573.0,26
1575.0,30
1577.0,32
1579.0,28
1581.0,32
1583.0,33
1585.0,46
1587.0,37
1589.0,37
1591.0,50
1593.0,38
1595.0,59
1597.0,62
1599.0,59
1601.0,75
1603.0,49
1605.0,53
1607.0,68
1609.0,39
1611.0,49
1613.0,48
1615.0,44
1617.0,47
1619.0,52
1621.0,49
1623.0,49
1625.0,63
1627.0,50
1629.0,37
1631.0,48
1633.0,46
1635.0,40
1637.0,27
1639.0,27
1641.0,38
1643.0,29
1645.0,24
1647.0,31
1649.0,26
1651.0,18
1653.0,14
1655.0,16
1657.0,20
1659.0,27
1661.0,21
1663.0,22
1665.0,14
1667.0,12
1669.0,18
1671.0,12
1673.0,13
1675.0,18
1677.0,18
1679.0,18
1681.0,17
1683.0,14
1685.0,17
1687.0,14
1689.0,19
1691.0,20
1693.0,20
1695.0,33
1697.0,18
1699.0,27
1701.0,23
1703.0,30
1705.0,30
1707.0,22
1709.0,27
1711.0,13
1713.0,20
1715.0,21
1717.0,18
1719.0,16
1721.0,20
1723.0,22
1725.0,15
1727.0,16
1729.0,21
1731.0,20
1733.0,21
1735.0,19
1737.0,17
1739.0,24
1741.0,29
1743.0,28
1745.0,24
1747.0,26
1749.0,16
1751.0,30
1753.0,29
1755.0,33
1757.0,26
1759.0,27
1761.0,24
1763.0,29
1765.0,30
1767.0,25
1769.0,31
1771.0,15
1773.0,17
1775.0,31
1777.0,20
1779.0,24
1781.0,25
1783.0,32
1785.0,48
1787.0,31
1789.0,38
1791.0,29
1793.0,35
1795.0,37
1797.0,36
1799.0,49
1801.0,54
1803.0,47
1805.0,40
1807.0,51
1809.0,54
1811.0,44
1813.0,46
1815.0,62
1817.0,63
1819.0,57
1821.0,63
1823.0,50
1825.0,60
1827.0,40
1829.0,60
1831.0,57
1833.0,31
1835.0,57
1837.0,45
1839.0,43
1841.0,57
1843.0,51
1845.0,43
1847.0,37
1849.0,29
1851.0,31
1853.0,25
1855.0,28
1857.0,26
1859.0,28
1861.0,34
1863.0,40
1865.0,43
1867.0,41
1869.0,46
1871.0,47
1873.0,53
1875.0,56
1877.0,56
1879.0,52
1881.0,54
1883.0,69
1885.0,69
1887.0,42
1889.0,55
1891.0,46
1893.0,62
1895.0,59
1897.0,56
1899.0,41
1901.0,42
1903.0,34
1905.0,41
1907.0,27
1909.0,34
1911.0,15
1913.0,20
1915.0,9
1917.0,13
1919.0,19
1921.0,22
1923.0,9
1925.0,13
1927.0,14
1929.0,10
1931.0,10
1933.0,12
1935.0,15
1937.0,9
1939.0,11
1941.0,14
1943.0,9
1945.0,10
1947.0,11
1949.0,9
1951.0,7
1953.0,6
1955.0,16
1957.0,14
1959.0,14
1961.0,16
1963.0,13
1965.0,15
1967.0,12
1969.0,10
1971.0,14
1973.0,10
1975.0,7
1977.0,7
1979.0,8
1981.0,11
1983.0,18
1985.0,20
1987.0,13
1989.0,13
1991.0,19
1993.0,14
1995.0,16
1997.0,18
1999.0,17
2001.0,23
2003.0,35
2005.0,41
2007.0,20
2009.0,35
2011.0,25
2013.0,30
2015.0,24
2017.0,28
2019.0,27
2021.0,21
2023.0,20
2025.0,19
2027.0,22
2029.0,25
2031.0,22
2033.0,23
2035.0,23
2037.0,27
2039.0,25
2041.0,33
2043.0,30
2045.0,32
2047.0,34
2049.0,34
2051.0,32
2053.0,38
2055.0,22
2057.0,19
2059.0,25
2061.0,34
2063.0,35
2065.0,25
2067.0,28
2069.0,34
2071.0,23
2073.0,40
2075.0,35
2077.0,24
2079.0,24
2081.0,33
2083.0,40
2085.0,33
2087.0,44
2089.0,37
2091.0,46
2093.0,42
2095.0,39
2097.0,47
2099.0,43
2101.0,43
2103.0,66
2105.0,57
2107.0,53
2109.0,48
2111.0,54
2113.0,37
2115.0,34
2117.0,42
2119.0,47
2121.0,40
2123.0,41
2125.0,48
2127.0,33
2129.0,49
2131.0,52
2133.0,47
2135.0,52
2137.0,58
2139.0,54
2141.0,44
2143.0,43
2145.0,38
2147.0,43
2149.0,41
2151.0,46
2153.0,47
2155.0,40
2157.0,46
2159.0,49
2161.0,37
2163.0,34
2165.0,41
2167.0,28
2169.0,29
2171.0,29
2173.0,21
2175.0,28
2177.0,26
2179.0,34
2181.0,24
2183.0,33
2185.0,32
2187.0,42
2189.0,51
2191.0,48
2193.0,49
2195.0,56
2197.0,61
2199.0,54
2201.0,68
2203.0,69
2205.0,61
2207.0,64
2209.0,56
2211.0,57
2213.0,40
2215.0,47
2217.0,45
2219.0,34
2221.0,39
2223.0,37
2225.0,39
2227.0,28
2229.0,37
2231.0,34
2233.0,45
2235.0,32
2237.0,27
2239.0,35
2241.0,36
2243.0,40
2245.0,26
2247.0,49
2249.0,38
2251.0,45
2253.0,45
2255.0,31
2257.0,31
2259.0,24
2261.0,25
2263.0,44
2265.0,27
2267.0,32
2269.0,32
2271.0,38
2273.0,38
2275.0,28
2277.0,28
2279.0,43
2281.0,33
2283.0,38
2285.0,41
2287.0,42
2289.0,33
2291.0,38
2293.0,40
2295.0,46
2297.0,52
2299.0,65
2301.0,59
2303.0,68
2305.0,51
2307.0,44
2309.0,47
2311.0,30
2313.0,33
2315.0,22
2317.0,32
2319.0,28
2321.0,26
2323.0,26
2325.0,27
2327.0,28
2329.0,32
2331.0,26
2333.0,25
2335.0,36
2337.0,32
2339.0,29
2341.0,54
2343.0,50
2345.0,54
2347.0,41
2349.0,48
2351.0,39
2353.0,26
2355.0,45
2357.0,31
2359.0,46
2361.0,33
2363.0,29
2365.0,31
2367.0,29
2369.0,19
2371.0,30
2373.0,19
2375.0,17
2377.0,15
2379.0,19
2381.0,25
2383.0,22
2385.0,35
2387.0,30
2389.0,37
2391.0,40
2393.0,17
2395.0,33
2397.0,30
2399.0,35
2401.0,23
2403.0,29
2405.0,31
2407.0,30
2409.0,34
2411.0,36
2413.0,36
2415.0,41
2417.0,39
2419.0,43
2421.0,38
2423.0,22
2425.0,35
2427.0,35
2429.0,29
2431.0,40
2433.0,29
2435.0,21
2437.0,27
2439.0,26
2441.0,19
2443.0,19
2445.0,18
2447.0,14
2449.0,17
2451.0,17
2453.0,25
2455.0,32
2457.0,41
2459.0,41
2461.0,32
2463.0,41
2465.0,29
2467.0,31
2469.0,30
2471.0,20
2473.0,21
2475.0,18
2477.0,23
2479.0,24
2481.0,20
2483.0,24
2485.0,19
2487.0,17
2489.0,26
2491.0,27
2493.0,24
2495.0,18
2497.0,18
2499.0,15
2501.0,15
2503.0,13
2505.0,19
2507.0,11
2509.0,10
2511.0,20
2513.0,24
2515.0,24
2517.0,18
2519.0,21
2521.0,22
2523.0,30
2525.0,32
2527.0,39
2529.0,28
2531.0,30
2533.0,26
2535.0,28
2537.0,31
2539.0,21
2541.0,27
2543.0,28
2545.0,24
2547.0,33
2549.0,31
2551.0,39
2553.0,22
2555.0,29
2557.0,34
2559.0,31
2561.0,18
2563.0,35
2565.0,31
2567.0,27
2569.0,27
2571.0,32
2573.0,31
2575.0,19
2577.0,25
2579.0,36
2581.0,29
2583.0,38
2585.0,40
2587.0,38
2589.0,38
2591.0,39
2593.0,42
2595.0,34
2597.0,30
2599.0,26
2601.0,30
2603.0,29
2605.0,36
2607.0,28
2609.0,27
2611.0,21
2613.0,29
2615.0,18
2617.0,41
2619.0,37
2621.0,34
2623.0,30
2625.0,27
2627.0,24
2629.0,26
2631.0,30
2633.0,33
2635.0,20
2637.0,17
2639.0,16
2641.0,24
2643.0,18
2645.0,24
2647.0,24
2649.0,25
2651.0,21
2653.0,26
2655.0,31
2657.0,17
2659.0,23
2661.0,16
2663.0,19
2665.0,29
2667.0,23
2669.0,27
2671.0,35
2673.0,37
2675.0,37
2677.0,32
2679.0,24
2681.0,15
2683.0,16
2685.0,11
2687.0,13
2689.0,11
2691.0,10
2693.0,16
2695.0,7
2697.0,17
2699.0,11
2701.0,17
2703.0,19
2705.0,26
2707.0,23
2709.0,28
2711.0,26
2713.0,15
2715.0,20
2717.0,17
2719.0,16
2721.0,22
2723.0,31
2725.0,21
2727.0,19
2729.0,27
2731.0,18
2733.0,26
2735.0,25
2737.0,12
2739.0,24
2741.0,24
2743.0,16
2745.0,19
2747.0,26
2749.0,21
2751.0,19
2753.0,19
2755.0,21
2757.0,23
2759.0,25
2761.0,31
2763.0,20
2765.0,26
2767.0,25
2769.0,35
2771.0,20
2773.0,37
2775.0,21
2777.0,26
2779.0,21
2781.0,30
2783.0,34
2785.0,33
2787.0,40
2789.0,18
2791.0,25
2793.0,23
2795.0,33
2797.0,22
2799.0,25
2801.0,22
2803.0,28
2805.0,21
2807.0,21
2809.0,20
2811.0,20
2813.0,20
2815.0,23
2817.0,31
2819.0,31
2821.0,36
2823.0,24
2825.0,24
2827.0,35
2829.0,29
2831.0,37
2833.0,42
2835.0,40
2837.0,49
2839.0,38
2841.0,44
2843.0,32
2845.0,28
2847.0,32
2849.0,40
2851.0,44
2853.0,46
2855.0,40
2857.0,29
2859.0,31
2861.0,18
2863.0,23
2865.0,23
2867.0,25
2869.0,39
2871.0,22
2873.0,15
2875.0,29
2877.0,27
2879.0,40
2881.0,29
2883.0,33
2885.0,36
2887.0,41
2889.0,44
2891.0,42
2893.0,27
2895.0,28
2897.0,38
2899.0,40
2901.0,49
2903.0,52
2905.0,58
2907.0,28
2909.0,35
2911.0,30
2913.0,25
2915.0,29
2917.0,22
2919.0,23
2921.0,31
2923.0,40
2925.0,48
2927.0,43
2929.0,38
2931.0,41
2933.0,25
2935.0,36
2937.0,48
2939.0,40
2941.0,78
2943.0,61
2945.0,50
2947.0,63
2949.0,48
2951.0,41
2953.0,59
2955.0,61
2957.0,74
2959.0,86
2961.0,72
2963.0,53
2965.0,30
2967.0,50
2969.0,33
2971.0,31
2973.0,23
2975.0,27
2977.0,31
2979.0,30
2981.0,34
2983.0,28
2985.0,30
2987.0,30
2989.0,28
2991.0,34
2993.0,28
2995.0,38
2997.0,37
2999.0,43
3001.0,31
3003.0,40
3005.0,39
3007.0,44
3009.0,58
3011.0,53
3013.0,49
3015.0,61
3017.0,41
3019.0,25
3021.0,32
3023.0,21
3025.0,20
3027.0,18
3029.0,28
3031.0,28
3033.0,29
3035.0,29
3037.0,26
3039.0,25
3041.0,45
3043.0,41
3045.0,32
3047.0,39
3049.0,39
3051.0,37
3053.0,29
3055.0,28
3057.0,32
3059.0,49
3061.0,27
3063.0,41
3065.0,46
3067.0,66
3069.0,60
3071.0,34
3073.0,29
3075.0,28
3077.0,28
3079.0,30
3081.0,26
3083.0,24
3085.0,25
3087.0,18
3089.0,24
3091.0,29
3093.0,20
3095.0,32
3097.0,38
3099.0,47
3101.0,42
3103.0,53
3105.0,51
3107.0,41
3109.0,43
3111.0,36
3113.0,28
3115.0,34
3117.0,40
3119.0,54
3121.0,57
3123.0,50
3125.0,35
3127.0,28
3129.0,20
3131.0,28
3133.0,24
3135.0,24
3137.0,26
3139.0,34
3141.0,24
3143.0,40
3145.0,32
3147.0,52
3149.0,44
3151.0,40
3153.0,37
3155.0,47
3157.0,40
3159.0,28
3161.0,40
3163.0,36
3165.0,29
3167.0,37
3169.0,27
3171.0,38
3173.0,56
3175.0,52
3177.0,65
3179.0,29
3181.0,44
3183.0,24
3185.0,17
3187.0,17
3189.0,25
3191.0,21
3193.0,32
3195.0,29
3197.0,32
3199.0,32
3201.0,27
3203.0,31
3205.0,29
3207.0,31
3209.0,31
3211.0,38
3213.0,35
3215.0,43
3217.0,35
3219.0,45
3221.0,36
3223.0,46
3225.0,57
3227.0,80
3229.0,47
3231.0,35
3233.0,30
3235.0,28
3237.0,28
3239.0,27
3241.0,20
3243.0,17
3245.0,32
3247.0,34
3249.0,29
3251.0,14
3253.0,19
3255.0,26
3257.0,28
3259.0,22
3261.0,31
3263.0,29
3265.0,34
3267.0,31
3269.0,43
3271.0,34
3273.0,37
3275.0,43
3277.0,53
3279.0,64
3281.0,51
3283.0,55
3285.0,27
3287.0,28
3289.0,40
3291.0,25
3293.0,29
3295.0,28
3297.0,24
3299.0,23
3301.0,20
3303.0,26
3305.0,30
3307.0,33
3309.0,19
3311.0,33
3313.0,19
3315.0,25
3317.0,22
3319.0,22
3321.0,20
3323.0,24
3325.0,33
3327.0,42
3329.0,50
3331.0,49
3333.0,60
3335.0,60
3337.0,43
3339.0,63
3341.0,44
3343.0,31
3345.0,30
3347.0,25
3349.0,24
3351.0,20
3353.0,25
3355.0,16
3357.0,21
3359.0,29
3361.0,19
3363.0,21
3365.0,20
3367.0,38
3369.0,40
3371.0,42
3373.0,34
3375.0,19
3377.0,26
3379.0,35
3381.0,38
3383.0,52
3385.0,46
3387.0,41
3389.0,54
3391.0,54
3393.0,61
3395.0,28
3397.0,35
3399.0,19
3401.0,36
3403.0,32
3405.0,45
3407.0,31
3409.0,29
3411.0,40
3413.0,38
3415.0,56
3417.0,52
3419.0,47
3421.0,43
3423.0,28
3425.0,23
3427.0,21
3429.0,22
3431.0,30
3433.0,40
3435.0,49
3437.0,56
3439.0,38
3441.0,35
3443.0,27
3445.0,20
3447.0,21
3449.0,29
3451.0,21
3453.0,27
3455.0,44
3457.0,37
3459.0,28
3461.0,28
3463.0,29
3465.0,41
3467.0,46
3469.0,26
3471.0,47
3473.0,49
3475.0,35
3477.0,28
3479.0,18
3481.0,24
3483.0,18
3485.0,24
3487.0,18
3489.0,27
3491.0,20
3493.0,32
3495.0,27
3497.0,19
3499.0,23
3501.0,16
3503.0,26
3505.0,24
3507.0,28
3509.0,20
3511.0,30
3513.0,23
3515.0,20
3517.0,12
3519.0,27
3521.0,26
3523.0,21
3525.0,31
3527.0,33
3529.0,22
3531.0,18
3533.0,13
3535.0,21
3537.0,25
3539.0,25
3541.0,15
3543.0,15
3545.0,13
3547.0,15
3549.0,16
3551.0,28
3553.0,25
3555.0,19
3557.0,23
3559.0,15
3561.0,25
3563.0,21
3565.0,33
3567.0,35
3569.0,38
3571.0,35
3573.0,30
3575.0,28
3577.0,40
3579.0,25
3581.0,27
3583.0,33
3585.0,28
3587.0,32
3589.0,25
3591.0,19
3593.0,16
3595.0,19
3597.0,21
3599.0,14
3601.0,14
3603.0,15
3605.0,15
3607.0,16
3609.0,25
3611.0,33
3613.0,43
3615.0,56
3617.0,71
3619.0,54
3621.0,64
3623.0,42
3625.0,51
3627.0,31
3629.0,14
3631.0,18
3633.0,11
3635.0,4
3637.0,15
3639.0,17
3641.0,24
3643.0,10
3645.0,11
3647.0,6
3649.0,11
3651.0,16
3653.0,23
3655.0,12
3657.0,25
3659.0,25
3661.0,28
3663.0,36
3665.0,52
3667.0,51
3669.0,50
3671.0,35
3673.0,28
3675.0,21
3677.0,19
3679.0,21
3681.0,17
3683.0,32
3685.0,35
3687.0,14
3689.0,20
3691.0,18
3693.0,14
3695.0,27
3697.0,13
3699.0,20
3701.0,19
3703.0,20
3705.0,18
3707.0,29
3709.0,49
3711.0,32
3713.0,32
3715.0,13
3717.0,17
3719.0,11
3721.0,12
3723.0,16
3725.0,12
3727.0,13
3729.0,18
3731.0,27
3733.0,30
3735.0,13
3737.0,11
3739.0,21
3741.0,24
3743.0,29
3745.0,21
3747.0,31
3749.0,16
3751.0,13
3753.0,12
3755.0,24
3757.0,35
3759.0,40
3761.0,27
3763.0,16
3765.0,15
3767.0,19
3769.0,16
3771.0,14
3773.0,11
3775.0,14
3777.0,9
3779.0,15
3781.0,14
3783.0,22
3785.0,25
3787.0,25
3789.0,16
3791.0,18
3793.0,16
3795.0,17
3797.0,24
3799.0,34
3801.0,36
3803.0,51
3805.0,22
3807.0,17
3809.0,21
3811.0,13
3813.0,14
3815.0,17
3817.0,11
3819.0,11
3821.0,13
3823.0,7
3825.0,14
3827.0,18
3829.0,13
3831.0,16
3833.0,18
3835.0,22
3837.0,14
3839.0,14
3841.0,17
3843.0,10
3845.0,25
3847.0,16
3849.0,9
3851.0,9
3853.0,18
3855.0,10
3857.0,19
3859.0,13
3861.0,12
3863.0,9
3865.0,10
3867.0,11
3869.0,8
3871.0,13
3873.0,7
3875.0,11
3877.0,15
3879.0,12
3881.0,10
3883.0,4
3885.0,13
3887.0,8
3889.0,16
3891.0,14
3893.0,6
3895.0,28
3897.0,31
3899.0,39
3901.0,28
3903.0,12
3905.0,9
3907.0,16
3909.0,8
3911.0,16
3913.0,13
3915.0,14
3917.0,8
3919.0,7
3921.0,2
3923.0,7
3925.0,11
3927.0,8
3929.0,11
3931.0,12
3933.0,17
3935.0,8
3937.0,6
3939.0,6
3941.0,8
3943.0,13
3945.0,7
3947.0,9
3949.0,13
3951.0,7
3953.0,15
3955.0,14
3957.0,9
3959.0,25
3961.0,30
3963.0,29
3965.0,24
3967.0,9
3969.0,6
3971.0,6
3973.0,9
3975.0,7
3977.0,9
3979.0,11
3981.0,8
3983.0,7
3985.0,6
3987.0,5
3989.0,6
3991.0,7
3993.0,4
3995.0,8
3997.0,2
3999.0,6
4001.0,7
4003.0,3
4005.0,7
4007.0,8
4009.0,9
4011.0,11
4013.0,7
4015.0,6
4017.0,9
4019.0,10
4021.0,12
4023.0,13
4025.0,14
4027.0,10
4029.0,5
4031.0,10
4033.0,7
4035.0,13
4037.0,5
4039.0,15
4041.0,11
4043.0,9
4045.0,16
4047.0,18
4049.0,9
4051.0,8
4053.0,5
4055.0,6
4057.0,4
4059.0,6
4061.0,6
4063.0,9
4065.0,10
4067.0,4
4069.0,6
4071.0,8
4073.0,2
4075.0,5
4077.0,5
4079.0,10
4081.0,16
4083.0,19
4085.0,9
4087.0,5
4089.0,9
4091.0,7
4093.0,1
4095.0,4
4097.0,6
4099.0,14
4101.0,6
4103.0,5
4105.0,7
4107.0,8
4109.0,8
4111.0,3
4113.0,4
4115.0,13
4117.0,9
4119.0,7
4121.0,17
4123.0,13
4125.0,7
4127.0,10
4129.0,2
4131.0,6
4133.0,5
4135.0,3
4137.0,11
4139.0,9
4141.0,2
4143.0,5
4145.0,6
4147.0,3
4149.0,6
4151.0,13
4153.0,4
4155.0,11
4157.0,6
4159.0,8
4161.0,8
4163.0,6
4165.0,6
4167.0,6
4169.0,6
4171.0,4
4173.0,3
4175.0,5
4177.0,5
4179.0,5
4181.0,6
4183.0,4
4185.0,6
4187.0,4
4189.0,8
4191.0,5
4193.0,6
4195.0,6
4197.0,6
4199.0,17
4201.0,8
4203.0,9
4205.0,5
4207.0,4
4209.0,5
4211.0,9
4213.0,11
4215.0,6
4217.0,12
4219.0,8
4221.0,11
4223.0,10
4225.0,3
4227.0,6
4229.0,8
4231.0,7
4233.0,6
4235.0,7
4237.0,8
4239.0,4
4241.0,4
4243.0,5
4245.0,3
4247.0,5
4249.0,5
4251.0,6
4253.0,11
4255.0,18
4257.0,9
4259.0,6
4261.0,6
4263.0,3
4265.0,3
4267.0,9
4269.0,10
4271.0,13
4273.0,7
4275.0,10
4277.0,11
4279.0,11
4281.0,6
4283.0,8
4285.0,7
4287.0,3
4289.0,2
4291.0,9
4293.0,10
4295.0,10
4297.0,13
4299.0,8
4301.0,9
4303.0,9
4305.0,10
4307.0,8
4309.0,6
4311.0,13
4313.0,5
4315.0,14
4317.0,13
4319.0,9
4321.0,15
4323.0,6
4325.0,8
4327.0,6
4329.0,7
4331.0,6
4333.0,6
4335.0,2
4337.0,6
4339.0,7
4341.0,20
4343.0,18
4345.0,20
4347.0,14
4349.0,7
4351.0,10
4353.0,8
4355.0,7
4357.0,7
4359.0,6
4361.0,13
4363.0,6
4365.0,11
4367.0,4
4369.0,7
4371.0,4
4373.0,7
4375.0,12
4377.0,1
4379.0,6
4381.0,3
4383.0,5
4385.0,10
4387.0,4
4389.0,13
4391.0,19
4393.0,21
4395.0,5
4397.0,4
4399.0,9
4401.0,8
4403.0,9
4405.0,4
4407.0,12
4409.0,30
4411.0,35
4413.0,22
4415.0,15
4417.0,10
4419.0,7
4421.0,8
4423.0,10
4425.0,7
4427.0,7
4429.0,7
4431.0,5
4433.0,3
4435.0,5
4437.0,7
4439.0,5
4441.0,5
4443.0,8
4445.0,5
4447.0,2
4449.0,5
4451.0,3
4453.0,8
4455.0,13
4457.0,3
4459.0,7
4461.0,17
4463.0,7
4465.0,20
4467.0,22
4469.0,24
4471.0,19
4473.0,10
4475.0,6
4477.0,9
4479.0,2
4481.0,9
4483.0,10
4485.0,8
4487.0,9
4489.0,6
4491.0,6
4493.0,9
4495.0,8
4497.0,7
4499.0,14
4501.0,13
4503.0,15
4505.0,17
4507.0,19
4509.0,9
4511.0,10
4513.0,10
4515.0,11
4517.0,18
4519.0,7
4521.0,8
4523.0,6
4525.0,4
4527.0,9
4529.0,3
4531.0,7
4533.0,5
4535.0,3
4537.0,5
4539.0,3
4541.0,9
4543.0,16
4545.0,11
4547.0,14
4549.0,11
4551.0,9
4553.0,5
4555.0,4
4557.0,5
4559.0,4
4561.0,16
4563.0,11
4565.0,12
4567.0,11
4569.0,11
4571.0,5
4573.0,1
4575.0,5
4577.0,8
4579.0,5
4581.0,4
4583.0,2
4585.0,6
4587.0,12
4589.0,12
4591.0,8
4593.0,7
4595.0,6
4597.0,7
4599.0,9
4601.0,3
4603.0,7
4605.0,23
4607.0,16
4609.0,25
4611.0,13
4613.0,17
4615.0,1
4617.0,5
4619.0,4
4621.0,7
4623.0,6
4625.0,4
4627.0,1
4629.0,4
4631.0,6
4633.0,7
4635.0,10
4637.0,1
4639.0,4
4641.0,0
4643.0,4
4645.0,6
4647.0,8
4649.0,10
4651.0,6
4653.0,11
4655.0,17
4657.0,17
4659.0,16
4661.0,8
4663.0,5
4665.0,3
4667.0,3
4669.0,5
4671.0,8
4673.0,2
4675.0,2
4677.0,4
4679.0,5
4681.0,5
4683.0,5
4685.0,4
4687.0,1
4689.0,5
4691.0,9
4693.0,5
4695.0,2
4697.0,1
4699.0,3
4701.0,5
4703.0,3
4705.0,3
4707.0,3
4709.0,3
4711.0,5
4713.0,6
4715.0,4
4717.0,3
4719.0,9
4721.0,6
4723.0,4
4725.0,2
4727.0,4
4729.0,1
4731.0,4
4733.0,5
4735.0,2
4737.0,9
4739.0,8
4741.0,8
4743.0,6
4745.0,7
4747.0,5
4749.0,1
4751.0,5
4753.0,3
4755.0,3
4757.0,9
4759.0,5
4761.0,7
4763.0,3
4765.0,7
4767.0,2
4769.0,3
4771.0,2
4773.0,3
4775.0,3
4777.0,4
4779.0,4
4781.0,2
4783.0,4
4785.0,4
4787.0,5
4789.0,3
4791.0,0
4793.0,4
4795.0,3
4797.0,3
4799.0,2
4801.0,2
4803.0,2
4805.0,1
4807.0,4
4809.0,4
4811.0,2
4813.0,6
4815.0,9
4817.0,5
4819.0,5
4821.0,4
4823.0,4
4825.0,7
4827.0,6
4829.0,7
4831.0,2
4833.0,3
4835.0,6
4837.0,7
4839.0,1
4841.0,4
4843.0,3
4845.0,1
4847.0,2
4849.0,4
4851.0,0
4853.0,7
4855.0,2
4857.0,8
4859.0,4
4861.0,2
4863.0,1
4865.0,3
4867.0,2
4869.0,4
4871.0,3
4873.0,2
4875.0,11
4877.0,2
4879.0,0
4881.0,3
4883.0,3
4885.0,2
4887.0,1
4889.0,3
4891.0,7
4893.0,2
4895.0,4
4897.0,6
4899.0,3
4901.0,4
4903.0,3
4905.0,5
4907.0,5
4909.0,2
4911.0,2
4913.0,8
4915.0,6
4917.0,9
4919.0,16
4921.0,4
4923.0,7
4925.0,2
4927.0,4
4929.0,4
4931.0,3
4933.0,7
4935.0,6
4937.0,10
4939.0,6
4941.0,8
4943.0,6
4945.0,7
4947.0,7
4949.0,1
4951.0,3
4953.0,6
4955.0,1
4957.0,5
4959.0,1
4961.0,5
4963.0,4
4965.0,6
4967.0,2
4969.0,4
4971.0,11
4973.0,2
4975.0,3
4977.0,3
4979.0,2
4981.0,2
4983.0,1
4985.0,1
4987.0,4
4989.0,2
4991.0,4
4993.0,6
4995.0,4
4997.0,1
4999.0,2
5001.0,3
5003.0,5
5005.0,2
5007.0,5
5009.0,3
5011.0,3
5013.0,5
5015.0,1
5017.0,3
5019.0,8
5021.0,8
5023.0,5
5025.0,5
5027.0,5
5029.0,5
5031.0,4
5033.0,7
5035.0,8
5037.0,5
5039.0,7
5041.0,3
5043.0,6
5045.0,5
5047.0,9
5049.0,3
5051.0,4
5053.0,4
5055.0,6
5057.0,3
5059.0,3
5061.0,3
5063.0,4
5065.0,5
5067.0,4
5069.0,8
5071.0,5
5073.0,1
5075.0,2
5077.0,4
5079.0,2
5081.0,0
5083.0,3
5085.0,5
5087.0,1
5089.0,6
5091.0,7
5093.0,3
5095.0,6
5097.0,4
5099.0,4
5101.0,2
5103.0,7
5105.0,8
5107.0,8
5109.0,3
5111.0,5
5113.0,5
5115.0,2
5117.0,3
5119.0,8
5121.0,4
5123.0,4
5125.0,4
5127.0,2
5129.0,5
5131.0,5
5133.0,5
5135.0,6
5137.0,2
5139.0,5
5141.0,4
5143.0,5
5145.0,9
5147.0,8
5149.0,4
5151.0,6
5153.0,14
5155.0,3
5157.0,4
5159.0,6
5161.0,4
5163.0,3
5165.0,4
5167.0,4
5169.0,1
5171.0,10
5173.0,5
5175.0,4
5177.0,5
5179.0,11
5181.0,10
5183.0,9
5185.0,4
5187.0,3
5189.0,8
5191.0,5
5193.0,2
5195.0,5
5197.0,2
5199.0,9
5201.0,3
5203.0,4
5205.0,3
5207.0,5
5209.0,4
5211.0,5
5213.0,4
5215.0,4
5217.0,3
5219.0,5
5221.0,4
5223.0,2
5225.0,5
5227.0,1
5229.0,3
5231.0,4
5233.0,9
5235.0,8
5237.0,8
5239.0,1
5241.0,10
5243.0,5
5245.0,9
5247.0,7
5249.0,9
5251.0,6
5253.0,2
5255.0,3
5257.0,11
5259.0,4
5261.0,10
5263.0,4
5265.0,4
5267.0,5
5269.0,4
5271.0,2
5273.0,2
5275.0,4
5277.0,4
5279.0,4
5281.0,3
5283.0,4
5285.0,1
5287.0,2
5289.0,5
5291.0,3
5293.0,10
5295.0,7
5297.0,7
5299.0,8
5301.0,7
5303.0,4
5305.0,5
5307.0,11
5309.0,10
5311.0,6
5313.0,1
5315.0,3
5317.0,6
5319.0,3
5321.0,4
5323.0,5
5325.0,3
5327.0,1
5329.0,2
5331.0,3
5333.0,5
5335.0,6
5337.0,7
5339.0,9
5341.0,5
5343.0,7
5345.0,7
5347.0,2
5349.0,2
5351.0,3
5353.0,3
5355.0,2
5357.0,6
5359.0,3
5361.0,4
5363.0,5
5365.0,2
5367.0,7
5369.0,1
5371.0,0
5373.0,3
5375.0,0
5377.0,3
5379.0,2
5381.0,1
5383.0,3
5385.0,3
5387.0,4
5389.0,7
5391.0,3
5393.0,0
5395.0,6
5397.0,5
5399.0,4
5401.0,4
5403.0,3
5405.0,3
5407.0,2
5409.0,8
5411.0,3
5413.0,3
5415.0,5
5417.0,8
5419.0,2
5421.0,2
5423.0,7
5425.0,6
5427.0,3
5429.0,3
5431.0,2
5433.0,4
5435.0,4
5437.0,4
5439.0,8
5441.0,4
5443.0,0
5445.0,2
5447.0,3
5449.0,1
5451.0,3
5453.0,3
5455.0,1
5457.0,1
5459.0,3
5461.0,5
5463.0,5
5465.0,1
5467.0,3
5469.0,4
5471.0,4
5473.0,2
5475.0,3
5477.0,5
5479.0,2
5481.0,4
5483.0,3
5485.0,0
5487.0,1
5489.0,6
5491.0,5
5493.0,1
5495.0,4
5497.0,2
5499.0,8
5501.0,4
5503.0,1
5505.0,3
5507.0,1
5509.0,2
5511.0,2
5513.0,5
5515.0,2
5517.0,2
5519.0,1
5521.0,6
5523.0,3
5525.0,4
5527.0,2
5529.0,3
5531.0,4
5533.0,3
5535.0,4
5537.0,9
5539.0,5
5541.0,7
5543.0,4
5545.0,5
5547.0,5
5549.0,1
5551.0,2
5553.0,4
5555.0,0
5557.0,3
5559.0,4
5561.0,5
5563.0,5
5565.0,1
5567.0,4
5569.0,2
5571.0,4
5573.0,1
5575.0,0
5577.0,0
5579.0,3
5581.0,4
5583.0,3
5585.0,2
5587.0,2
5589.0,6
5591.0,2
5593.0,5
5595.0,2
5597.0,3
5599.0,0
5601.0,3
5603.0,2
5605.0,1
5607.0,3
5609.0,4
5611.0,2
5613.0,0
5615.0,3
5617.0,3
5619.0,3
5621.0,2
5623.0,4
5625.0,5
5627.0,2
5629.0,9
5631.0,4
5633.0,8
5635.0,4
5637.0,2
5639.0,0
5641.0,0
5643.0,0
5645.0,6
5647.0,1
5649.0,8
5651.0,1
5653.0,4
5655.0,2
5657.0,4
5659.0,0
5661.0,1
5663.0,3
5665.0,5
5667.0,1
5669.0,4
5671.0,5
5673.0,0
5675.0,3
5677.0,3
5679.0,1
5681.0,2
5683.0,6
5685.0,1
5687.0,4
5689.0,2
5691.0,1
5693.0,1
5695.0,4
5697.0,3
5699.0,2
5701.0,1
5703.0,1
5705.0,1
5707.0,2
5709.0,1
5711.0,1
5713.0,4
5715.0,1
5717.0,2
5719.0,1
5721.0,1
5723.0,1
5725.0,2
5727.0,3
5729.0,4
5731.0,3
5733.0,1
5735.0,1
5737.0,2
5739.0,3
5741.0,2
5743.0,0
5745.0,0
5747.0,4
5749.0,0
5751.0,1
5753.0,4
5755.0,5
5757.0,5
5759.0,3
5761.0,4
5763.0,4
5765.0,4
5767.0,1
5769.0,4
5771.0,8
5773.0,6
5775.0,1
5777.0,0
5779.0,2
5781.0,0
5783.0,2
5785.0,1
5787.0,2
5789.0,1
5791.0,0
5793.0,4
5795.0,1
5797.0,0
5799.0,1
5801.0,1
5803.0,1
5805.0,0
5807.0,2
5809.0,1
5811.0,0
5813.0,1
5815.0,1
5817.0,1
5819.0,1
5821.0,2
5823.0,0
5825.0,2
5827.0,0
5829.0,2
5831.0,1
5833.0,2
5835.0,3
5837.0,3
5839.0,0
5841.0,2
5843.0,2
5845.0,4
5847.0,5
5849.0,4
5851.0,6
5853.0,0
5855.0,1
5857.0,2
5859.0,2
5861.0,5
5863.0,3
5865.0,0
5867.0,4
5869.0,2
5871.0,3
5873.0,0
5875.0,3
5877.0,2
5879.0,7
5881.0,1
5883.0,3
5885.0,2
5887.0,0
5889.0,3
5891.0,0
5893.0,1
5895.0,1
5897.0,1
5899.0,3
5901.0,0
5903.0,1
5905.0,1
5907.0,2
5909.0,1
5911.0,2
5913.0,2
5915.0,4
5917.0,4
5919.0,3
5921.0,0
5923.0,1
5925.0,3
5927.0,4
5929.0,7
5931.0,3
5933.0,4
5935.0,3
5937.0,2
5939.0,0
5941.0,2
5943.0,1
5945.0,1
5947.0,4
5949.0,1
5951.0,0
5953.0,1
5955.0,2
5957.0,5
5959.0,3
5961.0,3
5963.0,1
5965.0,1
5967.0,4
5969.0,2
5971.0,6
5973.0,0
5975.0,1
5977.0,1
5979.0,3
5981.0,4
5983.0,2
5985.0,4
5987.0,5
5989.0,2
5991.0,1
5993.0,2
5995.0,5
5997.0,2
5999.0,0
6001.0,2
6003.0,2
6005.0,6
6007.0,7
6009.0,5
6011.0,5
6013.0,2
6015.0,0
6017.0,1
6019.0,2
6021.0,1
6023.0,3
6025.0,1
6027.0,2
6029.0,2
6031.0,2
6033.0,2
6035.0,3
6037.0,3
6039.0,2
6041.0,3
6043.0,1
6045.0,2
6047.0,0
6049.0,1
6051.0,1
6053.0,2
6055.0,1
6057.0,4
6059.0,1
6061.0,2
6063.0,0
6065.0,2
6067.0,1
6069.0,7
6071.0,2
6073.0,0
6075.0,2
6077.0,2
6079.0,2
6081.0,2
6083.0,1
6085.0,6
6087.0,3
6089.0,1
6091.0,1
6093.0,1
6095.0,2
6097.0,7
6099.0,4
6101.0,6
6103.0,4
6105.0,2
6107.0,2
6109.0,2
6111.0,4
6113.0,2
6115.0,2
6117.0,5
6119.0,2
6121.0,4
6123.0,0
6125.0,4
6127.0,0
6129.0,2
6131.0,3
6133.0,1
6135.0,0
6137.0,4
6139.0,2
6141.0,2
6143.0,1
6145.0,1
6147.0,3
6149.0,2
6151.0,1
6153.0,2
6155.0,3
6157.0,1
6159.0,1
6161.0,3
6163.0,3
6165.0,2
6167.0,1
6169.0,5
6171.0,2
6173.0,3
6175.0,1
6177.0,2
6179.0,1
6181.0,1
6183.0,4
6185.0,0
6187.0,0
6189.0,1
6191.0,0
6193.0,1
6195.0,1
6197.0,2
6199.0,3
6201.0,3
6203.0,3
6205.0,1
6207.0,2
6209.0,1
6211.0,0
6213.0,2
6215.0,1
6217.0,3
6219.0,1
6221.0,0
6223.0,3
6225.0,1
6227.0,1
6229.0,1
6231.0,3
6233.0,1
6235.0,1
6237.0,3
6239.0,1
6241.0,2
6243.0,6
6245.0,4
6247.0,7
6249.0,2
6251.0,2
6253.0,1
6255.0,1
6257.0,1
6259.0,0
6261.0,1
6263.0,2
6265.0,3
6267.0,2
6269.0,5
6271.0,3
6273.0,2
6275.0,0
6277.0,2
6279.0,2
6281.0,0
6283.0,0
6285.0,2
6287.0,3
6289.0,0
6291.0,1
6293.0,2
6295.0,0
6297.0,3
6299.0,2
6301.0,7
6303.0,5
6305.0,1
6307.0,4
6309.0,0
6311.0,3
6313.0,1
6315.0,2
6317.0,3
6319.0,4
6321.0,1
6323.0,0
6325.0,1
6327.0,1
6329.0,2
6331.0,1
6333.0,2
6335.0,1
6337.0,2
6339.0,1
6341.0,2
6343.0,2
6345.0,4
6347.0,3
6349.0,5
6351.0,0
6353.0,1
6355.0,2
6357.0,5
6359.0,0
6361.0,1
6363.0,2
6365.0,1
6367.0,1
6369.0,0
6371.0,1
6373.0,1
6375.0,1
6377.0,4
6379.0,2
6381.0,3
6383.0,1
6385.0,4
6387.0,2
6389.0,1
6391.0,1
6393.0,1
6395.0,1
6397.0,1
6399.0,4
6401.0,3
6403.0,2
6405.0,2
6407.0,3
6409.0,1
6411.0,1
6413.0,3
6415.0,1
6417.0,1
6419.0,1
6421.0,2
6423.0,2
6425.0,0
6427.0,1
6429.0,1
6431.0,1
6433.0,3
6435.0,2
6437.0,0
6439.0,0
6441.0,0
6443.0,1
6445.0,2
6447.0,1
6449.0,0
6451.0,1
6453.0,0
6455.0,1
6457.0,1
6459.0,2
6461.0,1
6463.0,1
6465.0,2
6467.0,1
6469.0,1
6471.0,1
6473.0,1
6475.0,0
6477.0,0
6479.0,0
6481.0,3
6483.0,1
6485.0,1
6487.0,1
6489.0,2
6491.0,1
6493.0,2
6495.0,1
6497.0,1
6499.0,0
6501.0,0
6503.0,0
6505.0,0
6507.0,1
6509.0,0
6511.0,1
6513.0,1
6515.0,0
6517.0,0
6519.0,1
6521.0,0
6523.0,2
6525.0,4
6527.0,1
6529.0,2
6531.0,0
6533.0,1
6535.0,0
6537.0,1
6539.0,2
6541.0,2
6543.0,3
6545.0,1
6547.0,2
6549.0,1
6551.0,1
6553.0,0
6555.0,0
6557.0,0
6559.0,2
6561.0,1
6563.0,0
6565.0,0
6567.0,2
6569.0,2
6571.0,0
6573.0,1
6575.0,0
6577.0,2
6579.0,5
6581.0,1
6583.0,1
6585.0,0
6587.0,2
6589.0,1
6591.0,1
6593.0,1
6595.0,0
6597.0,1
6599.0,1
6601.0,1
6603.0,1
6605.0,3
6607.0,1
6609.0,1
6611.0,2
6613.0,0
6615.0,1
6617.0,0
6619.0,0
6621.0,1
6623.0,3
6625.0,0
6627.0,2
6629.0,0
6631.0,1
6633.0,1
6635.0,0
6637.0,1
6639.0,0
6641.0,1
6643.0,1
6645.0,0
6647.0,1
6649.0,3
6651.0,0
6653.0,0
6655.0,3
6657.0,2
6659.0,3
6661.0,1
6663.0,0
6665.0,0
6667.0,1
6669.0,2
6671.0,2
6673.0,1
6675.0,1
6677.0,1
6679.0,0
6681.0,0
6683.0,1
6685.0,2
6687.0,1
6689.0,1
6691.0,2
6693.0,1
6695.0,2
6697.0,1
6699.0,1
6701.0,0
6703.0,0
6705.0,0
6707.0,0
6709.0,1
6711.0,0
6713.0,3
6715.0,1
6717.0,0
6719.0,0
6721.0,1
6723.0,1
6725.0,0
6727.0,2
6729.0,0
6731.0,0
6733.0,2
6735.0,0
6737.0,2
6739.0,3
6741.0,1
6743.0,3
6745.0,2
6747.0,0
6749.0,2
6751.0,2
6753.0,1
6755.0,2
6757.0,0
6759.0,1
6761.0,3
6763.0,0
6765.0,3
6767.0,2
6769.0,2
6771.0,2
6773.0,1
6775.0,0
6777.0,0
6779.0,0
6781.0,1
6783.0,0
6785.0,1
6787.0,0
6789.0,1
6791.0,1
6793.0,0
6795.0,2
6797.0,4
6799.0,1
6801.0,1
6803.0,1
6805.0,0
6807.0,0
6809.0,0
6811.0,0
6813.0,0
6815.0,0
6817.0,0
6819.0,1
6821.0,1
6823.0,0
6825.0,2
6827.0,1
6829.0,2
6831.0,0
6833.0,0
6835.0,1
6837.0,0
6839.0,0
6841.0,0
6843.0,1
6845.0,2
6847.0,4
6849.0,1
6851.0,3
6853.0,2
6855.0,0
6857.0,1
6859.0,1
6861.0,0
6863.0,3
6865.0,2
6867.0,7
6869.0,0
6871.0,1
6873.0,0
6875.0,2
6877.0,3
6879.0,2
6881.0,0
6883.0,1
6885.0,1
6887.0,2
6889.0,0
6891.0,2
6893.0,0
6895.0,3
6897.0,1
6899.0,2
6901.0,2
6903.0,1
6905.0,0
6907.0,0
6909.0,1
6911.0,1
6913.0,1
6915.0,1
6917.0,1
6919.0,0
6921.0,1
6923.0,0
6925.0,0
6927.0,1
6929.0,0
6931.0,2
6933.0,0
6935.0,2
6937.0,1
6939.0,1
6941.0,0
6943.0,1
6945.0,0
6947.0,1
6949.0,0
6951.0,0
6953.0,1
6955.0,2
6957.0,1
6959.0,2
6961.0,2
6963.0,1
6965.0,1
6967.0,2
6969.0,1
6971.0,0
6973.0,1
6975.0,0
6977.0,2
6979.0,1
6981.0,2
6983.0,1
6985.0,1
6987.0,0
6989.0,0
6991.0,0
6993.0,0
6995.0,2
6997.0,0
6999.0,0
7001.0,2
7003.0,1
7005.0,0
7007.0,0
7009.0,1
7011.0,1
7013.0,1
7015.0,0
7017.0,0
7019.0,0
7021.0,2
7023.0,1
7025.0,1
7027.0,1
7029.0,0
7031.0,0
7033.0,0
7035.0,0
7037.0,2
7039.0,0
7041.0,0
7043.0,2
7045.0,3
7047.0,0
7049.0,1
7051.0,0
7053.0,1
7055.0,0
7057.0,0
7059.0,1
7061.0,0
7063.0,1
7065.0,0
7067.0,0
7069.0,1
7071.0,1
7073.0,1
7075.0,3
7077.0,0
7079.0,1
7081.0,0
7083.0,0
7085.0,1
7087.0,3
7089.0,2
7091.0,3
7093.0,1
7095.0,1
7097.0,1
7099.0,1
7101.0,1
7103.0,0
7105.0,0
7107.0,0
7109.0,1
7111.0,0
7113.0,0
7115.0,0
7117.0,1
7119.0,0
7121.0,0
7123.0,0
7125.0,1
7127.0,2
7129.0,1
7131.0,1
7133.0,0
7135.0,0
7137.0,2
7139.0,0
7141.0,2
7143.0,0
7145.0,2
7147.0,1
7149.0,1
7151.0,0
7153.0,1
7155.0,0
7157.0,2
7159.0,0
7161.0,1
7163.0,0
7165.0,1
7167.0,2
7169.0,2
7171.0,0
7173.0,0
7175.0,0
7177.0,0
7179.0,0
7181.0,1
7183.0,0
7185.0,2
7187.0,1
7189.0,0
7191.0,0
7193.0,0
7195.0,4
7197.0,2
7199.0,1
7201.0,3
7203.0,3
7205.0,1
7207.0,1
7209.0,0
7211.0,1
7213.0,1
7215.0,0
7217.0,1
7219.0,1
7221.0,1
7223.0,5
7225.0,1
7227.0,0
7229.0,1
7231.0,1
7233.0,2
7235.0,0
7237.0,1
7239.0,1
7241.0,1
7243.0,0
7245.0,1
7247.0,2
7249.0,1
7251.0,1
7253.0,1
7255.0,1
7257.0,1
7259.0,2
7261.0,3
7263.0,3
7265.0,2
7267.0,1
7269.0,0
7271.0,2
7273.0,1
7275.0,1
7277.0,0
7279.0,1
7281.0,0
7283.0,0
7285.0,0
7287.0,0
7289.0,0
7291.0,2
7293.0,0
7295.0,0
7297.0,1
7299.0,0
7301.0,0
7303.0,0
7305.0,4
7307.0,0
7309.0,0
7311.0,1
7313.0,0
7315.0,0
7317.0,0
7319.0,0
7321.0,0
7323.0,2
7325.0,0
7327.0,1
7329.0,1
7331.0,2
7333.0,0
7335.0,3
7337.0,1
7339.0,1
7341.0,1
7343.0,1
7345.0,1
7347.0,2
7349.0,2
7351.0,1
7353.0,0
7355.0,1
7357.0,0
7359.0,2
7361.0,2
7363.0,1
7365.0,0
7367.0,0
7369.0,2
7371.0,1
7373.0,1
7375.0,0
7377.0,0
7379.0,3
7381.0,0
7383.0,1
7385.0,2
7387.0,0
7389.0,1
7391.0,1
7393.0,1
7395.0,1
7397.0,1
7399.0,1
7401.0,0
7403.0,1
7405.0,0
7407.0,1
7409.0,0
7411.0,0
7413.0,1
7415.0,1
7417.0,1
7419.0,0
7421.0,1
7423.0,0
7425.0,2
7427.0,0
7429.0,1
7431.0,0
7433.0,0
7435.0,1
7437.0,1
7439.0,0
7441.0,1
7443.0,1
7445.0,2
7447.0,0
7449.0,0
7451.0,2
7453.0,1
7455.0,1
7457.0,3
7459.0,0
7461.0,0
7463.0,4
7465.0,0
7467.0,1
7469.0,0
7471.0,1
7473.0,2
7475.0,1
7477.0,1
7479.0,1
7481.0,1
7483.0,0
7485.0,0
7487.0,0
7489.0,1
7491.0,3
7493.0,1
7495.0,0
7497.0,1
7499.0,2
7501.0,2
7503.0,1
7505.0,0
7507.0,2
7509.0,2
7511.0,2
7513.0,1
7515.0,1
7517.0,2
7519.0,0
7521.0,1
7523.0,0
7525.0,1
7527.0,2
7529.0,1
7531.0,1
7533.0,1
7535.0,2
7537.0,0
7539.0,0
7541.0,0
7543.0,0
7545.0,1
7547.0,1
7549.0,2
7551.0,0
7553.0,1
7555.0,1
7557.0,2
7559.0,1
7561.0,0
7563.0,2
7565.0,0
7567.0,0
7569.0,1
7571.0,0
7573.0,0
7575.0,2
7577.0,0
7579.0,0
7581.0,1
7583.0,2
7585.0,3
7587.0,0
7589.0,0
7591.0,0
7593.0,0
7595.0,0
7597.0,0
7599.0,1
7601.0,0
7603.0,0
7605.0,2
7607.0,2
7609.0,0
7611.0,0
7613.0,2
7615.0,0
7617.0,1
7619.0,1
7621.0,0
7623.0,1
7625.0,0
7627.0,0
7629.0,0
7631.0,1
7633.0,1
7635.0,2
7637.0,0
7639.0,1
7641.0,0
7643.0,1
7645.0,1
7647.0,0
7649.0,0
7651.0,0
7653.0,0
7655.0,0
7657.0,0
7659.0,2
7661.0,0
7663.0,1
7665.0,1
7667.0,0
7669.0,1
7671.0,0
7673.0,0
7675.0,1
7677.0,0
7679.0,0
7681.0,0
7683.0,1
7685.0,1
7687.0,0
7689.0,0
7691.0,0
7693.0,0
7695.0,1
7697.0,2
7699.0,0
7701.0,0
7703.0,1
7705.0,0
7707.0,3
7709.0,1
7711.0,0
7713.0,0
7715.0,0
7717.0,0
7719.0,1
7721.0,0
7723.0,0
7725.0,1
7727.0,0
7729.0,0
7731.0,1
7733.0,0
7735.0,1
7737.0,2
7739.0,0
7741.0,1
7743.0,0
7745.0,0
7747.0,0
7749.0,1
7751.0,0
7753.0,0
7755.0,0
7757.0,0
7759.0,1
7761.0,1
7763.0,1
7765.0,0
7767.0,1
7769.0,0
7771.0,1
7773.0,0
7775.0,0
7777.0,0
7779.0,0
7781.0,1
7783.0,0
7785.0,0
7787.0,0
7789.0,0
7791.0,1
7793.0,0
7795.0,0
7797.0,1
7799.0,2
7801.0,1
7803.0,2
7805.0,0
7807.0,1
7809.0,2
7811.0,1
7813.0,0
7815.0,0
7817.0,2
7819.0,0
7821.0,2
7823.0,0
7825.0,2
7827.0,0
7829.0,0
7831.0,1
7833.0,0
7835.0,0
7837.0,1
7839.0,0
7841.0,0
7843.0,1
7845.0,1
7847.0,1
7849.0,3
7851.0,1
7853.0,0
7855.0,1
7857.0,1
7859.0,1
7861.0,0
7863.0,0
7865.0,0
7867.0,0
7869.0,0
7871.0,0
7873.0,0
7875.0,1
7877.0,1
7879.0,1
7881.0,1
7883.0,0
7885.0,0
7887.0,0
7889.0,2
7891.0,0
7893.0,1
7895.0,1
7897.0,0
7899.0,2
7901.0,3
7903.0,0
7905.0,0
7907.0,1
7909.0,0
7911.0,0
7913.0,0
7915.0,0
7917.0,0
7919.0,0
7921.0,1
7923.0,0
7925.0,0
7927.0,1
7929.0,1
7931.0,0
7933.0,0
7935.0,1
7937.0,0
7939.0,0
7941.0,0
7943.0,0
7945.0,1
7947.0,0
7949.0,1
7951.0,0
7953.0,0
7955.0,0
7957.0,1
7959.0,1
7961.0,0
7963.0,1
7965.0,0
7967.0,1
7969.0,0
7971.0,0
7973.0,1
7975.0,2
7977.0,1
7979.0,1
7981.0,0
7983.0,1
7985.0,0
7987.0,0
7989.0,1
7991.0,0
7993.0,1
7995.0,0
7997.0,0
7999.0,0
8001.0,0
8003.0,0
8005.0,0
8007.0,0
8009.0,1
8011.0,0
8013.0,0
8015.0,0
8017.0,1
8019.0,0
8021.0,1
8023.0,3
8025.0,2
8027.0,0
8029.0,1
8031.0,1
8033.0,2
8035.0,2
8037.0,0
8039.0,1
8041.0,1
8043.0,2
8045.0,0
8047.0,2
8049.0,2
8051.0,1
8053.0,0
8055.0,1
8057.0,1
8059.0,0
8061.0,1
8063.0,2
8065.0,0
8067.0,0
8069.0,2
8071.0,1
8073.0,1
8075.0,1
8077.0,2
8079.0,1
8081.0,1
8083.0,0
8085.0,2
8087.0,0
8089.0,1
8091.0,0
8093.0,1
8095.0,1
8097.0,0
8099.0,0
8101.0,0
8103.0,0
8105.0,0
8107.0,1
8109.0,0
8111.0,2
8113.0,0
8115.0,0
8117.0,0
8119.0,2
8121.0,1
8123.0,2
8125.0,0
8127.0,0
8129.0,0
8131.0,0
8133.0,1
8135.0,1
8137.0,0
8139.0,1
8141.0,1
8143.0,0
8145.0,3
8147.0,0
8149.0,0
8151.0,1
8153.0,2
8155.0,1
8157.0,0
8159.0,1
8161.0,0
8163.0,0
8165.0,0
8167.0,0
8169.0,1
8171.0,0
8173.0,1
8175.0,0
8177.0,0
8179.0,0
8181.0,0
8183.0,3
8185.0,1
8187.0,0
8189.0,0
8191.0,0
8193.0,0
8195.0,0
8197.0,0
8199.0,0
8201.0,0
8203.0,0
8205.0,0
8207.0,1
8209.0,1
8211.0,0
8213.0,1
8215.0,0
8217.0,1
8219.0,0
8221.0,0
8223.0,0
8225.0,0
8227.0,0
8229.0,1
8231.0,0
8233.0,0
8235.0,0
8237.0,1
8239.0,0
8241.0,3
8243.0,0
8245.0,1
8247.0,2
8249.0,0
8251.0,0
8253.0,0
8255.0,0
8257.0,0
8259.0,0
8261.0,1
8263.0,0
8265.0,1
8267.0,0
8269.0,0
8271.0,2
8273.0,0
8275.0,1
8277.0,0
8279.0,0
8281.0,0
8283.0,1
8285.0,0
8287.0,0
8289.0,0
8291.0,1
8293.0,0
8295.0,0
8297.0,1
8299.0,1
8301.0,0
8303.0,1
8305.0,1
8307.0,2
8309.0,0
8311.0,1
8313.0,1
8315.0,0
8317.0,1
8319.0,0
8321.0,1
8323.0,0
8325.0,0
8327.0,0
8329.0,1
8331.0,0
8333.0,0
8335.0,0
8337.0,1
8339.0,0
8341.0,0
8343.0,0
8345.0,2
8347.0,0
8349.0,0
8351.0,0
8353.0,0
8355.0,2
8357.0,0
8359.0,1
8361.0,0
8363.0,0
8365.0,0
8367.0,0
8369.0,0
8371.0,0
8373.0,0
8375.0,1
8377.0,1
8379.0,0
8381.0,0
8383.0,1
8385.0,0
8387.0,2
8389.0,1
8391.0,0
8393.0,0
8395.0,0
8397.0,1
8399.0,1
8401.0,1
8403.0,0
8405.0,1
8407.0,1
8409.0,0
8411.0,2
8413.0,0
8415.0,0
8417.0,0
8419.0,0
8421.0,1
8423.0,0
8425.0,0
8427.0,0
8429.0,0
8431.0,0
8433.0,0
8435.0,1
8437.0,2
8439.0,0
8441.0,1
8443.0,0
8445.0,0
8447.0,1
8449.0,0
8451.0,1
8453.0,2
8455.0,0
8457.0,1
8459.0,1
8461.0,0
8463.0,0
8465.0,1
8467.0,0
8469.0,0
8471.0,0
8473.0,1
8475.0,0
8477.0,0
8479.0,0
8481.0,1
8483.0,0
8485.0,1
8487.0,0
8489.0,0
8491.0,0
8493.0,3
8495.0,1
8497.0,1
8499.0,0
8501.0,0
8503.0,0
8505.0,1
8507.0,0
8509.0,0
8511.0,0
8513.0,1
8515.0,1
8517.0,1
8519.0,2
8521.0,0
8523.0,2
8525.0,0
8527.0,2
8529.0,1
8531.0,1
8533.0,1
8535.0,1
8537.0,2
8539.0,2
8541.0,2
8543.0,3
8545.0,4
8547.0,0
8549.0,0
8551.0,0
8553.0,1
8555.0,1
8557.0,2
8559.0,0
8561.0,2
8563.0,0
8565.0,0
8567.0,0
8569.0,1
8571.0,0
8573.0,3
8575.0,0
8577.0,3
8579.0,1
8581.0,1
8583.0,0
8585.0,0
8587.0,1
8589.0,0
8591.0,1
8593.0,0
8595.0,0
8597.0,0
8599.0,1
8601.0,1
8603.0,3
8605.0,0
8607.0,1
8609.0,2
8611.0,0
8613.0,0
8615.0,0
8617.0,1
8619.0,2
8621.0,0
8623.0,0
8625.0,2
8627.0,2
8629.0,3
8631.0,1
8633.0,0
8635.0,0
8637.0,1
8639.0,1
8641.0,0
8643.0,0
8645.0,0
8647.0,0
8649.0,0
8651.0,2
8653.0,2
8655.0,1
8657.0,1
8659.0,0
8661.0,1
8663.0,0
8665.0,0
8667.0,0
8669.0,3
8671.0,1
8673.0,1
8675.0,2
8677.0,0
8679.0,0
8681.0,0
8683.0,0
8685.0,0
8687.0,3
8689.0,1
8691.0,2
8693.0,0
8695.0,1
8697.0,0
8699.0,0
8701.0,0
8703.0,0
8705.0,1
8707.0,0
8709.0,0
8711.0,0
8713.0,0
8715.0,1
8717.0,3
8719.0,2
8721.0,0
8723.0,0
8725.0,1
8727.0,3
8729.0,0
8731.0,5
8733.0,1
8735.0,0
8737.0,2
8739.0,2
8741.0,0
8743.0,1
8745.0,1
8747.0,1
8749.0,0
8751.0,2
8753.0,0
8755.0,1
8757.0,1
8759.0,1
8761.0,0
8763.0,3
8765.0,1
8767.0,0
8769.0,2
8771.0,3
8773.0,4
8775.0,5
8777.0,4
8779.0,9
8781.0,11
8783.0,6
8785.0,1
8787.0,3
8789.0,0
8791.0,0
8793.0,1
8795.0,1
8797.0,2
8799.0,0
8801.0,0
8803.0,0
8805.0,0
8807.0,0
8809.0,0
8811.0,1
8813.0,0
8815.0,2
8817.0,0
8819.0,0
8821.0,1
8823.0,0
8825.0,1
8827.0,0
8829.0,1
8831.0,0
8833.0,0
8835.0,0
8837.0,0
8839.0,1
8841.0,0
8843.0,1
8845.0,0
8847.0,0
8849.0,0
8851.0,1
8853.0,0
8855.0,1
8857.0,1
8859.0,0
8861.0,0
8863.0,0
8865.0,0
8867.0,1
8869.0,1
8871.0,0
8873.0,0
8875.0,0
8877.0,1
8879.0,2
8881.0,1
8883.0,0
8885.0,0
8887.0,0
8889.0,0
8891.0,1
8893.0,0
8895.0,1
8897.0,0
8899.0,1
8901.0,1
8903.0,2
8905.0,0
8907.0,0
8909.0,0
8911.0,0
8913.0,1
8915.0,0
8917.0,0
8919.0,1
8921.0,1
8923.0,0
8925.0,1
8927.0,4
8929.0,9
8931.0,3
8933.0,4
8935.0,1
8937.0,2
8939.0,0
8941.0,1
8943.0,0
8945.0,1
8947.0,3
8949.0,0
8951.0,2
8953.0,0
8955.0,0
8957.0,0
8959.0,1
8961.0,1
8963.0,0
8965.0,2
8967.0,0
8969.0,1
8971.0,0
8973.0,0
8975.0,0
8977.0,0
8979.0,1
8981.0,0
8983.0,0
8985.0,0
8987.0,0
8989.0,0
8991.0,0
8993.0,0
8995.0,0
8997.0,2
8999.0,2
9001.0,2
9003.0,1
9005.0,0
9007.0,1
9009.0,0
9011.0,0
9013.0,1
9015.0,0
9017.0,1
9019.0,2
9021.0,2
9023.0,0
9025.0,1
9027.0,1
9029.0,0
9031.0,0
9033.0,1
9035.0,1
9037.0,0
9039.0,0
9041.0,0
9043.0,0
9045.0,0
9047.0,2
9049.0,3
9051.0,0
9053.0,0
9055.0,0
9057.0,0
9059.0,1
9061.0,0
9063.0,0
9065.0,0
9067.0,0
9069.0,0
9071.0,2
9073.0,0
9075.0,0
9077.0,0
9079.0,2
9081.0,2
9083.0,1
9085.0,1
9087.0,0
9089.0,0
9091.0,0
9093.0,0
9095.0,0
9097.0,1
9099.0,0
9101.0,0
9103.0,0
9105.0,0
9107.0,0
9109.0,0
9111.0,0
9113.0,0
9115.0,2
9117.0,0
9119.0,0
9121.0,0
9123.0,0
9125.0,2
9127.0,1
9129.0,0
9131.0,0
9133.0,1
9135.0,1
9137.0,0
9139.0,2
9141.0,0
9143.0,1
9145.0,1
9147.0,0
9149.0,0
9151.0,0
9153.0,1
9155.0,0
9157.0,0
9159.0,0
9161.0,0
9163.0,0
9165.0,1
9167.0,0
9169.0,2
9171.0,0
9173.0,3
9175.0,1
9177.0,0
9179.0,0
9181.0,0
9183.0,1
9185.0,1
9187.0,2
9189.0,0
9191.0,1
9193.0,0
9195.0,0
9197.0,0
9199.0,1
9201.0,0
9203.0,0
9205.0,0
9207.0,1
9209.0,0
9211.0,1
9213.0,0
9215.0,0
9217.0,1
9219.0,0
9221.0,0
9223.0,0
9225.0,0
9227.0,0
9229.0,0
9231.0,1
9233.0,0
9235.0,0
9237.0,0
9239.0,1
9241.0,0
9243.0,0
9245.0,0
9247.0,0
9249.0,0
9251.0,1
9253.0,0
9255.0,2
9257.0,1
9259.0,0
9261.0,0
9263.0,1
9265.0,0
9267.0,0
9269.0,0
9271.0,0
9273.0,0
9275.0,1
9277.0,0
9279.0,1
9281.0,0
9283.0,0
9285.0,0
9287.0,1
9289.0,0
9291.0,0
9293.0,1
9295.0,0
9297.0,0
9299.0,0
9301.0,0
9303.0,0
9305.0,0
9307.0,0
9309.0,0
9311.0,0
9313.0,2
9315.0,0
9317.0,0
9319.0,1
9321.0,0
9323.0,1
9325.0,1
9327.0,1
9329.0,3
9331.0,0
9333.0,0
9335.0,0
9337.0,1
9339.0,0
9341.0,1
9343.0,0
9345.0,0
9347.0,1
9349.0,1
9351.0,0
9353.0,2
9355.0,1
9357.0,0
9359.0,0
9361.0,1
9363.0,2
9365.0,0
9367.0,1
9369.0,2
9371.0,0
9373.0,0
9375.0,0
9377.0,2
9379.0,2
9381.0,1
9383.0,0
9385.0,1
9387.0,0
9389.0,1
9391.0,0
9393.0,1
9395.0,0
9397.0,1
9399.0,1
9401.0,0
9403.0,6
9405.0,0
9407.0,0
9409.0,2
9411.0,0
9413.0,2
9415.0,2
9417.0,1
9419.0,1
9421.0,2
9423.0,2
9425.0,1
9427.0,0
9429.0,2
9431.0,0
9433.0,0
9435.0,0
9437.0,1
9439.0,0
9441.0,0
9443.0,1
9445.0,0
9447.0,2
9449.0,2
9451.0,0
9453.0,0
9455.0,1
9457.0,0
9459.0,0
9461.0,0
9463.0,1
9465.0,1
9467.0,0
9469.0,1
9471.0,0
9473.0,1
9475.0,1
9477.0,0
9479.0,1
9481.0,0
9483.0,1
9485.0,1
9487.0,0
9489.0,0
9491.0,0
9493.0,1
9495.0,0
9497.0,1
9499.0,0
9501.0,0
9503.0,0
9505.0,0
9507.0,0
9509.0,0
9511.0,0
9513.0,0
9515.0,3
9517.0,1
9519.0,0
9521.0,1
9523.0,0
9525.0,0
9527.0,0
9529.0,1
9531.0,3
9533.0,0
9535.0,4
9537.0,1
9539.0,0
9541.0,0
9543.0,0
9545.0,0
9547.0,2
9549.0,0
9551.0,0
9553.0,0
9555.0,0
9557.0,0
9559.0,4
9561.0,1
9563.0,1
9565.0,1
9567.0,1
9569.0,0
9571.0,3
9573.0,0
9575.0,0
9577.0,0
9579.0,0
9581.0,0
9583.0,0
9585.0,0
9587.0,0
9589.0,0
9591.0,0
9593.0,0
9595.0,1
9597.0,0
9599.0,0
9601.0,0
9603.0,2
9605.0,1
9607.0,2
9609.0,1
9611.0,4
9613.0,0
9615.0,0
9617.0,1
9619.0,0
9621.0,0
9623.0,0
9625.0,0
9627.0,1
9629.0,1
9631.0,0
9633.0,0
9635.0,1
9637.0,4
9639.0,1
9641.0,3
9643.0,7
9645.0,1
9647.0,1
9649.0,1
9651.0,1
9653.0,1
9655.0,1
9657.0,2
9659.0,0
9661.0,0
9663.0,0
9665.0,1
9667.0,3
9669.0,0
9671.0,1
9673.0,8
9675.0,5
9677.0,11
9679.0,8
9681.0,3
9683.0,1
9685.0,2
9687.0,0
9689.0,0
9691.0,0
9693.0,1
9695.0,1
9697.0,0
9699.0,0
9701.0,0
9703.0,0
9705.0,1
9707.0,2
9709.0,2
9711.0,0
9713.0,1
9715.0,0
9717.0,0
9719.0,1
9721.0,0
9723.0,0
9725.0,1
9727.0,1
9729.0,0
9731.0,0
9733.0,0
9735.0,0
9737.0,0
9739.0,0
9741.0,0
9743.0,0
9745.0,1
9747.0,0
9749.0,1
9751.0,0
9753.0,0
9755.0,0
9757.0,0
9759.0,0
9761.0,1
9763.0,1
9765.0,0
9767.0,1
9769.0,0
9771.0,0
9773.0,0
9775.0,0
9777.0,0
9779.0,0
9781.0,0
9783.0,0
9785.0,0
9787.0,1
9789.0,2
9791.0,0
9793.0,0
9795.0,0
9797.0,0
9799.0,1
9801.0,0
9803.0,0
9805.0,0
9807.0,0
9809.0,1
9811.0,4
9813.0,1
9815.0,1
9817.0,1
9819.0,1
9821.0,0
9823.0,1
9825.0,0
9827.0,0
9829.0,0
9831.0,0
9833.0,0
9835.0,0
9837.0,1
9839.0,0
9841.0,1
9843.0,0
9845.0,2
9847.0,1
9849.0,1
9851.0,0
9853.0,2
9855.0,0
9857.0,0
9859.0,0
9861.0,0
9863.0,0
9865.0,1
9867.0,0
9869.0,0
9871.0,0
9873.0,0
9875.0,1
9877.0,1
9879.0,0
9881.0,2
9883.0,3
9885.0,0
9887.0,0
9889.0,0
9891.0,0
9893.0,0
9895.0,0
9897.0,0
9899.0,0
9901.0,0
9903.0,0
9905.0,0
9907.0,0
9909.0,0
9911.0,0
9913.0,1
9915.0,0
9917.0,2
9919.0,0
9921.0,0
9923.0,0
9925.0,0
9927.0,0
9929.0,0
9931.0,1
9933.0,1
9935.0,1
9937.0,0
9939.0,0
9941.0,0
9943.0,0
9945.0,2
9947.0,0
9949.0,0
9951.0,2
9953.0,1
9955.0,3
9957.0,2
9959.0,0
9961.0,3
9963.0,2
9965.0,0
9967.0,0
9969.0,0
9971.0,1
9973.0,1
9975.0,1
9977.0,1
9979.0,0
9981.0,1
9983.0,0
9985.0,0
9987.0,0
9989.0,1
9991.0,0
9993.0,0
9995.0,0
9997.0,0
9999.0,0
10001.0,1
10003.0,0
10005.0,0
10007.0,1
10009.0,0
10011.0,2
10013.0,1
10015.0,0
10017.0,0
10019.0,1
10021.0,0
10023.0,1
10025.0,0
10027.0,1
10029.0,0
10031.0,1
10033.0,1
10035.0,0
10037.0,0
10039.0,1
10041.0,0
10043.0,0
10045.0,0
10047.0,0
10049.0,0
10051.0,0
10053.0,0
10055.0,1
10057.0,0
10059.0,0
10061.0,1
10063.0,0
10065.0,2
10067.0,3
10069.0,0
10071.0,3
10073.0,1
10075.0,0
10077.0,0
10079.0,1
10081.0,1
10083.0,1
10085.0,0
10087.0,0
10089.0,2
10091.0,1
10093.0,1
10095.0,0
10097.0,0
10099.0,1
10101.0,0
10103.0,1
10105.0,0
10107.0,0
10109.0,0
10111.0,0
10113.0,0
10115.0,0
10117.0,1
10119.0,1
10121.0,1
10123.0,0
10125.0,0
10127.0,0
10129.0,2
10131.0,0
10133.0,2
10135.0,1
10137.0,1
10139.0,1
10141.0,1
10143.0,1
10145.0,0
10147.0,0
10149.0,0
10151.0,0
10153.0,2
10155.0,2
10157.0,0
10159.0,1
10161.0,1
10163.0,1
10165.0,2
10167.0,0
10169.0,0
10171.0,1
10173.0,0
10175.0,1
10177.0,0
10179.0,1
10181.0,0
10183.0,0
10185.0,0
10187.0,0
10189.0,1
10191.0,1
10193.0,0
10195.0,0
10197.0,0
10199.0,0
10201.0,0
10203.0,0
10205.0,1
10207.0,1
10209.0,2
10211.0,1
10213.0,1
10215.0,0
10217.0,0
10219.0,0
10221.0,1
10223.0,0
10225.0,0
10227.0,1
10229.0,2
10231.0,1
10233.0,0
10235.0,0
10237.0,1
10239.0,0
10241.0,0
10243.0,1
10245.0,3
10247.0,1
10249.0,2
10251.0,0
10253.0,1
10255.0,1
10257.0,3
10259.0,3
10261.0,3
10263.0,4
10265.0,1
10267.0,0
10269.0,1
10271.0,0
10273.0,1
10275.0,0
10277.0,3
10279.0,0
10281.0,2
10283.0,1
10285.0,0
10287.0,0
10289.0,3
10291.0,0
10293.0,1
10295.0,1
10297.0,1
10299.0,2
10301.0,2
10303.0,1
10305.0,0
10307.0,2
10309.0,1
10311.0,2
10313.0,1
10315.0,3
10317.0,1
10319.0,1
10321.0,3
10323.0,2
10325.0,1
10327.0,1
10329.0,1
10331.0,0
10333.0,0
10335.0,1
10337.0,0
10339.0,4
10341.0,3
10343.0,0
10345.0,0
10347.0,1
10349.0,1
10351.0,1
10353.0,0
10355.0,2
10357.0,1
10359.0,0
10361.0,2
10363.0,1
10365.0,1
10367.0,1
10369.0,3
10371.0,0
10373.0,1
10375.0,0
10377.0,0
10379.0,1
10381.0,1
10383.0,3
10385.0,4
10387.0,3
10389.0,4
10391.0,1
10393.0,3
10395.0,3
10397.0,4
10399.0,5
10401.0,2
10403.0,1
10405.0,0
10407.0,2
10409.0,0
10411.0,3
10413.0,1
10415.0,1
10417.0,7
10419.0,4
10421.0,5
10423.0,2
10425.0,0
10427.0,1
10429.0,2
10431.0,2
10433.0,2
10435.0,3
10437.0,5
10439.0,6
10441.0,2
10443.0,2
10445.0,3
10447.0,5
10449.0,3
10451.0,2
10453.0,6
10455.0,2
10457.0,3
10459.0,4
10461.0,2
10463.0,1
10465.0,2
10467.0,1
10469.0,1
10471.0,3
10473.0,5
10475.0,2
10477.0,2
10479.0,2
10481.0,0
10483.0,2
10485.0,2
10487.0,1
10489.0,3
10491.0,0
10493.0,3
10495.0,0
10497.0,6
10499.0,6
10501.0,6
10503.0,4
10505.0,7
10507.0,14
10509.0,15
10511.0,16
10513.0,10
10515.0,5
10517.0,7
10519.0,2
10521.0,6
10523.0,3
10525.0,1
10527.0,2
10529.0,2
10531.0,2
10533.0,4
10535.0,4
10537.0,2
10539.0,4
10541.0,1
10543.0,4
10545.0,0
10547.0,1
10549.0,1
10551.0,1
10553.0,1
10555.0,1
10557.0,3
10559.0,1
10561.0,0
10563.0,0
10565.0,1
10567.0,0
10569.0,0
10571.0,0
10573.0,0
10575.0,0
10577.0,1
10579.0,0
10581.0,2
10583.0,1
10585.0,3
10587.0,0
10589.0,1
10591.0,0
10593.0,1
10595.0,0
10597.0,1
10599.0,1
10601.0,0
10603.0,1
10605.0,0
10607.0,0
10609.0,2
10611.0,0
10613.0,0
10615.0,0
10617.0,1
10619.0,0
10621.0,2
10623.0,0
10625.0,1
10627.0,0
10629.0,0
10631.0,2
10633.0,0
10635.0,0
10637.0,0
10639.0,0
10641.0,0
10643.0,0
10645.0,0
10647.0,1
10649.0,0
10651.0,0
10653.0,0
10655.0,1
10657.0,1
10659.0,0
10661.0,0
10663.0,2
10665.0,1
10667.0,1
10669.0,2
10671.0,2
10673.0,0
10675.0,0
10677.0,2
10679.0,4
10681.0,4
10683.0,2
10685.0,1
10687.0,1
10689.0,2
10691.0,1
10693.0,0
10695.0,0
10697.0,0
10699.0,0
10701.0,0
10703.0,1
10705.0,1
10707.0,1
10709.0,0
10711.0,1
10713.0,2
10715.0,0
10717.0,0
10719.0,2
10721.0,1
10723.0,2
10725.0,0
10727.0,0
10729.0,1
10731.0,1
10733.0,0
10735.0,0
10737.0,0
10739.0,0
10741.0,0
10743.0,0
10745.0,0
10747.0,0
10749.0,0
10751.0,0
10753.0,0
10755.0,0
10757.0,0
10759.0,2
10761.0,1
10763.0,1
10765.0,0
10767.0,1
10769.0,0
10771.0,2
10773.0,1
10775.0,0
10777.0,0
10779.0,1
10781.0,0
10783.0,0
10785.0,0
10787.0,1
10789.0,0
10791.0,0
10793.0,0
10795.0,1
10797.0,1
10799.0,2
10801.0,1
10803.0,0
10805.0,0
10807.0,0
10809.0,0
10811.0,0
10813.0,0
10815.0,0
10817.0,0
10819.0,0
10821.0,0
10823.0,1
10825.0,1
10827.0,0
10829.0,0
10831.0,0
10833.0,0
10835.0,0
10837.0,0
10839.0,0
10841.0,1
10843.0,0
10845.0,0
10847.0,1
10849.0,0
10851.0,0
10853.0,1
10855.0,0
10857.0,0
10859.0,1
10861.0,0
10863.0,0
10865.0,1
10867.0,0
10869.0,2
10871.0,1
10873.0,0
10875.0,1
10877.0,0
10879.0,1
10881.0,0
10883.0,0
10885.0,0
10887.0,1
10889.0,0
10891.0,2
10893.0,0
10895.0,1
10897.0,2
10899.0,0
10901.0,0
10903.0,1
10905.0,1
10907.0,1
10909.0,0
10911.0,1
10913.0,0
10915.0,1
10917.0,1
10919.0,1
10921.0,1
10923.0,0
10925.0,1
10927.0,3
10929.0,1
10931.0,1
10933.0,0
10935.0,0
10937.0,0
10939.0,1
10941.0,1
10943.0,0
10945.0,2
10947.0,2
10949.0,0
10951.0,0
10953.0,1
10955.0,0
10957.0,0
10959.0,1
10961.0,0
10963.0,0
10965.0,1
10967.0,1
10969.0,0
10971.0,2
10973.0,0
10975.0,2
10977.0,0
10979.0,1
10981.0,0
10983.0,1
10985.0,1
10987.0,1
10989.0,0
10991.0,1
10993.0,0
10995.0,0
10997.0,1
10999.0,1
11001.0,1
11003.0,1
11005.0,0
11007.0,0
11009.0,0
11011.0,0
11013.0,2
11015.0,1
11017.0,2
11019.0,0
11021.0,1
11023.0,1
11025.0,0
11027.0,0
11029.0,1
11031.0,1
11033.0,0
11035.0,0
11037.0,2
11039.0,1
11041.0,2
11043.0,1
11045.0,1
11047.0,1
11049.0,2
11051.0,0
11053.0,0
11055.0,0
11057.0,0
11059.0,0
11061.0,0
11063.0,1
11065.0,0
11067.0,0
11069.0,1
11071.0,1
11073.0,1
11075.0,1
11077.0,0
11079.0,0
11081.0,0
11083.0,3
11085.0,0
11087.0,1
11089.0,0
11091.0,1
11093.0,0
11095.0,0
11097.0,0
11099.0,0
11101.0,0
11103.0,1
11105.0,1
11107.0,0
11109.0,1
11111.0,0
11113.0,0
11115.0,0
11117.0,0
11119.0,0
11121.0,1
11123.0,1
11125.0,5
11127.0,0
11129.0,3
11131.0,2
11133.0,1
11135.0,1
11137.0,0
11139.0,3
11141.0,1
11143.0,1
11145.0,2
11147.0,0
11149.0,0
11151.0,1
11153.0,0
11155.0,1
11157.0,0
11159.0,1
11161.0,0
11163.0,0
11165.0,0
11167.0,0
11169.0,1
11171.0,0
11173.0,2
11175.0,0
11177.0,0
11179.0,0
11181.0,0
11183.0,0
11185.0,0
11187.0,0
11189.0,0
11191.0,0
11193.0,1
11195.0,0
11197.0,0
11199.0,1
11201.0,0
11203.0,0
11205.0,0
11207.0,0
11209.0,0
11211.0,0
11213.0,0
11215.0,1
11217.0,0
11219.0,1
11221.0,0
11223.0,2
11225.0,0
11227.0,0
11229.0,0
11231.0,0
11233.0,0
11235.0,0
11237.0,1
11239.0,2
11241.0,0
11243.0,0
11245.0,0
11247.0,1
11249.0,1
11251.0,1
11253.0,0
11255.0,0
11257.0,0
11259.0,1
11261.0,2
11263.0,1
11265.0,2
11267.0,0
11269.0,1
11271.0,1
11273.0,1
11275.0,0
11277.0,1
11279.0,0
11281.0,0
11283.0,0
11285.0,2
11287.0,0
11289.0,0
11291.0,1
11293.0,2
11295.0,0
11297.0,1
11299.0,2
11301.0,2
11303.0,0
11305.0,1
11307.0,0
11309.0,0
11311.0,0
11313.0,0
11315.0,1
11317.0,0
11319.0,1
11321.0,0
11323.0,1
11325.0,1
11327.0,1
11329.0,0
11331.0,1
11333.0,0
11335.0,1
11337.0,0
11339.0,0
11341.0,0
11343.0,0
11345.0,0
11347.0,2
11349.0,1
11351.0,1
11353.0,0
11355.0,0
11357.0,0
11359.0,1
11361.0,0
11363.0,0
11365.0,0
11367.0,2
11369.0,0
11371.0,0
11373.0,0
11375.0,1
11377.0,1
11379.0,0
11381.0,1
11383.0,1
11385.0,2
11387.0,0
11389.0,1
11391.0,0
11393.0,1
11395.0,1
11397.0,2
11399.0,0
11401.0,1
11403.0,1
11405.0,1
11407.0,0
11409.0,0
11411.0,0
11413.0,2
11415.0,1
11417.0,0
11419.0,0
11421.0,0
11423.0,1
11425.0,0
11427.0,2
11429.0,0
11431.0,0
11433.0,0
11435.0,1
11437.0,1
11439.0,0
11441.0,1
11443.0,1
11445.0,3
11447.0,0
11449.0,1
11451.0,0
11453.0,0
11455.0,1
11457.0,0
11459.0,0
11461.0,1
11463.0,3
11465.0,1
11467.0,1
11469.0,1
11471.0,0
11473.0,1
11475.0,2
11477.0,3
11479.0,4
11481.0,0
11483.0,2
11485.0,1
11487.0,2
11489.0,0
11491.0,1
11493.0,0
11495.0,2
11497.0,2
11499.0,4
11501.0,1
11503.0,1
11505.0,2
11507.0,1
11509.0,1
11511.0,3
11513.0,1
11515.0,0
11517.0,1
11519.0,0
11521.0,1
11523.0,1
11525.0,0
11527.0,2
11529.0,1
11531.0,0
11533.0,1
11535.0,1
11537.0,1
11539.0,2
11541.0,0
11543.0,2
11545.0,3
11547.0,2
11549.0,5
11551.0,2
11553.0,3
11555.0,1
11557.0,2
11559.0,0
11561.0,0
11563.0,1
11565.0,1
11567.0,2
11569.0,2
11571.0,2
11573.0,0
11575.0,1
11577.0,0
11579.0,0
11581.0,0
11583.0,3
11585.0,0
11587.0,1
11589.0,4
11591.0,2
11593.0,2
11595.0,1
11597.0,1
11599.0,2
11601.0,2
11603.0,5
11605.0,0
11607.0,0
11609.0,0
11611.0,0
11613.0,0
11615.0,0
11617.0,2
11619.0,1
11621.0,1
11623.0,2
11625.0,0
11627.0,1
11629.0,0
11631.0,0
11633.0,1
11635.0,1
11637.0,1
11639.0,1
11641.0,0
11643.0,6
11645.0,5
11647.0,5
11649.0,1
11651.0,2
11653.0,5
11655.0,0
11657.0,0
11659.0,0
11661.0,1
11663.0,1
11665.0,2
11667.0,0
11669.0,0
11671.0,0
11673.0,2
11675.0,0
11677.0,0
11679.0,3
11681.0,1
11683.0,3
11685.0,6
11687.0,3
11689.0,6
11691.0,2
11693.0,8
11695.0,3
11697.0,3
11699.0,0
11701.0,1
11703.0,2
11705.0,1
11707.0,1
11709.0,1
11711.0,1
11713.0,3
11715.0,0
11717.0,2
11719.0,3
11721.0,1
11723.0,2
11725.0,3
11727.0,3
11729.0,8
11731.0,3
11733.0,5
11735.0,2
11737.0,1
11739.0,1
11741.0,2
11743.0,2
11745.0,0
11747.0,0
11749.0,0
11751.0,1
11753.0,1
11755.0,0
11757.0,1
11759.0,0
11761.0,1
11763.0,0
11765.0,0
11767.0,2
11769.0,0
11771.0,1
11773.0,0
11775.0,0
11777.0,1
11779.0,0
11781.0,0
11783.0,0
11785.0,0
11787.0,0
11789.0,0
11791.0,0
11793.0,0
11795.0,0
11797.0,0
11799.0,0
11801.0,1
11803.0,1
11805.0,0
11807.0,1
11809.0,0
11811.0,0
11813.0,0
11815.0,0
11817.0,1
11819.0,0
11821.0,0
11823.0,0
11825.0,0
11827.0,0
11829.0,0
11831.0,0
11833.0,0
11835.0,0
11837.0,0
11839.0,0
11841.0,1
11843.0,0
11845.0,0
11847.0,0
11849.0,0
11851.0,1
11853.0,0
11855.0,1
11857.0,0
11859.0,0
11861.0,0
11863.0,1
11865.0,0
11867.0,0
11869.0,0
11871.0,0
11873.0,0
11875.0,0
11877.0,0
11879.0,0
11881.0,0
11883.0,0
11885.0,0
11887.0,0
11889.0,0
11891.0,0
11893.0,0
11895.0,0
11897.0,0
11899.0,0
11901.0,0
11903.0,0
11905.0,0
11907.0,0
11909.0,0
11911.0,0
11913.0,0
11915.0,0
11917.0,1
11919.0,0
11921.0,0
11923.0,0
11925.0,0
11927.0,0
11929.0,0
11931.0,0
11933.0,0
11935.0,0
11937.0,0
11939.0,0
11941.0,1
11943.0,0
11945.0,0
11947.0,0
11949.0,0
11951.0,0
11953.0,0
11955.0,0
11957.0,1
11959.0,2
11961.0,0
11963.0,0
11965.0,1
11967.0,0
11969.0,0
11971.0,0
11973.0,0
11975.0,0
11977.0,0
11979.0,0
11981.0,0
11983.0,0
11985.0,0
11987.0,0
11989.0,0
11991.0,0
11993.0,0
11995.0,0
11997.0,0
11999.0,0
12001.0,0
12003.0,0
12005.0,0
12007.0,0
12009.0,0
12011.0,0
12013.0,0
12015.0,0
12017.0,0
12019.0,1
12021.0,0
12023.0,0
12025.0,0
12027.0,2
12029.0,0
12031.0,0
12033.0,0
12035.0,0
12037.0,0
12039.0,0
12041.0,0
12043.0,0
12045.0,0
12047.0,0
12049.0,0
12051.0,0
12053.0,0
12055.0,0
12057.0,0
12059.0,0
12061.0,0
12063.0,0
12065.0,0
12067.0,0
12069.0,0
12071.0,0
12073.0,0
12075.0,0
12077.0,0
12079.0,0
12081.0,0
12083.0,0
12085.0,0
12087.0,0
12089.0,0
12091.0,0
12093.0,0
12095.0,0
12097.0,0
12099.0,0
12101.0,1
12103.0,0
12105.0,0
12107.0,0
12109.0,1
12111.0,0
12113.0,0
12115.0,0
12117.0,0
12119.0,0
12121.0,0
12123.0,0
12125.0,0
12127.0,1
12129.0,0
12131.0,1
12133.0,0
12135.0,0
12137.0,1
12139.0,0
12141.0,1
12143.0,1
12145.0,0
12147.0,0
12149.0,0
12151.0,0
12153.0,0
12155.0,1
12157.0,0
12159.0,0
12161.0,0
12163.0,0
12165.0,0
12167.0,0
12169.0,0
12171.0,0
12173.0,0
12175.0,0
12177.0,0
12179.0,0
12181.0,0
12183.0,0
12185.0,2
12187.0,0
12189.0,0
12191.0,0
12193.0,0
12195.0,0
12197.0,0
12199.0,0
12201.0,0
12203.0,0
12205.0,0
12207.0,0
12209.0,0
12211.0,0
12213.0,0
12215.0,0
12217.0,0
12219.0,0
12221.0,0
12223.0,0
12225.0,0
12227.0,0
12229.0,0
12231.0,0
12233.0,0
12235.0,1
12237.0,0
12239.0,0
12241.0,0
12243.0,1
12245.0,0
12247.0,0
12249.0,0
12251.0,0
12253.0,0
12255.0,0
12257.0,1
12259.0,0
12261.0,0
12263.0,0
12265.0,0
12267.0,1
12269.0,0
12271.0,0
12273.0,0
12275.0,0
12277.0,1
12279.0,0
12281.0,0
12283.0,0
12285.0,1
12287.0,0
12289.0,0
12291.0,1
12293.0,0
12295.0,0
12297.0,0
12299.0,0
12301.0,0
12303.0,1
12305.0,0
12307.0,1
12309.0,0
12311.0,0
12313.0,0
12315.0,0
12317.0,0
12319.0,0
12321.0,0
12323.0,1
12325.0,0
12327.0,1
12329.0,0
12331.0,1
12333.0,0
12335.0,0
12337.0,0
12339.0,0
12341.0,0
12343.0,0
12345.0,0
12347.0,0
12349.0,0
12351.0,0
12353.0,0
12355.0,0
12357.0,0
12359.0,2
12361.0,0
12363.0,0
12365.0,0
12367.0,0
12369.0,0
12371.0,0
12373.0,1
12375.0,0
12377.0,1
12379.0,0
12381.0,0
12383.0,0
12385.0,0
12387.0,0
12389.0,0
12391.0,0
12393.0,0
12395.0,1
12397.0,0
12399.0,0
12401.0,0
12403.0,0
12405.0,0
12407.0,0
12409.0,0
12411.0,0
12413.0,0
12415.0,0
12417.0,0
12419.0,0
12421.0,0
12423.0,0
12425.0,0
12427.0,0
12429.0,0
12431.0,0
12433.0,0
12435.0,0
12437.0,0
12439.0,0
12441.0,1
12443.0,0
12445.0,0
12447.0,0
12449.0,0
12451.0,0
12453.0,0
12455.0,0
12457.0,0
12459.0,0
12461.0,0
12463.0,0
12465.0,0
12467.0,0
12469.0,0
12471.0,1
12473.0,1
12475.0,0
12477.0,0
12479.0,0
12481.0,0
12483.0,0
12485.0,0
12487.0,0
12489.0,0
12491.0,0
12493.0,1
12495.0,0
12497.0,0
12499.0,0
12501.0,0
12503.0,0
12505.0,0
12507.0,1
12509.0,0
12511.0,0
12513.0,0
12515.0,0
12517.0,0
12519.0,0
12521.0,0
12523.0,0
12525.0,0
12527.0,0
12529.0,0
12531.0,0
12533.0,0
12535.0,0
12537.0,0
12539.0,0
12541.0,0
12543.0,0
12545.0,1
12547.0,1
12549.0,0
12551.0,0
12553.0,0
12555.0,0
12557.0,0
12559.0,0
12561.0,0
12563.0,0
12565.0,0
12567.0,0
12569.0,0
12571.0,0
12573.0,0
12575.0,1
12577.0,0
12579.0,0
12581.0,0
12583.0,1
12585.0,0
12587.0,0
12589.0,0
12591.0,0
12593.0,0
12595.0,0
12597.0,0
12599.0,0
12601.0,0
12603.0,0
12605.0,0
12607.0,1
12609.0,0
12611.0,1
12613.0,0
12615.0,0
12617.0,0
12619.0,0
12621.0,0
12623.0,1
12625.0,0
12627.0,0
12629.0,2
12631.0,1
12633.0,1
12635.0,0
12637.0,1
12639.0,0
12641.0,0
12643.0,0
12645.0,0
12647.0,0
12649.0,0
12651.0,0
12653.0,0
12655.0,1
12657.0,0
12659.0,0
12661.0,0
12663.0,0
12665.0,0
12667.0,0
12669.0,0
12671.0,1
12673.0,2
12675.0,1
12677.0,1
12679.0,0
12681.0,0
12683.0,0
12685.0,0
12687.0,0
12689.0,1
12691.0,1
12693.0,0
12695.0,0
12697.0,1
12699.0,0
12701.0,0
12703.0,0
12705.0,0
12707.0,0
12709.0,0
12711.0,0
12713.0,0
12715.0,1
12717.0,0
12719.0,0
12721.0,0
12723.0,0
12725.0,0
12727.0,0
12729.0,0
12731.0,0
12733.0,0
12735.0,1
12737.0,0
12739.0,0
12741.0,0
12743.0,0
12745.0,0
12747.0,0
12749.0,0
12751.0,0
12753.0,0
12755.0,0
12757.0,0
12759.0,1
12761.0,0
12763.0,1
12765.0,1
12767.0,1
12769.0,1
12771.0,0
12773.0,0
12775.0,0
12777.0,0
12779.0,1
12781.0,0
12783.0,0
12785.0,0
12787.0,2
12789.0,1
12791.0,3
12793.0,1
12795.0,0
12797.0,0
12799.0,0
12801.0,0
12803.0,1
12805.0,0
12807.0,2
12809.0,0
12811.0,1
12813.0,0
12815.0,1
12817.0,0
12819.0,0
12821.0,2
12823.0,0
12825.0,0
12827.0,0
12829.0,0
12831.0,0
12833.0,0
12835.0,1
12837.0,0
12839.0,0
12841.0,0
12843.0,0
12845.0,0
12847.0,0
12849.0,0
12851.0,1
12853.0,1
12855.0,0
12857.0,0
12859.0,1
12861.0,1
12863.0,0
12865.0,0
12867.0,0
12869.0,0
12871.0,0
12873.0,0
12875.0,1
12877.0,0
12879.0,0
12881.0,0
12883.0,1
12885.0,0
12887.0,0
12889.0,0
12891.0,0
12893.0,0
12895.0,0
12897.0,0
12899.0,0
12901.0,0
12903.0,0
12905.0,0
12907.0,0
12909.0,0
12911.0,0
12913.0,0
12915.0,0
12917.0,0
12919.0,1
12921.0,0
12923.0,1
12925.0,0
12927.0,0
12929.0,0
12931.0,0
12933.0,0
12935.0,0
12937.0,0
12939.0,0
12941.0,1
12943.0,0
12945.0,0
12947.0,1
12949.0,0
12951.0,0
12953.0,0
12955.0,0
12957.0,0
12959.0,0
12961.0,0
12963.0,0
12965.0,0
12967.0,0
12969.0,0
12971.0,0
12973.0,0
12975.0,0
12977.0,0
12979.0,0
12981.0,0
12983.0,0
12985.0,0
12987.0,0
12989.0,0
12991.0,0
12993.0,1
12995.0,0
12997.0,1
