Bin center (eV),Counts per 2 eV bin
801.0,25
803.0,18
805.0,20
807.0,20
809.0,24
811.0,35
813.0,27
815.0,43
817.0,48
819.0,52
821.0,54
823.0,36
825.0,55
827.0,64
829.0,84
831.0,114
833.0,147
835.0,203
837.0,285
839.0,322
841.0,294
843.0,284
845.0,274
847.0,326
849.0,433
851.0,475
853.0,452
855.0,306
857.0,195
859.0,146
861.0,108
863.0,115
865.0,60
867.0,50
869.0,44
871.0,36
873.0,36
875.0,42
877.0,40
879.0,32
881.0,39
883.0,46
885.0,36
887.0,53
889.0,53
891.0,50
893.0,35
895.0,41
897.0,60
899.0,99
901.0,162
903.0,269
905.0,304
907.0,262
909.0,155
911.0,108
913.0,138
915.0,221
917.0,292
919.0,394
921.0,430
923.0,296
925.0,267
927.0,253
929.0,266
931.0,274
933.0,240
935.0,171
937.0,131
939.0,101
941.0,98
943.0,72
945.0,63
947.0,79
949.0,60
951.0,70
953.0,59
955.0,51
957.0,53
959.0,41
961.0,37
963.0,43
965.0,39
967.0,40
969.0,40
971.0,59
973.0,43
975.0,48
977.0,35
979.0,49
981.0,36
983.0,24
985.0,29
987.0,21
989.0,22
991.0,26
993.0,24
995.0,34
997.0,32
999.0,26
1001.0,33
1003.0,31
1005.0,17
1007.0,25
1009.0,18
1011.0,26
1013.0,25
1015.0,22
1017.0,26
1019.0,22
1021.0,20
1023.0,18
1025.0,25
1027.0,45
1029.0,45
1031.0,44
1033.0,39
1035.0,34
1037.0,26
1039.0,25
1041.0,21
1043.0,11
1045.0,25
1047.0,15
1049.0,20
1051.0,22
1053.0,18
1055.0,32
1057.0,19
1059.0,21
1061.0,19
1063.0,19
1065.0,11
1067.0,13
1069.0,16
1071.0,23
1073.0,19
1075.0,30
1077.0,18
1079.0,18
1081.0,34
1083.0,14
1085.0,16
1087.0,20
1089.0,13
1091.0,20
1093.0,20
1095.0,16
1097.0,22
1099.0,17
1101.0,12
1103.0,15
1105.0,18
1107.0,21
1109.0,23
1111.0,26
1113.0,20
1115.0,15
1117.0,22
1119.0,22
1121.0,22
1123.0,20
1125.0,36
1127.0,22
1129.0,23
1131.0,22
1133.0,14
1135.0,14
1137.0,18
1139.0,23
1141.0,16
1143.0,31
1145.0,19
1147.0,25
1149.0,16
1151.0,14
1153.0,14
1155.0,4
1157.0,18
1159.0,18
1161.0,22
1163.0,27
1165.0,23
1167.0,21
1169.0,22
1171.0,25
1173.0,22
1175.0,18
1177.0,22
1179.0,14
1181.0,24
1183.0,23
1185.0,13
1187.0,24
1189.0,14
1191.0,18
1193.0,14
1195.0,11
1197.0,14
1199.0,15
1201.0,15
1203.0,26
1205.0,23
1207.0,23
1209.0,20
1211.0,15
1213.0,15
1215.0,23
1217.0,18
1219.0,22
1221.0,20
1223.0,21
1225.0,20
1227.0,15
1229.0,23
1231.0,21
1233.0,12
1235.0,15
1237.0,15
1239.0,26
1241.0,18
1243.0,25
1245.0,23
1247.0,22
1249.0,17
1251.0,18
1253.0,18
1255.0,10
1257.0,21
1259.0,19
1261.0,16
1263.0,22
1265.0,29
1267.0,10
1269.0,13
1271.0,19
1273.0,17
1275.0,17
1277.0,23
1279.0,28
1281.0,15
1283.0,19
1285.0,13
1287.0,16
1289.0,23
1291.0,22
1293.0,17
1295.0,24
1297.0,13
1299.0,25
1301.0,17
1303.0,16
1305.0,17
1307.0,21
1309.0,24
1311.0,17
1313.0,19
1315.0,22
1317.0,16
1319.0,15
1321.0,16
1323.0,22
1325.0,29
1327.0,13
1329.0,21
1331.0,19
1333.0,16
1335.0,18
1337.0,23
1339.0,22
1341.0,28
1343.0,17
1345.0,20
1347.0,14
1349.0,23
1351.0,30
1353.0,15
1355.0,14
1357.0,24
1359.0,26
1361.0,20
1363.0,18
1365.0,15
1367.0,16
1369.0,16
1371.0,10
1373.0,16
1375.0,23
1377.0,22
1379.0,25
1381.0,23
1383.0,18
1385.0,31
1387.0,24
1389.0,20
1391.0,23
1393.0,28
1395.0,21
1397.0,19
1399.0,15
1401.0,25
1403.0,26
1405.0,29
1407.0,16
1409.0,18
1411.0,12
1413.0,12
1415.0,30
1417.0,21
1419.0,21
1421.0,23
1423.0,17
1425.0,17
1427.0,27
1429.0,18
1431.0,24
1433.0,18
1435.0,27
1437.0,23
1439.0,19
1441.0,20
1443.0,29
1445.0,22
1447.0,34
1449.0,28
1451.0,26
1453.0,26
1455.0,38
1457.0,34
1459.0,31
1461.0,18
1463.0,35
1465.0,28
1467.0,33
1469.0,37
1471.0,35
1473.0,39
1475.0,45
1477.0,38
1479.0,36
1481.0,45
1483.0,37
1485.0,35
1487.0,38
1489.0,36
1491.0,38
1493.0,34
1495.0,37
1497.0,37
1499.0,41
1501.0,41
1503.0,45
1505.0,34
1507.0,35
1509.0,39
1511.0,36
1513.0,29
1515.0,33
1517.0,44
1519.0,40
1521.0,30
1523.0,33
1525.0,41
1527.0,41
1529.0,36
1531.0,52
1533.0,50
1535.0,50
1537.0,49
1539.0,52
1541.0,43
1543.0,48
1545.0,53
1547.0,48
1549.0,54
1551.0,56
1553.0,68
1555.0,60
1557.0,90
1559.0,83
1561.0,68
1563.0,56
1565.0,73
1567.0,68
1569.0,56
1571.0,71
1573.0,66
1575.0,52
1577.0,55
1579.0,53
1581.0,62
1583.0,52
1585.0,47
1587.0,36
1589.0,37
1591.0,34
1593.0,35
1595.0,26
1597.0,25
1599.0,16
1601.0,23
1603.0,15
1605.0,24
1607.0,19
1609.0,33
1611.0,18
1613.0,22
1615.0,27
1617.0,21
1619.0,21
1621.0,27
1623.0,22
1625.0,26
1627.0,35
1629.0,44
1631.0,50
1633.0,36
1635.0,41
1637.0,48
1639.0,36
1641.0,46
1643.0,53
1645.0,36
1647.0,44
1649.0,31
1651.0,31
1653.0,22
1655.0,26
1657.0,27
1659.0,33
1661.0,35
1663.0,34
1665.0,41
1667.0,25
1669.0,47
1671.0,45
1673.0,40
1675.0,39
1677.0,40
1679.0,40
1681.0,60
1683.0,39
1685.0,48
1687.0,46
1689.0,38
1691.0,35
1693.0,37
1695.0,39
1697.0,41
1699.0,43
1701.0,39
1703.0,41
1705.0,37
1707.0,46
1709.0,51
1711.0,39
1713.0,53
1715.0,57
1717.0,44
1719.0,58
1721.0,93
1723.0,109
1725.0,127
1727.0,119
1729.0,103
1731.0,122
1733.0,113
1735.0,112
1737.0,118
1739.0,101
1741.0,87
1743.0,102
1745.0,102
1747.0,102
1749.0,109
1751.0,134
1753.0,129
1755.0,133
1757.0,143
1759.0,118
1761.0,133
1763.0,93
1765.0,76
1767.0,68
1769.0,47
1771.0,62
1773.0,49
1775.0,51
1777.0,58
1779.0,60
1781.0,64
1783.0,48
1785.0,51
1787.0,53
1789.0,42
1791.0,45
1793.0,42
1795.0,44
1797.0,36
1799.0,35
1801.0,32
1803.0,34
1805.0,43
1807.0,32
1809.0,38
1811.0,39
1813.0,43
1815.0,50
1817.0,49
1819.0,50
1821.0,44
1823.0,44
1825.0,51
1827.0,44
1829.0,49
1831.0,48
1833.0,37
1835.0,38
1837.0,35
1839.0,36
1841.0,34
1843.0,33
1845.0,38
1847.0,45
1849.0,73
1851.0,68
1853.0,62
1855.0,80
1857.0,76
1859.0,74
1861.0,80
1863.0,60
1865.0,69
1867.0,62
1869.0,62
1871.0,64
1873.0,49
1875.0,45
1877.0,45
1879.0,33
1881.0,39
1883.0,35
1885.0,44
1887.0,31
1889.0,36
1891.0,34
1893.0,51
1895.0,47
1897.0,45
1899.0,51
1901.0,49
1903.0,57
1905.0,52
1907.0,30
1909.0,43
1911.0,52
1913.0,38
1915.0,41
1917.0,56
1919.0,53
1921.0,54
1923.0,70
1925.0,87
1927.0,79
1929.0,73
1931.0,84
1933.0,93
1935.0,84
1937.0,65
1939.0,68
1941.0,53
1943.0,68
1945.0,48
1947.0,46
1949.0,41
1951.0,29
1953.0,30
1955.0,30
1957.0,38
1959.0,32
1961.0,31
1963.0,36
1965.0,43
1967.0,40
1969.0,52
1971.0,59
1973.0,67
1975.0,72
1977.0,74
1979.0,97
1981.0,89
1983.0,93
1985.0,92
1987.0,81
1989.0,68
1991.0,63
1993.0,53
1995.0,38
1997.0,28
1999.0,21
2001.0,17
2003.0,21
2005.0,22
2007.0,30
2009.0,32
2011.0,20
2013.0,18
2015.0,24
2017.0,14
2019.0,24
2021.0,18
2023.0,17
2025.0,25
2027.0,21
2029.0,17
2031.0,19
2033.0,16
2035.0,15
2037.0,23
2039.0,24
2041.0,30
2043.0,42
2045.0,39
2047.0,38
2049.0,55
2051.0,66
2053.0,65
2055.0,68
2057.0,70
2059.0,79
2061.0,88
2063.0,74
2065.0,96
2067.0,113
2069.0,134
2071.0,126
2073.0,138
2075.0,137
2077.0,109
2079.0,85
2081.0,97
2083.0,96
2085.0,73
2087.0,60
2089.0,43
2091.0,47
2093.0,40
2095.0,45
2097.0,39
2099.0,32
2101.0,24
2103.0,40
2105.0,36
2107.0,54
2109.0,59
2111.0,47
2113.0,23
2115.0,34
2117.0,34
2119.0,31
2121.0,29
2123.0,44
2125.0,66
2127.0,74
2129.0,86
2131.0,85
2133.0,103
2135.0,87
2137.0,97
2139.0,93
2141.0,102
2143.0,95
2145.0,60
2147.0,60
2149.0,54
2151.0,47
2153.0,42
2155.0,50
2157.0,34
2159.0,28
2161.0,42
2163.0,31
2165.0,26
2167.0,32
2169.0,45
2171.0,58
2173.0,53
2175.0,72
2177.0,80
2179.0,88
2181.0,107
2183.0,109
2185.0,119
2187.0,122
2189.0,109
2191.0,95
2193.0,110
2195.0,106
2197.0,86
2199.0,85
2201.0,78
2203.0,76
2205.0,67
2207.0,75
2209.0,42
2211.0,45
2213.0,39
2215.0,38
2217.0,50
2219.0,74
2221.0,88
2223.0,123
2225.0,139
2227.0,150
2229.0,108
2231.0,93
2233.0,98
2235.0,71
2237.0,72
2239.0,81
2241.0,73
2243.0,81
2245.0,76
2247.0,64
2249.0,61
2251.0,57
2253.0,59
2255.0,62
2257.0,53
2259.0,57
2261.0,55
2263.0,64
2265.0,62
2267.0,82
2269.0,76
2271.0,58
2273.0,44
2275.0,55
2277.0,53
2279.0,51
2281.0,36
2283.0,35
2285.0,39
2287.0,30
2289.0,38
2291.0,44
2293.0,31
2295.0,42
2297.0,55
2299.0,44
2301.0,41
2303.0,23
2305.0,38
2307.0,51
2309.0,35
2311.0,39
2313.0,42
2315.0,38
2317.0,39
2319.0,30
2321.0,46
2323.0,54
2325.0,42
2327.0,36
2329.0,39
2331.0,31
2333.0,34
2335.0,41
2337.0,38
2339.0,40
2341.0,52
2343.0,85
2345.0,114
2347.0,80
2349.0,82
2351.0,79
2353.0,74
2355.0,78
2357.0,62
2359.0,58
2361.0,70
2363.0,51
2365.0,56
2367.0,47
2369.0,46
2371.0,55
2373.0,49
2375.0,62
2377.0,51
2379.0,61
2381.0,60
2383.0,57
2385.0,69
2387.0,65
2389.0,55
2391.0,60
2393.0,64
2395.0,35
2397.0,48
2399.0,41
2401.0,28
2403.0,32
2405.0,46
2407.0,46
2409.0,42
2411.0,54
2413.0,44
2415.0,45
2417.0,37
2419.0,51
2421.0,42
2423.0,25
2425.0,37
2427.0,24
2429.0,57
2431.0,54
2433.0,32
2435.0,37
2437.0,54
2439.0,62
2441.0,58
2443.0,46
2445.0,33
2447.0,41
2449.0,36
2451.0,49
2453.0,35
2455.0,33
2457.0,52
2459.0,72
2461.0,78
2463.0,69
2465.0,27
2467.0,34
2469.0,40
2471.0,39
2473.0,39
2475.0,32
2477.0,38
2479.0,27
2481.0,35
2483.0,38
2485.0,50
2487.0,46
2489.0,46
2491.0,68
2493.0,55
2495.0,41
2497.0,35
2499.0,35
2501.0,33
2503.0,36
2505.0,33
2507.0,21
2509.0,31
2511.0,26
2513.0,24
2515.0,37
2517.0,33
2519.0,41
2521.0,39
2523.0,47
2525.0,63
2527.0,58
2529.0,53
2531.0,77
2533.0,74
2535.0,60
2537.0,64
2539.0,66
2541.0,48
2543.0,53
2545.0,53
2547.0,50
2549.0,40
2551.0,43
2553.0,37
2555.0,40
2557.0,33
2559.0,25
2561.0,24
2563.0,38
2565.0,23
2567.0,28
2569.0,27
2571.0,24
2573.0,35
2575.0,29
2577.0,28
2579.0,31
2581.0,51
2583.0,48
2585.0,44
2587.0,52
2589.0,64
2591.0,45
2593.0,50
2595.0,49
2597.0,32
2599.0,31
2601.0,46
2603.0,49
2605.0,43
2607.0,35
2609.0,32
2611.0,37
2613.0,38
2615.0,40
2617.0,61
2619.0,67
2621.0,73
2623.0,79
2625.0,44
2627.0,53
2629.0,60
2631.0,65
2633.0,57
2635.0,54
2637.0,42
2639.0,33
2641.0,39
2643.0,37
2645.0,41
2647.0,50
2649.0,33
2651.0,42
2653.0,26
2655.0,44
2657.0,47
2659.0,46
2661.0,40
2663.0,38
2665.0,29
2667.0,36
2669.0,32
2671.0,35
2673.0,60
2675.0,60
2677.0,51
2679.0,41
2681.0,29
2683.0,27
2685.0,30
2687.0,23
2689.0,36
2691.0,19
2693.0,23
2695.0,15
2697.0,27
2699.0,34
2701.0,32
2703.0,32
2705.0,28
2707.0,26
2709.0,52
2711.0,48
2713.0,39
2715.0,23
2717.0,31
2719.0,55
2721.0,56
2723.0,32
2725.0,28
2727.0,51
2729.0,47
2731.0,40
2733.0,18
2735.0,21
2737.0,25
2739.0,24
2741.0,27
2743.0,22
2745.0,27
2747.0,24
2749.0,33
2751.0,36
2753.0,23
2755.0,41
2757.0,39
2759.0,24
2761.0,36
2763.0,26
2765.0,26
2767.0,34
2769.0,39
2771.0,57
2773.0,46
2775.0,28
2777.0,26
2779.0,22
2781.0,21
2783.0,32
2785.0,48
2787.0,48
2789.0,45
2791.0,47
2793.0,49
2795.0,41
2797.0,42
2799.0,41
2801.0,40
2803.0,39
2805.0,39
2807.0,27
2809.0,33
2811.0,27
2813.0,19
2815.0,25
2817.0,25
2819.0,43
2821.0,36
2823.0,29
2825.0,23
2827.0,24
2829.0,36
2831.0,55
2833.0,53
2835.0,49
2837.0,68
2839.0,66
2841.0,46
2843.0,41
2845.0,38
2847.0,31
2849.0,33
2851.0,44
2853.0,60
2855.0,51
2857.0,48
2859.0,25
2861.0,19
2863.0,16
2865.0,24
2867.0,25
2869.0,26
2871.0,20
2873.0,23
2875.0,36
2877.0,50
2879.0,54
2881.0,61
2883.0,53
2885.0,51
2887.0,50
2889.0,51
2891.0,54
2893.0,48
2895.0,25
2897.0,32
2899.0,40
2901.0,50
2903.0,62
2905.0,59
2907.0,53
2909.0,43
2911.0,37
2913.0,32
2915.0,15
2917.0,29
2919.0,26
2921.0,33
2923.0,45
2925.0,58
2927.0,56
2929.0,42
2931.0,37
2933.0,38
2935.0,34
2937.0,54
2939.0,58
2941.0,56
2943.0,82
2945.0,66
2947.0,58
2949.0,45
2951.0,51
2953.0,40
2955.0,63
2957.0,69
2959.0,103
2961.0,123
2963.0,91
2965.0,56
2967.0,44
2969.0,42
2971.0,35
2973.0,45
2975.0,39
2977.0,35
2979.0,37
2981.0,51
2983.0,47
2985.0,41
2987.0,36
2989.0,27
2991.0,31
2993.0,39
2995.0,48
2997.0,59
2999.0,55
3001.0,41
3003.0,40
3005.0,52
3007.0,49
3009.0,65
3011.0,55
3013.0,80
3015.0,90
3017.0,66
3019.0,50
3021.0,34
3023.0,24
3025.0,18
3027.0,13
3029.0,26
3031.0,36
3033.0,35
3035.0,37
3037.0,43
3039.0,37
3041.0,36
3043.0,51
3045.0,63
3047.0,49
3049.0,46
3051.0,37
3053.0,45
3055.0,45
3057.0,42
3059.0,51
3061.0,56
3063.0,43
3065.0,37
3067.0,51
3069.0,59
3071.0,60
3073.0,43
3075.0,38
3077.0,15
3079.0,31
3081.0,24
3083.0,29
3085.0,35
3087.0,34
3089.0,38
3091.0,44
3093.0,30
3095.0,39
3097.0,35
3099.0,38
3101.0,58
3103.0,61
3105.0,63
3107.0,60
3109.0,38
3111.0,37
3113.0,50
3115.0,40
3117.0,42
3119.0,66
3121.0,57
3123.0,46
3125.0,50
3127.0,36
3129.0,32
3131.0,29
3133.0,22
3135.0,22
3137.0,16
3139.0,30
3141.0,40
3143.0,35
3145.0,40
3147.0,40
3149.0,54
3151.0,42
3153.0,40
3155.0,48
3157.0,46
3159.0,35
3161.0,28
3163.0,30
3165.0,27
3167.0,39
3169.0,31
3171.0,39
3173.0,52
3175.0,70
3177.0,68
3179.0,56
3181.0,79
3183.0,39
3185.0,27
3187.0,27
3189.0,16
3191.0,24
3193.0,28
3195.0,31
3197.0,47
3199.0,46
3201.0,33
3203.0,27
3205.0,19
3207.0,18
3209.0,32
3211.0,37
3213.0,40
3215.0,39
3217.0,46
3219.0,49
3221.0,35
3223.0,39
3225.0,45
3227.0,67
3229.0,69
3231.0,53
3233.0,46
3235.0,41
3237.0,28
3239.0,39
3241.0,28
3243.0,26
3245.0,30
3247.0,34
3249.0,24
3251.0,17
3253.0,25
3255.0,23
3257.0,19
3259.0,29
3261.0,19
3263.0,38
3265.0,31
3267.0,38
3269.0,31
3271.0,47
3273.0,44
3275.0,42
3277.0,49
3279.0,44
3281.0,71
3283.0,67
3285.0,56
3287.0,35
3289.0,25
3291.0,24
3293.0,33
3295.0,29
3297.0,33
3299.0,25
3301.0,33
3303.0,23
3305.0,45
3307.0,41
3309.0,28
3311.0,30
3313.0,34
3315.0,20
3317.0,28
3319.0,36
3321.0,28
3323.0,36
3325.0,30
3327.0,39
3329.0,52
3331.0,47
3333.0,54
3335.0,62
3337.0,75
3339.0,76
3341.0,55
3343.0,46
3345.0,33
3347.0,36
3349.0,33
3351.0,16
3353.0,21
3355.0,25
3357.0,22
3359.0,22
3361.0,30
3363.0,25
3365.0,22
3367.0,26
3369.0,40
3371.0,56
3373.0,37
3375.0,40
3377.0,23
3379.0,21
3381.0,47
3383.0,47
3385.0,51
3387.0,49
3389.0,62
3391.0,54
3393.0,65
3395.0,41
3397.0,32
3399.0,39
3401.0,30
3403.0,26
3405.0,43
3407.0,36
3409.0,26
3411.0,25
3413.0,35
3415.0,45
3417.0,75
3419.0,88
3421.0,49
3423.0,25
3425.0,30
3427.0,23
3429.0,25
3431.0,30
3433.0,28
3435.0,55
3437.0,56
3439.0,57
3441.0,34
3443.0,17
3445.0,34
3447.0,24
3449.0,16
3451.0,22
3453.0,20
3455.0,24
3457.0,30
3459.0,43
3461.0,43
3463.0,40
3465.0,43
3467.0,48
3469.0,35
3471.0,45
3473.0,55
3475.0,48
3477.0,38
3479.0,32
3481.0,22
3483.0,24
3485.0,30
3487.0,22
3489.0,23
3491.0,31
3493.0,32
3495.0,32
3497.0,37
3499.0,23
3501.0,18
3503.0,43
3505.0,37
3507.0,26
3509.0,23
3511.0,25
3513.0,25
3515.0,30
3517.0,25
3519.0,27
3521.0,27
3523.0,19
3525.0,23
3527.0,27
3529.0,35
3531.0,29
3533.0,25
3535.0,29
3537.0,24
3539.0,33
3541.0,26
3543.0,25
3545.0,17
3547.0,22
3549.0,17
3551.0,21
3553.0,28
3555.0,21
3557.0,24
3559.0,30
3561.0,18
3563.0,26
3565.0,40
3567.0,37
3569.0,45
3571.0,42
3573.0,38
3575.0,26
3577.0,32
3579.0,24
3581.0,24
3583.0,39
3585.0,44
3587.0,43
3589.0,38
3591.0,40
3593.0,37
3595.0,14
3597.0,16
3599.0,18
3601.0,10
3603.0,14
3605.0,20
3607.0,6
3609.0,15
3611.0,28
3613.0,29
3615.0,37
3617.0,64
3619.0,91
3621.0,79
3623.0,51
3625.0,67
3627.0,49
3629.0,30
3631.0,30
3633.0,20
3635.0,18
3637.0,15
3639.0,22
3641.0,20
3643.0,16
3645.0,18
3647.0,14
3649.0,12
3651.0,13
3653.0,7
3655.0,15
3657.0,9
3659.0,18
3661.0,23
3663.0,35
3665.0,24
3667.0,60
3669.0,54
3671.0,39
3673.0,45
3675.0,26
3677.0,24
3679.0,17
3681.0,14
3683.0,26
3685.0,35
3687.0,31
3689.0,14
3691.0,15
3693.0,12
3695.0,26
3697.0,25
3699.0,19
3701.0,22
3703.0,15
3705.0,15
3707.0,37
3709.0,48
3711.0,53
3713.0,53
3715.0,39
3717.0,10
3719.0,13
3721.0,9
3723.0,18
3725.0,9
3727.0,13
3729.0,15
3731.0,20
3733.0,26
3735.0,27
3737.0,17
3739.0,18
3741.0,17
3743.0,22
3745.0,20
3747.0,31
3749.0,23
3751.0,18
3753.0,21
3755.0,19
3757.0,22
3759.0,38
3761.0,31
3763.0,26
3765.0,21
3767.0,20
3769.0,15
3771.0,18
3773.0,18
3775.0,9
3777.0,17
3779.0,10
3781.0,10
3783.0,18
3785.0,26
3787.0,39
3789.0,25
3791.0,27
3793.0,18
3795.0,18
3797.0,20
3799.0,30
3801.0,44
3803.0,51
3805.0,38
3807.0,18
3809.0,15
3811.0,17
3813.0,18
3815.0,12
3817.0,12
3819.0,9
3821.0,16
3823.0,5
3825.0,11
3827.0,25
3829.0,17
3831.0,20
3833.0,14
3835.0,22
3837.0,27
3839.0,20
3841.0,22
3843.0,18
3845.0,17
3847.0,21
3849.0,19
3851.0,15
3853.0,13
3855.0,10
3857.0,12
3859.0,13
3861.0,20
3863.0,12
3865.0,14
3867.0,14
3869.0,10
3871.0,19
3873.0,9
3875.0,16
3877.0,20
3879.0,20
3881.0,10
3883.0,11
3885.0,12
3887.0,10
3889.0,6
3891.0,16
3893.0,13
3895.0,25
3897.0,23
3899.0,40
3901.0,36
3903.0,23
3905.0,18
3907.0,9
3909.0,7
3911.0,7
3913.0,14
3915.0,14
3917.0,13
3919.0,15
3921.0,10
3923.0,7
3925.0,11
3927.0,12
3929.0,9
3931.0,14
3933.0,13
3935.0,9
3937.0,12
3939.0,8
3941.0,13
3943.0,18
3945.0,9
3947.0,12
3949.0,8
3951.0,5
3953.0,10
3955.0,17
3957.0,26
3959.0,17
3961.0,36
3963.0,39
3965.0,22
3967.0,9
3969.0,14
3971.0,5
3973.0,3
3975.0,22
3977.0,12
3979.0,8
3981.0,15
3983.0,11
3985.0,4
3987.0,5
3989.0,4
3991.0,5
3993.0,2
3995.0,3
3997.0,6
3999.0,9
4001.0,8
4003.0,7
4005.0,8
4007.0,9
4009.0,9
4011.0,10
4013.0,10
4015.0,6
4017.0,5
4019.0,6
4021.0,8
4023.0,15
4025.0,11
4027.0,12
4029.0,7
4031.0,17
4033.0,7
4035.0,12
4037.0,9
4039.0,9
4041.0,16
4043.0,14
4045.0,16
4047.0,11
4049.0,4
4051.0,6
4053.0,6
4055.0,7
4057.0,2
4059.0,4
4061.0,5
4063.0,7
4065.0,11
4067.0,12
4069.0,8
4071.0,4
4073.0,3
4075.0,2
4077.0,10
4079.0,12
4081.0,19
4083.0,16
4085.0,18
4087.0,6
4089.0,5
4091.0,5
4093.0,10
4095.0,10
4097.0,5
4099.0,4
4101.0,9
4103.0,12
4105.0,7
4107.0,6
4109.0,13
4111.0,5
4113.0,10
4115.0,17
4117.0,6
4119.0,20
4121.0,22
4123.0,12
4125.0,7
4127.0,14
4129.0,5
4131.0,10
4133.0,8
4135.0,16
4137.0,11
4139.0,9
4141.0,8
4143.0,11
4145.0,7
4147.0,6
4149.0,8
4151.0,5
4153.0,1
4155.0,6
4157.0,12
4159.0,10
4161.0,5
4163.0,8
4165.0,8
4167.0,7
4169.0,3
4171.0,7
4173.0,5
4175.0,5
4177.0,8
4179.0,9
4181.0,9
4183.0,4
4185.0,5
4187.0,4
4189.0,8
4191.0,4
4193.0,10
4195.0,12
4197.0,6
4199.0,24
4201.0,10
4203.0,18
4205.0,10
4207.0,14
4209.0,12
4211.0,11
4213.0,10
4215.0,11
4217.0,9
4219.0,6
4221.0,16
4223.0,5
4225.0,10
4227.0,13
4229.0,7
4231.0,10
4233.0,10
4235.0,6
4237.0,3
4239.0,7
4241.0,4
4243.0,3
4245.0,6
4247.0,1
4249.0,3
4251.0,10
4253.0,7
4255.0,20
4257.0,16
4259.0,12
4261.0,8
4263.0,4
4265.0,7
4267.0,6
4269.0,8
4271.0,10
4273.0,15
4275.0,16
4277.0,14
4279.0,3
4281.0,8
4283.0,18
4285.0,10
4287.0,9
4289.0,7
4291.0,12
4293.0,12
4295.0,13
4297.0,14
4299.0,19
4301.0,6
4303.0,6
4305.0,5
4307.0,5
4309.0,11
4311.0,6
4313.0,7
4315.0,10
4317.0,10
4319.0,16
4321.0,14
4323.0,17
4325.0,12
4327.0,8
4329.0,6
4331.0,4
4333.0,9
4335.0,6
4337.0,11
4339.0,12
4341.0,21
4343.0,33
4345.0,22
4347.0,22
4349.0,6
4351.0,9
4353.0,12
4355.0,6
4357.0,5
4359.0,3
4361.0,9
4363.0,11
4365.0,12
4367.0,8
4369.0,11
4371.0,6
4373.0,8
4375.0,7
4377.0,10
4379.0,7
4381.0,6
4383.0,11
4385.0,9
4387.0,17
4389.0,11
4391.0,14
4393.0,20
4395.0,12
4397.0,14
4399.0,6
4401.0,4
4403.0,10
4405.0,7
4407.0,9
4409.0,19
4411.0,30
4413.0,26
4415.0,21
4417.0,7
4419.0,14
4421.0,11
4423.0,5
4425.0,13
4427.0,6
4429.0,9
4431.0,5
4433.0,8
4435.0,6
4437.0,6
4439.0,3
4441.0,2
4443.0,8
4445.0,8
4447.0,5
4449.0,4
4451.0,6
4453.0,6
4455.0,6
4457.0,13
4459.0,11
4461.0,14
4463.0,8
4465.0,16
4467.0,19
4469.0,26
4471.0,15
4473.0,20
4475.0,9
4477.0,6
4479.0,7
4481.0,7
4483.0,8
4485.0,8
4487.0,4
4489.0,11
4491.0,10
4493.0,10
4495.0,10
4497.0,20
4499.0,14
4501.0,20
4503.0,16
4505.0,21
4507.0,22
4509.0,8
4511.0,10
4513.0,11
4515.0,15
4517.0,16
4519.0,15
4521.0,17
4523.0,7
4525.0,9
4527.0,3
4529.0,11
4531.0,8
4533.0,4
4535.0,5
4537.0,7
4539.0,8
4541.0,7
4543.0,17
4545.0,17
4547.0,24
4549.0,18
4551.0,13
4553.0,16
4555.0,9
4557.0,7
4559.0,16
4561.0,8
4563.0,21
4565.0,13
4567.0,16
4569.0,10
4571.0,9
4573.0,6
4575.0,1
4577.0,5
4579.0,6
4581.0,10
4583.0,7
4585.0,12
4587.0,8
4589.0,11
4591.0,12
4593.0,11
4595.0,6
4597.0,3
4599.0,13
4601.0,6
4603.0,12
4605.0,24
4607.0,32
4609.0,35
4611.0,17
4613.0,11
4615.0,8
4617.0,5
4619.0,4
4621.0,4
4623.0,5
4625.0,3
4627.0,1
4629.0,5
4631.0,3
4633.0,9
4635.0,7
4637.0,6
4639.0,3
4641.0,4
4643.0,6
4645.0,8
4647.0,4
4649.0,6
4651.0,8
4653.0,15
4655.0,30
4657.0,28
4659.0,24
4661.0,12
4663.0,9
4665.0,6
4667.0,2
4669.0,5
4671.0,3
4673.0,4
4675.0,7
4677.0,5
4679.0,3
4681.0,6
4683.0,6
4685.0,6
4687.0,5
4689.0,4
4691.0,8
4693.0,7
4695.0,4
4697.0,4
4699.0,5
4701.0,3
4703.0,2
4705.0,8
4707.0,12
4709.0,8
4711.0,8
4713.0,7
4715.0,9
4717.0,7
4719.0,9
4721.0,3
4723.0,4
4725.0,1
4727.0,3
4729.0,7
4731.0,3
4733.0,3
4735.0,9
4737.0,5
4739.0,7
4741.0,11
4743.0,8
4745.0,2
4747.0,5
4749.0,2
4751.0,7
4753.0,2
4755.0,6
4757.0,12
4759.0,10
4761.0,7
4763.0,6
4765.0,8
4767.0,8
4769.0,7
4771.0,8
4773.0,4
4775.0,3
4777.0,12
4779.0,6
4781.0,2
4783.0,9
4785.0,1
4787.0,5
4789.0,5
4791.0,5
4793.0,8
4795.0,5
4797.0,6
4799.0,5
4801.0,2
4803.0,4
4805.0,3
4807.0,7
4809.0,1
4811.0,4
4813.0,6
4815.0,3
4817.0,7
4819.0,7
4821.0,9
4823.0,11
4825.0,5
4827.0,2
4829.0,4
4831.0,7
4833.0,3
4835.0,3
4837.0,5
4839.0,5
4841.0,5
4843.0,4
4845.0,4
4847.0,4
4849.0,9
4851.0,8
4853.0,7
4855.0,12
4857.0,6
4859.0,8
4861.0,3
4863.0,3
4865.0,2
4867.0,3
4869.0,5
4871.0,1
4873.0,5
4875.0,4
4877.0,6
4879.0,6
4881.0,4
4883.0,3
4885.0,3
4887.0,3
4889.0,1
4891.0,0
4893.0,3
4895.0,6
4897.0,2
4899.0,3
4901.0,8
4903.0,1
4905.0,3
4907.0,4
4909.0,5
4911.0,7
4913.0,8
4915.0,4
4917.0,6
4919.0,10
4921.0,8
4923.0,5
4925.0,5
4927.0,7
4929.0,6
4931.0,4
4933.0,4
4935.0,12
4937.0,10
4939.0,17
4941.0,8
4943.0,5
4945.0,4
4947.0,4
4949.0,6
4951.0,4
4953.0,4
4955.0,4
4957.0,5
4959.0,4
4961.0,6
4963.0,7
4965.0,3
4967.0,2
4969.0,5
4971.0,4
4973.0,2
4975.0,3
4977.0,2
4979.0,4
4981.0,4
4983.0,0
4985.0,4
4987.0,3
4989.0,5
4991.0,6
4993.0,1
4995.0,4
4997.0,4
4999.0,3
5001.0,4
5003.0,9
5005.0,2
5007.0,3
5009.0,6
5011.0,6
5013.0,5
5015.0,7
5017.0,5
5019.0,4
5021.0,8
5023.0,11
5025.0,4
5027.0,6
5029.0,4
5031.0,4
5033.0,4
5035.0,4
5037.0,15
5039.0,8
5041.0,8
5043.0,7
5045.0,2
5047.0,7
5049.0,6
5051.0,5
5053.0,1
5055.0,12
5057.0,1
5059.0,10
5061.0,6
5063.0,7
5065.0,5
5067.0,4
5069.0,4
5071.0,5
5073.0,7
5075.0,5
5077.0,3
5079.0,3
5081.0,3
5083.0,4
5085.0,6
5087.0,2
5089.0,2
5091.0,5
5093.0,4
5095.0,1
5097.0,5
5099.0,1
5101.0,8
5103.0,7
5105.0,4
5107.0,13
5109.0,7
5111.0,3
5113.0,6
5115.0,6
5117.0,5
5119.0,4
5121.0,10
5123.0,7
5125.0,6
5127.0,5
5129.0,1
5131.0,3
5133.0,6
5135.0,9
5137.0,8
5139.0,11
5141.0,3
5143.0,3
5145.0,3
5147.0,6
5149.0,2
5151.0,10
5153.0,9
5155.0,3
5157.0,3
5159.0,1
5161.0,10
5163.0,7
5165.0,2
5167.0,11
5169.0,5
5171.0,3
5173.0,5
5175.0,6
5177.0,4
5179.0,4
5181.0,9
5183.0,9
5185.0,4
5187.0,2
5189.0,1
5191.0,3
5193.0,5
5195.0,4
5197.0,3
5199.0,6
5201.0,4
5203.0,6
5205.0,7
5207.0,6
5209.0,4
5211.0,5
5213.0,8
5215.0,6
5217.0,9
5219.0,5
5221.0,4
5223.0,7
5225.0,4
5227.0,5
5229.0,9
5231.0,7
5233.0,9
5235.0,5
5237.0,3
5239.0,7
5241.0,4
5243.0,12
5245.0,7
5247.0,7
5249.0,13
5251.0,9
5253.0,7
5255.0,7
5257.0,8
5259.0,9
5261.0,9
5263.0,7
5265.0,6
5267.0,5
5269.0,4
5271.0,5
5273.0,5
5275.0,7
5277.0,2
5279.0,8
5281.0,4
5283.0,5
5285.0,6
5287.0,3
5289.0,3
5291.0,6
5293.0,7
5295.0,11
5297.0,12
5299.0,7
5301.0,4
5303.0,7
5305.0,5
5307.0,6
5309.0,5
5311.0,4
5313.0,8
5315.0,6
5317.0,5
5319.0,4
5321.0,4
5323.0,3
5325.0,4
5327.0,4
5329.0,3
5331.0,6
5333.0,4
5335.0,2
5337.0,3
5339.0,11
5341.0,9
5343.0,10
5345.0,4
5347.0,4
5349.0,3
5351.0,0
5353.0,4
5355.0,4
5357.0,9
5359.0,9
5361.0,2
5363.0,3
5365.0,5
5367.0,5
5369.0,2
5371.0,3
5373.0,4
5375.0,4
5377.0,4
5379.0,2
5381.0,1
5383.0,9
5385.0,8
5387.0,5
5389.0,2
5391.0,4
5393.0,12
5395.0,8
5397.0,4
5399.0,7
5401.0,4
5403.0,4
5405.0,5
5407.0,9
5409.0,7
5411.0,2
5413.0,4
5415.0,5
5417.0,4
5419.0,1
5421.0,1
5423.0,6
5425.0,6
5427.0,3
5429.0,0
5431.0,4
5433.0,6
5435.0,4
5437.0,4
5439.0,3
5441.0,2
5443.0,5
5445.0,0
5447.0,2
5449.0,2
5451.0,3
5453.0,5
5455.0,6
5457.0,1
5459.0,2
5461.0,1
5463.0,5
5465.0,3
5467.0,6
5469.0,7
5471.0,4
5473.0,4
5475.0,9
5477.0,0
5479.0,3
5481.0,4
5483.0,5
5485.0,1
5487.0,5
5489.0,1
5491.0,11
5493.0,2
5495.0,4
5497.0,6
5499.0,6
5501.0,7
5503.0,0
5505.0,7
5507.0,7
5509.0,4
5511.0,7
5513.0,8
5515.0,8
5517.0,4
5519.0,4
5521.0,1
5523.0,2
5525.0,3
5527.0,4
5529.0,5
5531.0,0
5533.0,3
5535.0,3
5537.0,4
5539.0,4
5541.0,9
5543.0,5
5545.0,5
5547.0,4
5549.0,5
5551.0,3
5553.0,3
5555.0,4
5557.0,2
5559.0,5
5561.0,2
5563.0,4
5565.0,4
5567.0,3
5569.0,3
5571.0,1
5573.0,0
5575.0,2
5577.0,2
5579.0,3
5581.0,5
5583.0,9
5585.0,2
5587.0,2
5589.0,5
5591.0,3
5593.0,1
5595.0,0
5597.0,1
5599.0,1
5601.0,4
5603.0,2
5605.0,3
5607.0,4
5609.0,2
5611.0,2
5613.0,5
5615.0,4
5617.0,3
5619.0,5
5621.0,6
5623.0,7
5625.0,5
5627.0,5
5629.0,4
5631.0,6
5633.0,9
5635.0,5
5637.0,2
5639.0,4
5641.0,3
5643.0,3
5645.0,2
5647.0,7
5649.0,2
5651.0,4
5653.0,3
5655.0,1
5657.0,4
5659.0,2
5661.0,2
5663.0,5
5665.0,5
5667.0,2
5669.0,3
5671.0,4
5673.0,4
5675.0,4
5677.0,6
5679.0,3
5681.0,4
5683.0,0
5685.0,9
5687.0,6
5689.0,3
5691.0,2
5693.0,4
5695.0,5
5697.0,4
5699.0,4
5701.0,2
5703.0,2
5705.0,1
5707.0,0
5709.0,2
5711.0,2
5713.0,6
5715.0,7
5717.0,4
5719.0,3
5721.0,3
5723.0,3
5725.0,2
5727.0,1
5729.0,1
5731.0,5
5733.0,3
5735.0,2
5737.0,8
5739.0,4
5741.0,6
5743.0,8
5745.0,4
5747.0,2
5749.0,3
5751.0,0
5753.0,6
5755.0,7
5757.0,6
5759.0,4
5761.0,2
5763.0,2
5765.0,7
5767.0,6
5769.0,7
5771.0,7
5773.0,5
5775.0,4
5777.0,3
5779.0,0
5781.0,1
5783.0,1
5785.0,0
5787.0,1
5789.0,2
5791.0,2
5793.0,0
5795.0,3
5797.0,4
5799.0,2
5801.0,1
5803.0,4
5805.0,3
5807.0,3
5809.0,1
5811.0,6
5813.0,7
5815.0,1
5817.0,2
5819.0,3
5821.0,2
5823.0,1
5825.0,3
5827.0,2
5829.0,0
5831.0,1
5833.0,1
5835.0,2
5837.0,2
5839.0,4
5841.0,1
5843.0,3
5845.0,2
5847.0,2
5849.0,2
5851.0,6
5853.0,1
5855.0,6
5857.0,2
5859.0,3
5861.0,2
5863.0,1
5865.0,4
5867.0,5
5869.0,1
5871.0,8
5873.0,5
5875.0,5
5877.0,2
5879.0,3
5881.0,1
5883.0,3
5885.0,2
5887.0,0
5889.0,1
5891.0,1
5893.0,3
5895.0,1
5897.0,4
5899.0,3
5901.0,4
5903.0,0
5905.0,0
5907.0,5
5909.0,1
5911.0,2
5913.0,4
5915.0,1
5917.0,2
5919.0,4
5921.0,4
5923.0,5
5925.0,2
5927.0,6
5929.0,0
5931.0,5
5933.0,4
5935.0,2
5937.0,3
5939.0,2
5941.0,2
5943.0,2
5945.0,2
5947.0,2
5949.0,1
5951.0,1
5953.0,4
5955.0,2
5957.0,3
5959.0,1
5961.0,4
5963.0,2
5965.0,0
5967.0,4
5969.0,6
5971.0,0
5973.0,2
5975.0,3
5977.0,4
5979.0,4
5981.0,0
5983.0,7
5985.0,5
5987.0,2
5989.0,2
5991.0,1
5993.0,5
5995.0,3
5997.0,7
5999.0,5
6001.0,3
6003.0,5
6005.0,4
6007.0,7
6009.0,3
6011.0,2
6013.0,1
6015.0,2
6017.0,0
6019.0,1
6021.0,3
6023.0,1
6025.0,2
6027.0,3
6029.0,1
6031.0,5
6033.0,1
6035.0,8
6037.0,8
6039.0,3
6041.0,3
6043.0,0
6045.0,3
6047.0,2
6049.0,2
6051.0,0
6053.0,1
6055.0,1
6057.0,0
6059.0,2
6061.0,2
6063.0,2
6065.0,2
6067.0,1
6069.0,2
6071.0,1
6073.0,2
6075.0,0
6077.0,2
6079.0,3
6081.0,2
6083.0,2
6085.0,4
6087.0,1
6089.0,1
6091.0,0
6093.0,0
6095.0,3
6097.0,3
6099.0,5
6101.0,4
6103.0,2
6105.0,3
6107.0,3
6109.0,3
6111.0,6
6113.0,0
6115.0,3
6117.0,1
6119.0,1
6121.0,2
6123.0,0
6125.0,3
6127.0,2
6129.0,7
6131.0,2
6133.0,1
6135.0,4
6137.0,2
6139.0,5
6141.0,6
6143.0,3
6145.0,1
6147.0,1
6149.0,4
6151.0,3
6153.0,2
6155.0,2
6157.0,2
6159.0,1
6161.0,2
6163.0,2
6165.0,3
6167.0,3
6169.0,4
6171.0,4
6173.0,4
6175.0,2
6177.0,2
6179.0,0
6181.0,2
6183.0,2
6185.0,6
6187.0,4
6189.0,5
6191.0,2
6193.0,1
6195.0,1
6197.0,3
6199.0,4
6201.0,4
6203.0,2
6205.0,1
6207.0,3
6209.0,2
6211.0,0
6213.0,4
6215.0,3
6217.0,3
6219.0,2
6221.0,1
6223.0,1
6225.0,2
6227.0,2
6229.0,2
6231.0,2
6233.0,2
6235.0,1
6237.0,2
6239.0,4
6241.0,2
6243.0,3
6245.0,2
6247.0,5
6249.0,1
6251.0,2
6253.0,3
6255.0,0
6257.0,0
6259.0,0
6261.0,4
6263.0,1
6265.0,4
6267.0,4
6269.0,3
6271.0,5
6273.0,2
6275.0,4
6277.0,1
6279.0,1
6281.0,1
6283.0,2
6285.0,1
6287.0,1
6289.0,0
6291.0,1
6293.0,1
6295.0,0
6297.0,2
6299.0,0
6301.0,2
6303.0,2
6305.0,2
6307.0,5
6309.0,7
6311.0,3
6313.0,4
6315.0,7
6317.0,1
6319.0,1
6321.0,2
6323.0,1
6325.0,2
6327.0,3
6329.0,2
6331.0,0
6333.0,3
6335.0,2
6337.0,2
6339.0,4
6341.0,0
6343.0,2
6345.0,4
6347.0,0
6349.0,2
6351.0,1
6353.0,4
6355.0,2
6357.0,1
6359.0,0
6361.0,2
6363.0,1
6365.0,3
6367.0,3
6369.0,0
6371.0,2
6373.0,0
6375.0,0
6377.0,2
6379.0,3
6381.0,3
6383.0,1
6385.0,1
6387.0,1
6389.0,0
6391.0,1
6393.0,3
6395.0,2
6397.0,3
6399.0,3
6401.0,4
6403.0,2
6405.0,4
6407.0,2
6409.0,3
6411.0,3
6413.0,0
6415.0,0
6417.0,2
6419.0,5
6421.0,6
6423.0,1
6425.0,2
6427.0,0
6429.0,5
6431.0,3
6433.0,0
6435.0,5
6437.0,0
6439.0,2
6441.0,1
6443.0,1
6445.0,2
6447.0,0
6449.0,1
6451.0,0
6453.0,0
6455.0,4
6457.0,1
6459.0,2
6461.0,2
6463.0,0
6465.0,5
6467.0,5
6469.0,4
6471.0,1
6473.0,1
6475.0,1
6477.0,0
6479.0,2
6481.0,0
6483.0,2
6485.0,0
6487.0,4
6489.0,0
6491.0,2
6493.0,1
6495.0,2
6497.0,0
6499.0,3
6501.0,0
6503.0,1
6505.0,1
6507.0,2
6509.0,1
6511.0,0
6513.0,2
6515.0,4
6517.0,1
6519.0,3
6521.0,2
6523.0,3
6525.0,6
6527.0,5
6529.0,2
6531.0,3
6533.0,4
6535.0,2
6537.0,4
6539.0,4
6541.0,2
6543.0,2
6545.0,2
6547.0,0
6549.0,0
6551.0,0
6553.0,2
6555.0,1
6557.0,0
6559.0,1
6561.0,2
6563.0,3
6565.0,0
6567.0,2
6569.0,1
6571.0,2
6573.0,3
6575.0,0
6577.0,2
6579.0,2
6581.0,0
6583.0,4
6585.0,4
6587.0,3
6589.0,4
6591.0,0
6593.0,2
6595.0,3
6597.0,1
6599.0,1
6601.0,4
6603.0,0
6605.0,2
6607.0,0
6609.0,4
6611.0,1
6613.0,1
6615.0,1
6617.0,0
6619.0,0
6621.0,2
6623.0,2
6625.0,0
6627.0,2
6629.0,1
6631.0,2
6633.0,2
6635.0,2
6637.0,2
6639.0,2
6641.0,2
6643.0,2
6645.0,0
6647.0,1
6649.0,1
6651.0,2
6653.0,2
6655.0,1
6657.0,0
6659.0,1
6661.0,2
6663.0,4
6665.0,2
6667.0,4
6669.0,2
6671.0,4
6673.0,2
6675.0,0
6677.0,0
6679.0,0
6681.0,0
6683.0,0
6685.0,1
6687.0,1
6689.0,2
6691.0,2
6693.0,2
6695.0,2
6697.0,2
6699.0,6
6701.0,2
6703.0,4
6705.0,2
6707.0,2
6709.0,0
6711.0,1
6713.0,0
6715.0,2
6717.0,2
6719.0,0
6721.0,2
6723.0,1
6725.0,3
6727.0,0
6729.0,0
6731.0,3
6733.0,0
6735.0,2
6737.0,1
6739.0,2
6741.0,1
6743.0,2
6745.0,2
6747.0,2
6749.0,2
6751.0,4
6753.0,4
6755.0,1
6757.0,2
6759.0,0
6761.0,4
6763.0,2
6765.0,0
6767.0,2
6769.0,5
6771.0,2
6773.0,0
6775.0,2
6777.0,0
6779.0,0
6781.0,1
6783.0,1
6785.0,0
6787.0,1
6789.0,1
6791.0,0
6793.0,0
6795.0,2
6797.0,2
6799.0,0
6801.0,1
6803.0,0
6805.0,2
6807.0,1
6809.0,1
6811.0,3
6813.0,0
6815.0,1
6817.0,1
6819.0,3
6821.0,2
6823.0,1
6825.0,3
6827.0,0
6829.0,1
6831.0,0
6833.0,1
6835.0,0
6837.0,3
6839.0,2
6841.0,0
6843.0,1
6845.0,1
6847.0,2
6849.0,0
6851.0,2
6853.0,1
6855.0,1
6857.0,0
6859.0,1
6861.0,1
6863.0,0
6865.0,1
6867.0,1
6869.0,2
6871.0,1
6873.0,3
6875.0,0
6877.0,1
6879.0,4
6881.0,0
6883.0,0
6885.0,1
6887.0,1
6889.0,0
6891.0,1
6893.0,0
6895.0,0
6897.0,0
6899.0,2
6901.0,3
6903.0,0
6905.0,1
6907.0,1
6909.0,0
6911.0,4
6913.0,2
6915.0,2
6917.0,0
6919.0,3
6921.0,0
6923.0,0
6925.0,1
6927.0,3
6929.0,1
6931.0,3
6933.0,0
6935.0,4
6937.0,3
6939.0,1
6941.0,2
6943.0,4
6945.0,1
6947.0,1
6949.0,0
6951.0,0
6953.0,1
6955.0,3
6957.0,1
6959.0,1
6961.0,2
6963.0,0
6965.0,0
6967.0,0
6969.0,3
6971.0,1
6973.0,0
6975.0,1
6977.0,3
6979.0,1
6981.0,1
6983.0,2
6985.0,4
6987.0,0
6989.0,0
6991.0,1
6993.0,0
6995.0,1
6997.0,2
6999.0,0
7001.0,2
7003.0,0
7005.0,3
7007.0,0
7009.0,1
7011.0,2
7013.0,2
7015.0,2
7017.0,1
7019.0,0
7021.0,1
7023.0,2
7025.0,0
7027.0,0
7029.0,0
7031.0,2
7033.0,0
7035.0,1
7037.0,0
7039.0,0
7041.0,1
7043.0,1
7045.0,0
7047.0,0
7049.0,1
7051.0,1
7053.0,0
7055.0,0
7057.0,0
7059.0,1
7061.0,1
7063.0,3
7065.0,0
7067.0,2
7069.0,0
7071.0,3
7073.0,3
7075.0,1
7077.0,2
7079.0,1
7081.0,2
7083.0,3
7085.0,1
7087.0,1
7089.0,1
7091.0,0
7093.0,1
7095.0,2
7097.0,2
7099.0,1
7101.0,0
7103.0,2
7105.0,0
7107.0,0
7109.0,0
7111.0,0
7113.0,1
7115.0,0
7117.0,1
7119.0,1
7121.0,0
7123.0,1
7125.0,1
7127.0,0
7129.0,0
7131.0,1
7133.0,0
7135.0,2
7137.0,0
7139.0,1
7141.0,0
7143.0,2
7145.0,0
7147.0,1
7149.0,2
7151.0,0
7153.0,0
7155.0,1
7157.0,3
7159.0,1
7161.0,0
7163.0,0
7165.0,1
7167.0,1
7169.0,4
7171.0,2
7173.0,1
7175.0,2
7177.0,2
7179.0,0
7181.0,1
7183.0,2
7185.0,1
7187.0,0
7189.0,1
7191.0,1
7193.0,0
7195.0,0
7197.0,0
7199.0,0
7201.0,1
7203.0,1
7205.0,1
7207.0,0
7209.0,5
7211.0,1
7213.0,2
7215.0,2
7217.0,0
7219.0,0
7221.0,1
7223.0,1
7225.0,1
7227.0,0
7229.0,2
7231.0,1
7233.0,0
7235.0,0
7237.0,0
7239.0,0
7241.0,3
7243.0,2
7245.0,1
7247.0,0
7249.0,0
7251.0,1
7253.0,0
7255.0,0
7257.0,1
7259.0,1
7261.0,0
7263.0,4
7265.0,1
7267.0,1
7269.0,1
7271.0,0
7273.0,1
7275.0,0
7277.0,0
7279.0,0
7281.0,4
7283.0,1
7285.0,2
7287.0,0
7289.0,2
7291.0,0
7293.0,0
7295.0,2
7297.0,0
7299.0,1
7301.0,0
7303.0,0
7305.0,1
7307.0,1
7309.0,3
7311.0,0
7313.0,0
7315.0,1
7317.0,1
7319.0,3
7321.0,2
7323.0,2
7325.0,3
7327.0,1
7329.0,2
7331.0,2
7333.0,1
7335.0,3
7337.0,2
7339.0,1
7341.0,2
7343.0,0
7345.0,1
7347.0,0
7349.0,2
7351.0,2
7353.0,1
7355.0,2
7357.0,0
7359.0,0
7361.0,0
7363.0,1
7365.0,0
7367.0,1
7369.0,1
7371.0,0
7373.0,0
7375.0,2
7377.0,5
7379.0,1
7381.0,1
7383.0,1
7385.0,1
7387.0,1
7389.0,0
7391.0,2
7393.0,0
7395.0,0
7397.0,1
7399.0,2
7401.0,1
7403.0,0
7405.0,0
7407.0,0
7409.0,1
7411.0,1
7413.0,1
7415.0,0
7417.0,1
7419.0,0
7421.0,2
7423.0,0
7425.0,0
7427.0,0
7429.0,0
7431.0,1
7433.0,2
7435.0,0
7437.0,1
7439.0,1
7441.0,0
7443.0,2
7445.0,1
7447.0,0
7449.0,0
7451.0,3
7453.0,1
7455.0,0
7457.0,1
7459.0,1
7461.0,0
7463.0,2
7465.0,0
7467.0,0
7469.0,0
7471.0,0
7473.0,1
7475.0,1
7477.0,1
7479.0,3
7481.0,1
7483.0,0
7485.0,2
7487.0,0
7489.0,0
7491.0,0
7493.0,2
7495.0,1
7497.0,0
7499.0,0
7501.0,2
7503.0,1
7505.0,0
7507.0,4
7509.0,2
7511.0,1
7513.0,3
7515.0,0
7517.0,1
7519.0,2
7521.0,0
7523.0,0
7525.0,0
7527.0,2
7529.0,0
7531.0,1
7533.0,1
7535.0,2
7537.0,0
7539.0,0
7541.0,0
7543.0,2
7545.0,0
7547.0,0
7549.0,1
7551.0,0
7553.0,0
7555.0,0
7557.0,1
7559.0,0
7561.0,0
7563.0,0
7565.0,0
7567.0,1
7569.0,0
7571.0,1
7573.0,1
7575.0,1
7577.0,0
7579.0,2
7581.0,1
7583.0,0
7585.0,2
7587.0,0
7589.0,0
7591.0,0
7593.0,0
7595.0,0
7597.0,0
7599.0,0
7601.0,1
7603.0,1
7605.0,0
7607.0,1
7609.0,0
7611.0,1
7613.0,0
7615.0,0
7617.0,0
7619.0,1
7621.0,2
7623.0,0
7625.0,2
7627.0,0
7629.0,2
7631.0,2
7633.0,1
7635.0,1
7637.0,2
7639.0,1
7641.0,1
7643.0,0
7645.0,0
7647.0,1
7649.0,2
7651.0,1
7653.0,1
7655.0,0
7657.0,1
7659.0,0
7661.0,0
7663.0,1
7665.0,0
7667.0,1
7669.0,0
7671.0,1
7673.0,0
7675.0,2
7677.0,0
7679.0,1
7681.0,1
7683.0,0
7685.0,1
7687.0,1
7689.0,1
7691.0,1
7693.0,1
7695.0,3
7697.0,0
7699.0,0
7701.0,0
7703.0,0
7705.0,0
7707.0,1
7709.0,1
7711.0,0
7713.0,0
7715.0,1
7717.0,1
7719.0,3
7721.0,1
7723.0,4
7725.0,1
7727.0,0
7729.0,1
7731.0,0
7733.0,0
7735.0,1
7737.0,0
7739.0,1
7741.0,2
7743.0,1
7745.0,1
7747.0,0
7749.0,0
7751.0,1
7753.0,0
7755.0,1
7757.0,0
7759.0,0
7761.0,0
7763.0,0
7765.0,2
7767.0,1
7769.0,0
7771.0,1
7773.0,0
7775.0,1
7777.0,2
7779.0,0
7781.0,1
7783.0,2
7785.0,0
7787.0,1
7789.0,0
7791.0,0
7793.0,0
7795.0,1
7797.0,0
7799.0,1
7801.0,2
7803.0,0
7805.0,1
7807.0,0
7809.0,0
7811.0,1
7813.0,0
7815.0,1
7817.0,1
7819.0,0
7821.0,1
7823.0,2
7825.0,0
7827.0,1
7829.0,0
7831.0,1
7833.0,1
7835.0,0
7837.0,2
7839.0,3
7841.0,0
7843.0,1
7845.0,0
7847.0,1
7849.0,1
7851.0,0
7853.0,2
7855.0,0
7857.0,0
7859.0,0
7861.0,0
7863.0,1
7865.0,2
7867.0,3
7869.0,1
7871.0,0
7873.0,0
7875.0,1
7877.0,1
7879.0,0
7881.0,1
7883.0,1
7885.0,0
7887.0,1
7889.0,3
7891.0,0
7893.0,0
7895.0,3
7897.0,1
7899.0,1
7901.0,1
7903.0,2
7905.0,0
7907.0,0
7909.0,0
7911.0,0
7913.0,0
7915.0,0
7917.0,0
7919.0,0
7921.0,1
7923.0,2
7925.0,0
7927.0,1
7929.0,0
7931.0,0
7933.0,0
7935.0,1
7937.0,0
7939.0,0
7941.0,1
7943.0,0
7945.0,2
7947.0,0
7949.0,2
7951.0,1
7953.0,0
7955.0,1
7957.0,1
7959.0,2
7961.0,1
7963.0,1
7965.0,0
7967.0,0
7969.0,1
7971.0,0
7973.0,0
7975.0,1
7977.0,0
7979.0,1
7981.0,0
7983.0,0
7985.0,0
7987.0,2
7989.0,0
7991.0,2
7993.0,1
7995.0,1
7997.0,1
7999.0,1
8001.0,0
8003.0,1
8005.0,0
8007.0,0
8009.0,0
8011.0,0
8013.0,0
8015.0,0
8017.0,0
8019.0,1
8021.0,1
8023.0,1
8025.0,1
8027.0,0
8029.0,1
8031.0,2
8033.0,3
8035.0,1
8037.0,0
8039.0,2
8041.0,1
8043.0,2
8045.0,3
8047.0,5
8049.0,3
8051.0,3
8053.0,1
8055.0,0
8057.0,1
8059.0,1
8061.0,2
8063.0,0
8065.0,0
8067.0,1
8069.0,1
8071.0,0
8073.0,1
8075.0,0
8077.0,3
8079.0,3
8081.0,2
8083.0,0
8085.0,1
8087.0,1
8089.0,0
8091.0,1
8093.0,0
8095.0,1
8097.0,0
8099.0,0
8101.0,0
8103.0,1
8105.0,1
8107.0,0
8109.0,1
8111.0,0
8113.0,0
8115.0,0
8117.0,1
8119.0,2
8121.0,0
8123.0,1
8125.0,0
8127.0,0
8129.0,0
8131.0,2
8133.0,1
8135.0,0
8137.0,1
8139.0,2
8141.0,0
8143.0,1
8145.0,1
8147.0,0
8149.0,3
8151.0,0
8153.0,0
8155.0,0
8157.0,0
8159.0,1
8161.0,0
8163.0,2
8165.0,0
8167.0,0
8169.0,0
8171.0,0
8173.0,0
8175.0,1
8177.0,0
8179.0,0
8181.0,2
8183.0,1
8185.0,0
8187.0,2
8189.0,1
8191.0,0
8193.0,2
8195.0,0
8197.0,0
8199.0,0
8201.0,0
8203.0,1
8205.0,0
8207.0,3
8209.0,0
8211.0,0
8213.0,1
8215.0,0
8217.0,0
8219.0,1
8221.0,1
8223.0,0
8225.0,0
8227.0,2
8229.0,0
8231.0,1
8233.0,2
8235.0,0
8237.0,3
8239.0,0
8241.0,1
8243.0,1
8245.0,1
8247.0,0
8249.0,0
8251.0,0
8253.0,1
8255.0,0
8257.0,0
8259.0,0
8261.0,0
8263.0,0
8265.0,0
8267.0,0
8269.0,0
8271.0,0
8273.0,1
8275.0,3
8277.0,1
8279.0,3
8281.0,1
8283.0,1
8285.0,0
8287.0,1
8289.0,2
8291.0,2
8293.0,1
8295.0,0
8297.0,0
8299.0,0
8301.0,0
8303.0,0
8305.0,1
8307.0,1
8309.0,0
8311.0,0
8313.0,1
8315.0,0
8317.0,0
8319.0,0
8321.0,0
8323.0,0
8325.0,1
8327.0,0
8329.0,0
8331.0,0
8333.0,2
8335.0,1
8337.0,0
8339.0,0
8341.0,0
8343.0,0
8345.0,0
8347.0,0
8349.0,2
8351.0,0
8353.0,4
8355.0,0
8357.0,0
8359.0,0
8361.0,1
8363.0,0
8365.0,0
8367.0,1
8369.0,0
8371.0,3
8373.0,0
8375.0,0
8377.0,2
8379.0,1
8381.0,0
8383.0,0
8385.0,1
8387.0,2
8389.0,2
8391.0,0
8393.0,1
8395.0,0
8397.0,2
8399.0,1
8401.0,0
8403.0,2
8405.0,0
8407.0,0
8409.0,0
8411.0,2
8413.0,1
8415.0,0
8417.0,0
8419.0,1
8421.0,0
8423.0,1
8425.0,0
8427.0,1
8429.0,1
8431.0,0
8433.0,1
8435.0,0
8437.0,0
8439.0,0
8441.0,0
8443.0,1
8445.0,1
8447.0,2
8449.0,0
8451.0,0
8453.0,1
8455.0,1
8457.0,0
8459.0,0
8461.0,0
8463.0,3
8465.0,0
8467.0,1
8469.0,0
8471.0,2
8473.0,2
8475.0,1
8477.0,1
8479.0,1
8481.0,0
8483.0,0
8485.0,1
8487.0,1
8489.0,0
8491.0,0
8493.0,1
8495.0,1
8497.0,3
8499.0,1
8501.0,1
8503.0,2
8505.0,0
8507.0,2
8509.0,1
8511.0,2
8513.0,0
8515.0,0
8517.0,0
8519.0,3
8521.0,1
8523.0,0
8525.0,0
8527.0,5
8529.0,0
8531.0,1
8533.0,1
8535.0,3
8537.0,1
8539.0,5
8541.0,4
8543.0,4
8545.0,1
8547.0,1
8549.0,1
8551.0,0
8553.0,1
8555.0,0
8557.0,0
8559.0,1
8561.0,3
8563.0,2
8565.0,0
8567.0,0
8569.0,1
8571.0,2
8573.0,1
8575.0,2
8577.0,0
8579.0,0
8581.0,0
8583.0,0
8585.0,0
8587.0,1
8589.0,0
8591.0,0
8593.0,1
8595.0,0
8597.0,0
8599.0,0
8601.0,1
8603.0,1
8605.0,0
8607.0,1
8609.0,2
8611.0,2
8613.0,0
8615.0,6
8617.0,0
8619.0,3
8621.0,2
8623.0,1
8625.0,1
8627.0,0
8629.0,1
8631.0,0
8633.0,1
8635.0,1
8637.0,2
8639.0,1
8641.0,2
8643.0,3
8645.0,1
8647.0,1
8649.0,0
8651.0,1
8653.0,1
8655.0,0
8657.0,0
8659.0,1
8661.0,1
8663.0,1
8665.0,4
8667.0,4
8669.0,4
8671.0,0
8673.0,3
8675.0,2
8677.0,2
8679.0,1
8681.0,1
8683.0,2
8685.0,0
8687.0,1
8689.0,3
8691.0,2
8693.0,1
8695.0,2
8697.0,0
8699.0,2
8701.0,2
8703.0,0
8705.0,0
8707.0,2
8709.0,0
8711.0,2
8713.0,3
8715.0,2
8717.0,4
8719.0,0
8721.0,4
8723.0,4
8725.0,6
8727.0,2
8729.0,10
8731.0,5
8733.0,3
8735.0,1
8737.0,3
8739.0,2
8741.0,2
8743.0,1
8745.0,0
8747.0,2
8749.0,1
8751.0,0
8753.0,0
8755.0,0
8757.0,0
8759.0,3
8761.0,3
8763.0,0
8765.0,2
8767.0,14
8769.0,15
8771.0,8
8773.0,17
8775.0,22
8777.0,26
8779.0,42
8781.0,26
8783.0,13
8785.0,4
8787.0,4
8789.0,2
8791.0,1
8793.0,0
8795.0,0
8797.0,0
8799.0,0
8801.0,3
8803.0,0
8805.0,0
8807.0,0
8809.0,0
8811.0,1
8813.0,0
8815.0,0
8817.0,0
8819.0,0
8821.0,1
8823.0,3
8825.0,2
8827.0,2
8829.0,0
8831.0,1
8833.0,0
8835.0,0
8837.0,1
8839.0,0
8841.0,2
8843.0,1
8845.0,1
8847.0,0
8849.0,1
8851.0,1
8853.0,0
8855.0,0
8857.0,0
8859.0,0
8861.0,0
8863.0,0
8865.0,2
8867.0,0
8869.0,0
8871.0,0
8873.0,0
8875.0,3
8877.0,1
8879.0,1
8881.0,0
8883.0,0
8885.0,0
8887.0,1
8889.0,1
8891.0,0
8893.0,3
8895.0,2
8897.0,0
8899.0,0
8901.0,0
8903.0,0
8905.0,4
8907.0,0
8909.0,2
8911.0,2
8913.0,0
8915.0,3
8917.0,2
8919.0,1
8921.0,2
8923.0,4
8925.0,16
8927.0,10
8929.0,7
8931.0,7
8933.0,6
8935.0,0
8937.0,0
8939.0,6
8941.0,4
8943.0,4
8945.0,4
8947.0,0
8949.0,1
8951.0,2
8953.0,0
8955.0,1
8957.0,0
8959.0,0
8961.0,0
8963.0,0
8965.0,0
8967.0,1
8969.0,2
8971.0,0
8973.0,1
8975.0,2
8977.0,0
8979.0,1
8981.0,0
8983.0,0
8985.0,0
8987.0,0
8989.0,2
8991.0,1
8993.0,0
8995.0,2
8997.0,2
8999.0,1
9001.0,2
9003.0,1
9005.0,3
9007.0,0
9009.0,3
9011.0,1
9013.0,4
9015.0,3
9017.0,3
9019.0,8
9021.0,11
9023.0,5
9025.0,1
9027.0,0
9029.0,0
9031.0,2
9033.0,1
9035.0,1
9037.0,0
9039.0,2
9041.0,0
9043.0,0
9045.0,0
9047.0,0
9049.0,1
9051.0,0
9053.0,1
9055.0,0
9057.0,0
9059.0,0
9061.0,0
9063.0,0
9065.0,0
9067.0,0
9069.0,3
9071.0,1
9073.0,1
9075.0,1
9077.0,1
9079.0,0
9081.0,0
9083.0,0
9085.0,0
9087.0,3
9089.0,0
9091.0,2
9093.0,0
9095.0,2
9097.0,0
9099.0,0
9101.0,2
9103.0,0
9105.0,0
9107.0,1
9109.0,1
9111.0,1
9113.0,1
9115.0,1
9117.0,0
9119.0,0
9121.0,0
9123.0,2
9125.0,3
9127.0,0
9129.0,1
9131.0,1
9133.0,0
9135.0,1
9137.0,3
9139.0,0
9141.0,1
9143.0,1
9145.0,2
9147.0,1
9149.0,1
9151.0,0
9153.0,1
9155.0,2
9157.0,1
9159.0,0
9161.0,0
9163.0,0
9165.0,0
9167.0,0
9169.0,3
9171.0,3
9173.0,1
9175.0,1
9177.0,0
9179.0,0
9181.0,0
9183.0,1
9185.0,0
9187.0,1
9189.0,0
9191.0,1
9193.0,0
9195.0,0
9197.0,0
9199.0,0
9201.0,0
9203.0,0
9205.0,0
9207.0,1
9209.0,0
9211.0,0
9213.0,2
9215.0,0
9217.0,1
9219.0,1
9221.0,0
9223.0,0
9225.0,0
9227.0,0
9229.0,0
9231.0,1
9233.0,0
9235.0,0
9237.0,0
9239.0,1
9241.0,0
9243.0,0
9245.0,1
9247.0,0
9249.0,1
9251.0,0
9253.0,0
9255.0,1
9257.0,0
9259.0,0
9261.0,1
9263.0,0
9265.0,0
9267.0,0
9269.0,0
9271.0,0
9273.0,0
9275.0,0
9277.0,0
9279.0,1
9281.0,2
9283.0,2
9285.0,0
9287.0,0
9289.0,0
9291.0,1
9293.0,1
9295.0,1
9297.0,0
9299.0,0
9301.0,0
9303.0,2
9305.0,0
9307.0,1
9309.0,0
9311.0,0
9313.0,0
9315.0,0
9317.0,1
9319.0,2
9321.0,0
9323.0,2
9325.0,1
9327.0,0
9329.0,2
9331.0,1
9333.0,1
9335.0,1
9337.0,0
9339.0,1
9341.0,0
9343.0,0
9345.0,3
9347.0,1
9349.0,2
9351.0,0
9353.0,0
9355.0,0
9357.0,2
9359.0,1
9361.0,1
9363.0,2
9365.0,2
9367.0,2
9369.0,5
9371.0,3
9373.0,0
9375.0,0
9377.0,2
9379.0,1
9381.0,0
9383.0,0
9385.0,0
9387.0,0
9389.0,3
9391.0,0
9393.0,1
9395.0,1
9397.0,2
9399.0,0
9401.0,0
9403.0,0
9405.0,0
9407.0,0
9409.0,1
9411.0,1
9413.0,0
9415.0,1
9417.0,0
9419.0,0
9421.0,0
9423.0,1
9425.0,0
9427.0,0
9429.0,1
9431.0,1
9433.0,0
9435.0,2
9437.0,0
9439.0,0
9441.0,0
9443.0,0
9445.0,0
9447.0,0
9449.0,1
9451.0,0
9453.0,0
9455.0,1
9457.0,0
9459.0,0
9461.0,0
9463.0,2
9465.0,0
9467.0,0
9469.0,0
9471.0,0
9473.0,1
9475.0,3
9477.0,1
9479.0,0
9481.0,4
9483.0,1
9485.0,2
9487.0,1
9489.0,2
9491.0,0
9493.0,2
9495.0,1
9497.0,2
9499.0,1
9501.0,3
9503.0,1
9505.0,1
9507.0,2
9509.0,0
9511.0,3
9513.0,7
9515.0,3
9517.0,3
9519.0,3
9521.0,0
9523.0,0
9525.0,1
9527.0,1
9529.0,1
9531.0,8
9533.0,1
9535.0,1
9537.0,0
9539.0,1
9541.0,0
9543.0,0
9545.0,0
9547.0,0
9549.0,0
9551.0,0
9553.0,0
9555.0,4
9557.0,3
9559.0,7
9561.0,0
9563.0,2
9565.0,1
9567.0,3
9569.0,0
9571.0,1
9573.0,0
9575.0,0
9577.0,0
9579.0,1
9581.0,1
9583.0,1
9585.0,0
9587.0,5
9589.0,2
9591.0,0
9593.0,1
9595.0,2
9597.0,4
9599.0,5
9601.0,3
9603.0,8
9605.0,4
9607.0,2
9609.0,2
9611.0,0
9613.0,1
9615.0,0
9617.0,0
9619.0,0
9621.0,0
9623.0,0
9625.0,1
9627.0,1
9629.0,2
9631.0,4
9633.0,7
9635.0,9
9637.0,6
9639.0,11
9641.0,7
9643.0,7
9645.0,2
9647.0,3
9649.0,2
9651.0,1
9653.0,1
9655.0,1
9657.0,0
9659.0,1
9661.0,0
9663.0,6
9665.0,6
9667.0,10
9669.0,17
9671.0,23
9673.0,20
9675.0,15
9677.0,8
9679.0,7
9681.0,4
9683.0,1
9685.0,5
9687.0,0
9689.0,2
9691.0,0
9693.0,1
9695.0,2
9697.0,0
9699.0,1
9701.0,0
9703.0,0
9705.0,3
9707.0,3
9709.0,1
9711.0,1
9713.0,1
9715.0,0
9717.0,2
9719.0,0
9721.0,0
9723.0,0
9725.0,1
9727.0,0
9729.0,1
9731.0,1
9733.0,0
9735.0,1
9737.0,0
9739.0,1
9741.0,1
9743.0,3
9745.0,3
9747.0,0
9749.0,0
9751.0,2
9753.0,0
9755.0,0
9757.0,1
9759.0,0
9761.0,0
9763.0,0
9765.0,0
9767.0,1
9769.0,0
9771.0,4
9773.0,2
9775.0,0
9777.0,0
9779.0,0
9781.0,0
9783.0,3
9785.0,2
9787.0,1
9789.0,1
9791.0,0
9793.0,0
9795.0,1
9797.0,1
9799.0,0
9801.0,1
9803.0,2
9805.0,0
9807.0,6
9809.0,3
9811.0,4
9813.0,0
9815.0,6
9817.0,4
9819.0,1
9821.0,2
9823.0,1
9825.0,1
9827.0,2
9829.0,2
9831.0,2
9833.0,0
9835.0,0
9837.0,0
9839.0,1
9841.0,1
9843.0,0
9845.0,2
9847.0,4
9849.0,3
9851.0,1
9853.0,2
9855.0,2
9857.0,2
9859.0,1
9861.0,1
9863.0,0
9865.0,0
9867.0,0
9869.0,0
9871.0,1
9873.0,0
9875.0,0
9877.0,0
9879.0,1
9881.0,2
9883.0,1
9885.0,0
9887.0,0
9889.0,0
9891.0,0
9893.0,0
9895.0,0
9897.0,0
9899.0,1
9901.0,1
9903.0,0
9905.0,0
9907.0,0
9909.0,0
9911.0,1
9913.0,2
9915.0,3
9917.0,1
9919.0,4
9921.0,1
9923.0,2
9925.0,0
9927.0,2
9929.0,1
9931.0,1
9933.0,0
9935.0,1
9937.0,0
9939.0,1
9941.0,2
9943.0,0
9945.0,1
9947.0,1
9949.0,2
9951.0,3
9953.0,2
9955.0,1
9957.0,4
9959.0,1
9961.0,1
9963.0,1
9965.0,2
9967.0,1
9969.0,2
9971.0,1
9973.0,1
9975.0,1
9977.0,0
9979.0,1
9981.0,0
9983.0,1
9985.0,1
9987.0,0
9989.0,1
9991.0,2
9993.0,0
9995.0,0
9997.0,0
9999.0,1
10001.0,0
10003.0,0
10005.0,0
10007.0,0
10009.0,1
10011.0,1
10013.0,1
10015.0,1
10017.0,1
10019.0,0
10021.0,1
10023.0,0
10025.0,2
10027.0,1
10029.0,0
10031.0,0
10033.0,2
10035.0,1
10037.0,0
10039.0,0
10041.0,0
10043.0,0
10045.0,0
10047.0,0
10049.0,0
10051.0,1
10053.0,1
10055.0,1
10057.0,0
10059.0,0
10061.0,2
10063.0,0
10065.0,0
10067.0,1
10069.0,0
10071.0,0
10073.0,0
10075.0,1
10077.0,0
10079.0,0
10081.0,0
10083.0,1
10085.0,2
10087.0,0
10089.0,0
10091.0,0
10093.0,2
10095.0,1
10097.0,1
10099.0,1
10101.0,1
10103.0,2
10105.0,0
10107.0,0
10109.0,1
10111.0,0
10113.0,0
10115.0,1
10117.0,0
10119.0,0
10121.0,0
10123.0,1
10125.0,0
10127.0,1
10129.0,1
10131.0,3
10133.0,2
10135.0,0
10137.0,4
10139.0,1
10141.0,0
10143.0,1
10145.0,1
10147.0,1
10149.0,1
10151.0,0
10153.0,2
10155.0,1
10157.0,2
10159.0,0
10161.0,1
10163.0,0
10165.0,1
10167.0,0
10169.0,0
10171.0,2
10173.0,0
10175.0,0
10177.0,0
10179.0,0
10181.0,0
10183.0,1
10185.0,0
10187.0,2
10189.0,0
10191.0,1
10193.0,0
10195.0,1
10197.0,3
10199.0,2
10201.0,0
10203.0,0
10205.0,1
10207.0,1
10209.0,3
10211.0,0
10213.0,0
10215.0,0
10217.0,0
10219.0,0
10221.0,2
10223.0,1
10225.0,0
10227.0,2
10229.0,1
10231.0,0
10233.0,0
10235.0,0
10237.0,0
10239.0,0
10241.0,1
10243.0,0
10245.0,0
10247.0,2
10249.0,0
10251.0,2
10253.0,1
10255.0,1
10257.0,1
10259.0,2
10261.0,4
10263.0,1
10265.0,0
10267.0,1
10269.0,5
10271.0,1
10273.0,2
10275.0,6
10277.0,1
10279.0,1
10281.0,0
10283.0,2
10285.0,1
10287.0,0
10289.0,2
10291.0,2
10293.0,1
10295.0,1
10297.0,4
10299.0,0
10301.0,1
10303.0,0
10305.0,1
10307.0,2
10309.0,1
10311.0,3
10313.0,1
10315.0,0
10317.0,3
10319.0,5
10321.0,4
10323.0,3
10325.0,4
10327.0,5
10329.0,2
10331.0,2
10333.0,4
10335.0,4
10337.0,1
10339.0,2
10341.0,4
10343.0,4
10345.0,2
10347.0,1
10349.0,5
10351.0,4
10353.0,0
10355.0,3
10357.0,4
10359.0,1
10361.0,0
10363.0,1
10365.0,1
10367.0,1
10369.0,1
10371.0,2
10373.0,0
10375.0,2
10377.0,3
10379.0,2
10381.0,1
10383.0,4
10385.0,1
10387.0,4
10389.0,5
10391.0,5
10393.0,1
10395.0,1
10397.0,2
10399.0,0
10401.0,2
10403.0,4
10405.0,0
10407.0,4
10409.0,1
10411.0,1
10413.0,1
10415.0,2
10417.0,2
10419.0,2
10421.0,1
10423.0,2
10425.0,2
10427.0,2
10429.0,3
10431.0,2
10433.0,1
10435.0,5
10437.0,5
10439.0,4
10441.0,4
10443.0,3
10445.0,2
10447.0,2
10449.0,4
10451.0,4
10453.0,3
10455.0,7
10457.0,5
10459.0,6
10461.0,6
10463.0,3
10465.0,1
10467.0,4
10469.0,2
10471.0,2
10473.0,2
10475.0,2
10477.0,0
10479.0,1
10481.0,2
10483.0,5
10485.0,1
10487.0,1
10489.0,0
10491.0,1
10493.0,6
10495.0,2
10497.0,4
10499.0,6
10501.0,5
10503.0,8
10505.0,17
10507.0,13
10509.0,17
10511.0,7
10513.0,11
10515.0,5
10517.0,7
10519.0,2
10521.0,2
10523.0,1
10525.0,1
10527.0,3
10529.0,0
10531.0,3
10533.0,2
10535.0,3
10537.0,2
10539.0,1
10541.0,1
10543.0,0
10545.0,2
10547.0,0
10549.0,0
10551.0,0
10553.0,2
10555.0,1
10557.0,3
10559.0,1
10561.0,2
10563.0,0
10565.0,2
10567.0,0
10569.0,1
10571.0,0
10573.0,1
10575.0,0
10577.0,1
10579.0,1
10581.0,0
10583.0,1
10585.0,0
10587.0,0
10589.0,0
10591.0,1
10593.0,0
10595.0,1
10597.0,0
10599.0,0
10601.0,1
10603.0,0
10605.0,0
10607.0,1
10609.0,0
10611.0,1
10613.0,0
10615.0,1
10617.0,2
10619.0,0
10621.0,3
10623.0,1
10625.0,0
10627.0,0
10629.0,3
10631.0,1
10633.0,0
10635.0,0
10637.0,1
10639.0,0
10641.0,0
10643.0,1
10645.0,0
10647.0,0
10649.0,1
10651.0,0
10653.0,1
10655.0,1
10657.0,1
10659.0,0
10661.0,0
10663.0,1
10665.0,0
10667.0,1
10669.0,1
10671.0,3
10673.0,2
10675.0,3
10677.0,7
10679.0,11
10681.0,3
10683.0,1
10685.0,5
10687.0,4
10689.0,1
10691.0,1
10693.0,2
10695.0,0
10697.0,1
10699.0,1
10701.0,1
10703.0,1
10705.0,0
10707.0,1
10709.0,2
10711.0,1
10713.0,2
10715.0,1
10717.0,0
10719.0,0
10721.0,0
10723.0,1
10725.0,1
10727.0,0
10729.0,1
10731.0,0
10733.0,2
10735.0,2
10737.0,0
10739.0,1
10741.0,2
10743.0,1
10745.0,2
10747.0,1
10749.0,1
10751.0,1
10753.0,0
10755.0,0
10757.0,0
10759.0,0
10761.0,0
10763.0,0
10765.0,0
10767.0,2
10769.0,2
10771.0,2
10773.0,2
10775.0,0
10777.0,1
10779.0,2
10781.0,0
10783.0,0
10785.0,0
10787.0,0
10789.0,0
10791.0,0
10793.0,0
10795.0,0
10797.0,1
10799.0,0
10801.0,1
10803.0,2
10805.0,0
10807.0,0
10809.0,2
10811.0,0
10813.0,3
10815.0,0
10817.0,0
10819.0,0
10821.0,0
10823.0,0
10825.0,0
10827.0,1
10829.0,0
10831.0,1
10833.0,0
10835.0,0
10837.0,2
10839.0,0
10841.0,1
10843.0,4
10845.0,0
10847.0,0
10849.0,0
10851.0,1
10853.0,0
10855.0,0
10857.0,0
10859.0,2
10861.0,1
10863.0,0
10865.0,0
10867.0,1
10869.0,0
10871.0,0
10873.0,3
10875.0,2
10877.0,1
10879.0,0
10881.0,3
10883.0,0
10885.0,0
10887.0,0
10889.0,1
10891.0,0
10893.0,1
10895.0,1
10897.0,0
10899.0,2
10901.0,0
10903.0,1
10905.0,0
10907.0,2
10909.0,0
10911.0,1
10913.0,0
10915.0,0
10917.0,1
10919.0,1
10921.0,2
10923.0,0
10925.0,0
10927.0,2
10929.0,0
10931.0,0
10933.0,0
10935.0,0
10937.0,0
10939.0,0
10941.0,1
10943.0,1
10945.0,0
10947.0,0
10949.0,3
10951.0,2
10953.0,2
10955.0,1
10957.0,0
10959.0,2
10961.0,0
10963.0,2
10965.0,0
10967.0,0
10969.0,0
10971.0,2
10973.0,0
10975.0,4
10977.0,0
10979.0,1
10981.0,0
10983.0,1
10985.0,0
10987.0,0
10989.0,0
10991.0,2
10993.0,1
10995.0,2
10997.0,5
10999.0,0
11001.0,1
11003.0,0
11005.0,3
11007.0,0
11009.0,0
11011.0,0
11013.0,0
11015.0,0
11017.0,1
11019.0,1
11021.0,3
11023.0,0
11025.0,0
11027.0,0
11029.0,3
11031.0,0
11033.0,1
11035.0,1
11037.0,2
11039.0,0
11041.0,1
11043.0,0
11045.0,0
11047.0,0
11049.0,0
11051.0,1
11053.0,1
11055.0,0
11057.0,1
11059.0,0
11061.0,1
11063.0,0
11065.0,1
11067.0,1
11069.0,2
11071.0,0
11073.0,0
11075.0,1
11077.0,2
11079.0,1
11081.0,3
11083.0,3
11085.0,1
11087.0,2
11089.0,0
11091.0,1
11093.0,0
11095.0,2
11097.0,1
11099.0,2
11101.0,2
11103.0,0
11105.0,1
11107.0,0
11109.0,1
11111.0,0
11113.0,1
11115.0,1
11117.0,2
11119.0,2
11121.0,2
11123.0,4
11125.0,4
11127.0,2
11129.0,4
11131.0,3
11133.0,0
11135.0,0
11137.0,2
11139.0,2
11141.0,0
11143.0,0
11145.0,1
11147.0,0
11149.0,0
11151.0,0
11153.0,0
11155.0,1
11157.0,0
11159.0,2
11161.0,0
11163.0,0
11165.0,2
11167.0,1
11169.0,1
11171.0,1
11173.0,1
11175.0,0
11177.0,1
11179.0,0
11181.0,0
11183.0,0
11185.0,0
11187.0,0
11189.0,0
11191.0,1
11193.0,0
11195.0,1
11197.0,0
11199.0,0
11201.0,1
11203.0,1
11205.0,0
11207.0,0
11209.0,1
11211.0,1
11213.0,1
11215.0,0
11217.0,0
11219.0,0
11221.0,0
11223.0,1
11225.0,0
11227.0,1
11229.0,1
11231.0,0
11233.0,0
11235.0,1
11237.0,0
11239.0,0
11241.0,1
11243.0,0
11245.0,0
11247.0,1
11249.0,1
11251.0,0
11253.0,1
11255.0,1
11257.0,0
11259.0,3
11261.0,1
11263.0,0
11265.0,0
11267.0,0
11269.0,0
11271.0,1
11273.0,0
11275.0,0
11277.0,0
11279.0,0
11281.0,1
11283.0,2
11285.0,0
11287.0,0
11289.0,2
11291.0,2
11293.0,0
11295.0,1
11297.0,1
11299.0,1
11301.0,0
11303.0,1
11305.0,2
11307.0,0
11309.0,1
11311.0,0
11313.0,0
11315.0,0
11317.0,1
11319.0,0
11321.0,0
11323.0,1
11325.0,0
11327.0,0
11329.0,1
11331.0,0
11333.0,0
11335.0,3
11337.0,0
11339.0,1
11341.0,0
11343.0,2
11345.0,1
11347.0,2
11349.0,1
11351.0,4
11353.0,0
11355.0,2
11357.0,0
11359.0,0
11361.0,0
11363.0,1
11365.0,0
11367.0,1
11369.0,0
11371.0,2
11373.0,0
11375.0,0
11377.0,0
11379.0,0
11381.0,1
11383.0,0
11385.0,0
11387.0,1
11389.0,0
11391.0,1
11393.0,0
11395.0,0
11397.0,0
11399.0,0
11401.0,0
11403.0,1
11405.0,2
11407.0,0
11409.0,0
11411.0,1
11413.0,1
11415.0,0
11417.0,1
11419.0,1
11421.0,1
11423.0,1
11425.0,1
11427.0,0
11429.0,0
11431.0,0
11433.0,1
11435.0,1
11437.0,1
11439.0,0
11441.0,0
11443.0,0
11445.0,0
11447.0,1
11449.0,0
11451.0,0
11453.0,1
11455.0,0
11457.0,1
11459.0,0
11461.0,3
11463.0,0
11465.0,0
11467.0,4
11469.0,0
11471.0,2
11473.0,1
11475.0,0
11477.0,0
11479.0,1
11481.0,0
11483.0,1
11485.0,0
11487.0,0
11489.0,0
11491.0,0
11493.0,0
11495.0,2
11497.0,1
11499.0,1
11501.0,0
11503.0,1
11505.0,4
11507.0,2
11509.0,2
11511.0,0
11513.0,1
11515.0,0
11517.0,0
11519.0,0
11521.0,0
11523.0,0
11525.0,0
11527.0,1
11529.0,2
11531.0,0
11533.0,0
11535.0,2
11537.0,0
11539.0,4
11541.0,5
11543.0,1
11545.0,3
11547.0,2
11549.0,2
11551.0,1
11553.0,0
11555.0,1
11557.0,1
11559.0,0
11561.0,2
11563.0,1
11565.0,0
11567.0,2
11569.0,0
11571.0,1
11573.0,0
11575.0,0
11577.0,1
11579.0,2
11581.0,1
11583.0,0
11585.0,1
11587.0,2
11589.0,2
11591.0,6
11593.0,1
11595.0,1
11597.0,2
11599.0,1
11601.0,0
11603.0,1
11605.0,0
11607.0,1
11609.0,1
11611.0,0
11613.0,0
11615.0,0
11617.0,2
11619.0,1
11621.0,0
11623.0,0
11625.0,1
11627.0,1
11629.0,3
11631.0,2
11633.0,0
11635.0,3
11637.0,2
11639.0,4
11641.0,3
11643.0,4
11645.0,3
11647.0,1
11649.0,0
11651.0,0
11653.0,1
11655.0,1
11657.0,0
11659.0,0
11661.0,2
11663.0,3
11665.0,0
11667.0,0
11669.0,1
11671.0,1
11673.0,2
11675.0,2
11677.0,3
11679.0,1
11681.0,2
11683.0,7
11685.0,1
11687.0,4
11689.0,3
11691.0,2
11693.0,3
11695.0,0
11697.0,1
11699.0,0
11701.0,1
11703.0,1
11705.0,1
11707.0,5
11709.0,2
11711.0,5
11713.0,3
11715.0,0
11717.0,4
11719.0,3
11721.0,5
11723.0,2
11725.0,6
11727.0,3
11729.0,3
11731.0,3
11733.0,1
11735.0,3
11737.0,1
11739.0,0
11741.0,0
11743.0,1
11745.0,0
11747.0,1
11749.0,0
11751.0,0
11753.0,0
11755.0,0
11757.0,0
11759.0,1
11761.0,1
11763.0,0
11765.0,0
11767.0,0
11769.0,0
11771.0,0
11773.0,0
11775.0,1
11777.0,1
11779.0,0
11781.0,0
11783.0,0
11785.0,1
11787.0,0
11789.0,0
11791.0,0
11793.0,0
11795.0,0
11797.0,0
11799.0,0
11801.0,0
11803.0,0
11805.0,1
11807.0,0
11809.0,0
11811.0,1
11813.0,0
11815.0,0
11817.0,0
11819.0,0
11821.0,1
11823.0,0
11825.0,1
11827.0,1
11829.0,0
11831.0,0
11833.0,0
11835.0,0
11837.0,1
11839.0,0
11841.0,0
11843.0,1
11845.0,0
11847.0,0
11849.0,0
11851.0,0
11853.0,0
11855.0,0
11857.0,0
11859.0,0
11861.0,0
11863.0,0
11865.0,0
11867.0,0
11869.0,0
11871.0,0
11873.0,1
11875.0,0
11877.0,1
11879.0,0
11881.0,0
11883.0,0
11885.0,0
11887.0,0
11889.0,1
11891.0,0
11893.0,0
11895.0,1
11897.0,0
11899.0,0
11901.0,0
11903.0,1
11905.0,0
11907.0,0
11909.0,1
11911.0,0
11913.0,0
11915.0,1
11917.0,0
11919.0,0
11921.0,0
11923.0,1
11925.0,0
11927.0,0
11929.0,2
11931.0,0
11933.0,1
11935.0,0
11937.0,0
11939.0,1
11941.0,1
11943.0,0
11945.0,0
11947.0,0
11949.0,0
11951.0,0
11953.0,0
11955.0,0
11957.0,0
11959.0,0
11961.0,0
11963.0,0
11965.0,0
11967.0,0
11969.0,0
11971.0,0
11973.0,0
11975.0,0
11977.0,0
11979.0,0
11981.0,0
11983.0,0
11985.0,0
11987.0,0
11989.0,0
11991.0,0
11993.0,1
11995.0,0
11997.0,1
11999.0,0
12001.0,0
12003.0,0
12005.0,0
12007.0,1
12009.0,1
12011.0,1
12013.0,0
12015.0,1
12017.0,0
12019.0,0
12021.0,1
12023.0,0
12025.0,0
12027.0,0
12029.0,0
12031.0,0
12033.0,1
12035.0,0
12037.0,0
12039.0,0
12041.0,0
12043.0,0
12045.0,0
12047.0,2
12049.0,0
12051.0,0
12053.0,0
12055.0,0
12057.0,1
12059.0,0
12061.0,0
12063.0,0
12065.0,1
12067.0,0
12069.0,0
12071.0,0
12073.0,0
12075.0,1
12077.0,0
12079.0,1
12081.0,0
12083.0,1
12085.0,0
12087.0,1
12089.0,0
12091.0,0
12093.0,0
12095.0,0
12097.0,1
12099.0,0
12101.0,0
12103.0,0
12105.0,0
12107.0,0
12109.0,0
12111.0,0
12113.0,0
12115.0,0
12117.0,0
12119.0,0
12121.0,0
12123.0,0
12125.0,0
12127.0,0
12129.0,0
12131.0,0
12133.0,0
12135.0,0
12137.0,0
12139.0,0
12141.0,0
12143.0,1
12145.0,1
12147.0,0
12149.0,0
12151.0,0
12153.0,0
12155.0,0
12157.0,0
12159.0,0
12161.0,0
12163.0,0
12165.0,0
12167.0,0
12169.0,0
12171.0,1
12173.0,0
12175.0,0
12177.0,1
12179.0,0
12181.0,1
12183.0,0
12185.0,0
12187.0,0
12189.0,0
12191.0,0
12193.0,0
12195.0,0
12197.0,0
12199.0,0
12201.0,1
12203.0,0
12205.0,0
12207.0,1
12209.0,0
12211.0,0
12213.0,0
12215.0,0
12217.0,0
12219.0,0
12221.0,0
12223.0,0
12225.0,0
12227.0,0
12229.0,0
12231.0,0
12233.0,0
12235.0,0
12237.0,0
12239.0,2
12241.0,0
12243.0,0
12245.0,0
12247.0,0
12249.0,0
12251.0,0
12253.0,0
12255.0,1
12257.0,0
12259.0,0
12261.0,0
12263.0,0
12265.0,0
12267.0,0
12269.0,1
12271.0,0
12273.0,0
12275.0,1
12277.0,0
12279.0,0
12281.0,0
12283.0,0
12285.0,0
12287.0,0
12289.0,1
12291.0,0
12293.0,0
12295.0,0
12297.0,0
12299.0,0
12301.0,0
12303.0,0
12305.0,0
12307.0,0
12309.0,0
12311.0,0
12313.0,0
12315.0,0
12317.0,0
12319.0,0
12321.0,0
12323.0,1
12325.0,0
12327.0,0
12329.0,0
12331.0,0
12333.0,0
12335.0,0
12337.0,0
12339.0,0
12341.0,0
12343.0,0
12345.0,1
12347.0,0
12349.0,0
12351.0,0
12353.0,0
12355.0,2
12357.0,0
12359.0,1
12361.0,0
12363.0,0
12365.0,0
12367.0,0
12369.0,0
12371.0,0
12373.0,0
12375.0,0
12377.0,0
12379.0,0
12381.0,0
12383.0,0
12385.0,0
12387.0,0
12389.0,0
12391.0,1
12393.0,1
12395.0,0
12397.0,0
12399.0,0
12401.0,0
12403.0,1
12405.0,0
12407.0,1
12409.0,0
12411.0,0
12413.0,1
12415.0,0
12417.0,0
12419.0,0
12421.0,1
12423.0,0
12425.0,1
12427.0,1
12429.0,1
12431.0,1
12433.0,0
12435.0,0
12437.0,1
12439.0,0
12441.0,1
12443.0,0
12445.0,0
12447.0,0
12449.0,0
12451.0,0
12453.0,0
12455.0,0
12457.0,0
12459.0,0
12461.0,0
12463.0,0
12465.0,0
12467.0,0
12469.0,0
12471.0,0
12473.0,0
12475.0,0
12477.0,0
12479.0,0
12481.0,0
12483.0,0
12485.0,0
12487.0,0
12489.0,0
12491.0,0
12493.0,0
12495.0,0
12497.0,0
12499.0,0
12501.0,0
12503.0,1
12505.0,0
12507.0,1
12509.0,0
12511.0,0
12513.0,0
12515.0,0
12517.0,0
12519.0,1
12521.0,0
12523.0,0
12525.0,0
12527.0,0
12529.0,0
12531.0,1
12533.0,0
12535.0,0
12537.0,0
12539.0,0
12541.0,0
12543.0,1
12545.0,0
12547.0,0
12549.0,1
12551.0,0
12553.0,1
12555.0,0
12557.0,1
12559.0,1
12561.0,0
12563.0,0
12565.0,0
12567.0,0
12569.0,0
12571.0,1
12573.0,0
12575.0,0
12577.0,0
12579.0,1
12581.0,0
12583.0,0
12585.0,1
12587.0,0
12589.0,0
12591.0,0
12593.0,0
12595.0,0
12597.0,1
12599.0,0
12601.0,0
12603.0,0
12605.0,1
12607.0,0
12609.0,0
12611.0,0
12613.0,1
12615.0,1
12617.0,0
12619.0,1
12621.0,0
12623.0,0
12625.0,0
12627.0,0
12629.0,0
12631.0,0
12633.0,0
12635.0,0
12637.0,0
12639.0,1
12641.0,1
12643.0,1
12645.0,0
12647.0,1
12649.0,0
12651.0,1
12653.0,1
12655.0,0
12657.0,1
12659.0,0
12661.0,2
12663.0,0
12665.0,1
12667.0,0
12669.0,0
12671.0,0
12673.0,0
12675.0,0
12677.0,0
12679.0,0
12681.0,0
12683.0,0
12685.0,1
12687.0,0
12689.0,1
12691.0,0
12693.0,0
12695.0,0
12697.0,0
12699.0,0
12701.0,1
12703.0,0
12705.0,0
12707.0,0
12709.0,2
12711.0,0
12713.0,0
12715.0,1
12717.0,0
12719.0,0
12721.0,0
12723.0,1
12725.0,0
12727.0,1
12729.0,0
12731.0,1
12733.0,0
12735.0,1
12737.0,0
12739.0,1
12741.0,0
12743.0,0
12745.0,1
12747.0,1
12749.0,1
12751.0,0
12753.0,0
12755.0,0
12757.0,1
12759.0,1
12761.0,0
12763.0,0
12765.0,0
12767.0,0
12769.0,1
12771.0,0
12773.0,2
12775.0,0
12777.0,0
12779.0,0
12781.0,1
12783.0,0
12785.0,0
12787.0,0
12789.0,0
12791.0,1
12793.0,0
12795.0,0
12797.0,1
12799.0,0
12801.0,0
12803.0,0
12805.0,0
12807.0,0
12809.0,0
12811.0,0
12813.0,0
12815.0,0
12817.0,0
12819.0,0
12821.0,0
12823.0,2
12825.0,1
12827.0,1
12829.0,1
12831.0,1
12833.0,0
12835.0,0
12837.0,0
12839.0,1
12841.0,0
12843.0,0
12845.0,1
12847.0,0
12849.0,0
12851.0,0
12853.0,0
12855.0,1
12857.0,1
12859.0,0
12861.0,1
12863.0,0
12865.0,0
12867.0,0
12869.0,0
12871.0,0
12873.0,0
12875.0,0
12877.0,0
12879.0,1
12881.0,0
12883.0,0
12885.0,1
12887.0,0
12889.0,0
12891.0,1
12893.0,0
12895.0,0
12897.0,0
12899.0,0
12901.0,0
12903.0,0
12905.0,0
12907.0,0
12909.0,0
12911.0,0
12913.0,0
12915.0,0
12917.0,1
12919.0,0
12921.0,0
12923.0,0
12925.0,0
12927.0,0
12929.0,0
12931.0,0
12933.0,0
12935.0,0
12937.0,0
12939.0,0
12941.0,0
12943.0,0
12945.0,0
12947.0,1
12949.0,0
12951.0,0
12953.0,0
12955.0,0
12957.0,0
12959.0,0
12961.0,0
12963.0,0
12965.0,0
12967.0,0
12969.0,0
12971.0,0
12973.0,0
12975.0,0
12977.0,0
12979.0,0
12981.0,0
12983.0,0
12985.0,0
12987.0,0
12989.0,0
12991.0,1
12993.0,0
12995.0,0
12997.0,0
