Bin center (eV),Counts per 2 eV bin
801.0,26
803.0,32
805.0,25
807.0,36
809.0,46
811.0,45
813.0,50
815.0,52
817.0,57
819.0,57
821.0,52
823.0,58
825.0,72
827.0,50
829.0,37
831.0,70
833.0,110
835.0,134
837.0,195
839.0,239
841.0,261
843.0,270
845.0,219
847.0,256
849.0,318
851.0,383
853.0,393
855.0,342
857.0,245
859.0,176
861.0,125
863.0,89
865.0,83
867.0,56
869.0,41
871.0,43
873.0,36
875.0,42
877.0,52
879.0,32
881.0,35
883.0,25
885.0,39
887.0,55
889.0,52
891.0,48
893.0,55
895.0,36
897.0,57
899.0,81
901.0,105
903.0,134
905.0,260
907.0,250
909.0,189
911.0,109
913.0,121
915.0,160
917.0,194
919.0,228
921.0,285
923.0,317
925.0,248
927.0,222
929.0,198
931.0,218
933.0,166
935.0,165
937.0,115
939.0,88
941.0,69
943.0,71
945.0,55
947.0,35
949.0,47
951.0,41
953.0,51
955.0,40
957.0,30
959.0,39
961.0,26
963.0,32
965.0,39
967.0,43
969.0,25
971.0,19
973.0,35
975.0,42
977.0,36
979.0,27
981.0,37
983.0,21
985.0,25
987.0,29
989.0,19
991.0,22
993.0,25
995.0,25
997.0,26
999.0,27
1001.0,24
1003.0,24
1005.0,26
1007.0,23
1009.0,32
1011.0,24
1013.0,19
1015.0,23
1017.0,31
1019.0,24
1021.0,17
1023.0,12
1025.0,21
1027.0,25
1029.0,30
1031.0,42
1033.0,46
1035.0,31
1037.0,27
1039.0,28
1041.0,23
1043.0,19
1045.0,20
1047.0,23
1049.0,18
1051.0,18
1053.0,10
1055.0,15
1057.0,20
1059.0,19
1061.0,14
1063.0,20
1065.0,25
1067.0,14
1069.0,17
1071.0,17
1073.0,23
1075.0,17
1077.0,17
1079.0,22
1081.0,20
1083.0,16
1085.0,21
1087.0,17
1089.0,20
1091.0,16
1093.0,17
1095.0,14
1097.0,21
1099.0,19
1101.0,13
1103.0,16
1105.0,25
1107.0,16
1109.0,13
1111.0,15
1113.0,16
1115.0,22
1117.0,23
1119.0,20
1121.0,18
1123.0,17
1125.0,14
1127.0,15
1129.0,25
1131.0,20
1133.0,14
1135.0,27
1137.0,25
1139.0,20
1141.0,24
1143.0,22
1145.0,29
1147.0,18
1149.0,15
1151.0,14
1153.0,17
1155.0,14
1157.0,17
1159.0,25
1161.0,18
1163.0,27
1165.0,27
1167.0,22
1169.0,21
1171.0,20
1173.0,16
1175.0,23
1177.0,14
1179.0,25
1181.0,22
1183.0,22
1185.0,28
1187.0,12
1189.0,23
1191.0,20
1193.0,28
1195.0,14
1197.0,19
1199.0,17
1201.0,21
1203.0,24
1205.0,25
1207.0,20
1209.0,21
1211.0,22
1213.0,23
1215.0,25
1217.0,18
1219.0,19
1221.0,28
1223.0,25
1225.0,19
1227.0,26
1229.0,23
1231.0,15
1233.0,18
1235.0,21
1237.0,20
1239.0,25
1241.0,23
1243.0,23
1245.0,31
1247.0,24
1249.0,22
1251.0,30
1253.0,16
1255.0,25
1257.0,21
1259.0,27
1261.0,18
1263.0,32
1265.0,27
1267.0,24
1269.0,21
1271.0,29
1273.0,12
1275.0,19
1277.0,29
1279.0,24
1281.0,20
1283.0,22
1285.0,26
1287.0,22
1289.0,30
1291.0,24
1293.0,25
1295.0,25
1297.0,23
1299.0,22
1301.0,20
1303.0,27
1305.0,27
1307.0,40
1309.0,21
1311.0,24
1313.0,23
1315.0,31
1317.0,25
1319.0,24
1321.0,19
1323.0,25
1325.0,28
1327.0,22
1329.0,25
1331.0,21
1333.0,19
1335.0,20
1337.0,14
1339.0,19
1341.0,30
1343.0,23
1345.0,16
1347.0,20
1349.0,30
1351.0,37
1353.0,29
1355.0,33
1357.0,24
1359.0,19
1361.0,22
1363.0,23
1365.0,20
1367.0,15
1369.0,26
1371.0,20
1373.0,23
1375.0,11
1377.0,20
1379.0,21
1381.0,25
1383.0,22
1385.0,29
1387.0,35
1389.0,27
1391.0,23
1393.0,22
1395.0,25
1397.0,16
1399.0,27
1401.0,17
1403.0,25
1405.0,21
1407.0,17
1409.0,16
1411.0,18
1413.0,24
1415.0,23
1417.0,24
1419.0,18
1421.0,28
1423.0,34
1425.0,28
1427.0,19
1429.0,22
1431.0,21
1433.0,16
1435.0,18
1437.0,22
1439.0,20
1441.0,17
1443.0,17
1445.0,20
1447.0,23
1449.0,18
1451.0,17
1453.0,28
1455.0,24
1457.0,21
1459.0,13
1461.0,18
1463.0,25
1465.0,35
1467.0,42
1469.0,48
1471.0,41
1473.0,27
1475.0,31
1477.0,46
1479.0,49
1481.0,27
1483.0,25
1485.0,27
1487.0,21
1489.0,22
1491.0,18
1493.0,20
1495.0,19
1497.0,18
1499.0,28
1501.0,31
1503.0,26
1505.0,36
1507.0,33
1509.0,25
1511.0,25
1513.0,23
1515.0,18
1517.0,22
1519.0,17
1521.0,25
1523.0,22
1525.0,24
1527.0,21
1529.0,24
1531.0,16
1533.0,26
1535.0,23
1537.0,19
1539.0,17
1541.0,23
1543.0,19
1545.0,14
1547.0,14
1549.0,16
1551.0,15
1553.0,24
1555.0,12
1557.0,21
1559.0,21
1561.0,18
1563.0,15
1565.0,12
1567.0,10
1569.0,13
1571.0,8
1573.0,10
1575.0,17
1577.0,11
1579.0,17
1581.0,9
1583.0,10
1585.0,14
1587.0,14
1589.0,12
1591.0,15
1593.0,16
1595.0,10
1597.0,14
1599.0,8
1601.0,11
1603.0,19
1605.0,22
1607.0,16
1609.0,22
1611.0,16
1613.0,11
1615.0,19
1617.0,23
1619.0,42
1621.0,54
1623.0,33
1625.0,22
1627.0,19
1629.0,25
1631.0,19
1633.0,19
1635.0,15
1637.0,13
1639.0,19
1641.0,13
1643.0,15
1645.0,15
1647.0,16
1649.0,14
1651.0,15
1653.0,16
1655.0,10
1657.0,24
1659.0,20
1661.0,35
1663.0,44
1665.0,31
1667.0,25
1669.0,21
1671.0,11
1673.0,17
1675.0,27
1677.0,20
1679.0,17
1681.0,11
1683.0,19
1685.0,12
1687.0,21
1689.0,18
1691.0,24
1693.0,25
1695.0,20
1697.0,14
1699.0,13
1701.0,14
1703.0,17
1705.0,12
1707.0,8
1709.0,23
1711.0,12
1713.0,11
1715.0,14
1717.0,15
1719.0,26
1721.0,22
1723.0,18
1725.0,16
1727.0,11
1729.0,22
1731.0,19
1733.0,18
1735.0,24
1737.0,27
1739.0,12
1741.0,21
1743.0,15
1745.0,20
1747.0,19
1749.0,19
1751.0,12
1753.0,19
1755.0,17
1757.0,8
1759.0,19
1761.0,19
1763.0,13
1765.0,17
1767.0,16
1769.0,16
1771.0,23
1773.0,18
1775.0,18
1777.0,10
1779.0,7
1781.0,15
1783.0,15
1785.0,14
1787.0,21
1789.0,17
1791.0,20
1793.0,19
1795.0,24
1797.0,15
1799.0,14
1801.0,16
1803.0,15
1805.0,17
1807.0,21
1809.0,12
1811.0,17
1813.0,13
1815.0,14
1817.0,13
1819.0,15
1821.0,9
1823.0,17
1825.0,18
1827.0,27
1829.0,28
1831.0,23
1833.0,28
1835.0,22
1837.0,13
1839.0,13
1841.0,13
1843.0,19
1845.0,15
1847.0,21
1849.0,15
1851.0,18
1853.0,20
1855.0,14
1857.0,19
1859.0,11
1861.0,13
1863.0,11
1865.0,16
1867.0,19
1869.0,11
1871.0,21
1873.0,13
1875.0,17
1877.0,14
1879.0,22
1881.0,15
1883.0,12
1885.0,10
1887.0,9
1889.0,19
1891.0,15
1893.0,14
1895.0,16
1897.0,19
1899.0,25
1901.0,35
1903.0,34
1905.0,25
1907.0,29
1909.0,6
1911.0,13
1913.0,8
1915.0,13
1917.0,23
1919.0,15
1921.0,14
1923.0,20
1925.0,19
1927.0,23
1929.0,17
1931.0,21
1933.0,23
1935.0,18
1937.0,31
1939.0,24
1941.0,39
1943.0,23
1945.0,19
1947.0,16
1949.0,26
1951.0,20
1953.0,25
1955.0,25
1957.0,35
1959.0,36
1961.0,60
1963.0,83
1965.0,87
1967.0,100
1969.0,67
1971.0,53
1973.0,47
1975.0,36
1977.0,34
1979.0,30
1981.0,28
1983.0,33
1985.0,20
1987.0,29
1989.0,45
1991.0,69
1993.0,68
1995.0,48
1997.0,35
1999.0,24
2001.0,21
2003.0,23
2005.0,30
2007.0,25
2009.0,17
2011.0,18
2013.0,19
2015.0,19
2017.0,14
2019.0,23
2021.0,18
2023.0,17
2025.0,25
2027.0,17
2029.0,24
2031.0,23
2033.0,19
2035.0,20
2037.0,16
2039.0,19
2041.0,15
2043.0,21
2045.0,24
2047.0,21
2049.0,21
2051.0,29
2053.0,19
2055.0,15
2057.0,16
2059.0,18
2061.0,39
2063.0,25
2065.0,29
2067.0,24
2069.0,20
2071.0,14
2073.0,19
2075.0,16
2077.0,19
2079.0,12
2081.0,22
2083.0,17
2085.0,19
2087.0,19
2089.0,28
2091.0,20
2093.0,13
2095.0,15
2097.0,11
2099.0,16
2101.0,24
2103.0,23
2105.0,39
2107.0,28
2109.0,42
2111.0,18
2113.0,22
2115.0,25
2117.0,25
2119.0,25
2121.0,15
2123.0,17
2125.0,21
2127.0,18
2129.0,12
2131.0,23
2133.0,19
2135.0,12
2137.0,12
2139.0,17
2141.0,12
2143.0,17
2145.0,16
2147.0,19
2149.0,27
2151.0,26
2153.0,20
2155.0,21
2157.0,26
2159.0,34
2161.0,25
2163.0,17
2165.0,30
2167.0,31
2169.0,27
2171.0,22
2173.0,29
2175.0,26
2177.0,17
2179.0,26
2181.0,25
2183.0,27
2185.0,29
2187.0,30
2189.0,50
2191.0,36
2193.0,24
2195.0,22
2197.0,20
2199.0,32
2201.0,27
2203.0,25
2205.0,31
2207.0,25
2209.0,33
2211.0,30
2213.0,21
2215.0,26
2217.0,36
2219.0,43
2221.0,45
2223.0,36
2225.0,41
2227.0,35
2229.0,32
2231.0,34
2233.0,38
2235.0,48
2237.0,52
2239.0,48
2241.0,47
2243.0,35
2245.0,35
2247.0,27
2249.0,34
2251.0,28
2253.0,30
2255.0,41
2257.0,52
2259.0,84
2261.0,65
2263.0,47
2265.0,39
2267.0,33
2269.0,36
2271.0,28
2273.0,21
2275.0,28
2277.0,43
2279.0,38
2281.0,25
2283.0,39
2285.0,41
2287.0,26
2289.0,32
2291.0,33
2293.0,18
2295.0,23
2297.0,28
2299.0,37
2301.0,29
2303.0,54
2305.0,58
2307.0,60
2309.0,52
2311.0,44
2313.0,32
2315.0,38
2317.0,38
2319.0,40
2321.0,36
2323.0,34
2325.0,45
2327.0,29
2329.0,40
2331.0,33
2333.0,21
2335.0,16
2337.0,22
2339.0,21
2341.0,31
2343.0,27
2345.0,27
2347.0,25
2349.0,39
2351.0,37
2353.0,49
2355.0,51
2357.0,42
2359.0,56
2361.0,37
2363.0,35
2365.0,35
2367.0,34
2369.0,41
2371.0,29
2373.0,31
2375.0,33
2377.0,32
2379.0,19
2381.0,21
2383.0,31
2385.0,29
2387.0,27
2389.0,29
2391.0,23
2393.0,35
2395.0,30
2397.0,38
2399.0,48
2401.0,49
2403.0,50
2405.0,45
2407.0,44
2409.0,50
2411.0,56
2413.0,40
2415.0,41
2417.0,42
2419.0,48
2421.0,50
2423.0,47
2425.0,52
2427.0,32
2429.0,35
2431.0,43
2433.0,44
2435.0,47
2437.0,41
2439.0,34
2441.0,37
2443.0,52
2445.0,35
2447.0,58
2449.0,51
2451.0,58
2453.0,52
2455.0,46
2457.0,59
2459.0,75
2461.0,74
2463.0,54
2465.0,72
2467.0,43
2469.0,59
2471.0,38
2473.0,39
2475.0,44
2477.0,18
2479.0,23
2481.0,43
2483.0,28
2485.0,41
2487.0,20
2489.0,32
2491.0,29
2493.0,48
2495.0,52
2497.0,60
2499.0,63
2501.0,36
2503.0,35
2505.0,37
2507.0,44
2509.0,33
2511.0,43
2513.0,40
2515.0,39
2517.0,33
2519.0,31
2521.0,34
2523.0,34
2525.0,23
2527.0,50
2529.0,38
2531.0,36
2533.0,33
2535.0,36
2537.0,49
2539.0,50
2541.0,54
2543.0,72
2545.0,62
2547.0,48
2549.0,47
2551.0,43
2553.0,41
2555.0,29
2557.0,42
2559.0,31
2561.0,36
2563.0,32
2565.0,37
2567.0,44
2569.0,48
2571.0,38
2573.0,31
2575.0,47
2577.0,32
2579.0,41
2581.0,53
2583.0,52
2585.0,59
2587.0,66
2589.0,57
2591.0,56
2593.0,53
2595.0,57
2597.0,58
2599.0,57
2601.0,50
2603.0,52
2605.0,46
2607.0,44
2609.0,28
2611.0,39
2613.0,23
2615.0,32
2617.0,46
2619.0,56
2621.0,50
2623.0,75
2625.0,50
2627.0,56
2629.0,40
2631.0,40
2633.0,39
2635.0,28
2637.0,53
2639.0,63
2641.0,60
2643.0,55
2645.0,51
2647.0,39
2649.0,43
2651.0,49
2653.0,49
2655.0,35
2657.0,33
2659.0,39
2661.0,46
2663.0,31
2665.0,57
2667.0,49
2669.0,41
2671.0,28
2673.0,43
2675.0,58
2677.0,46
2679.0,56
2681.0,38
2683.0,47
2685.0,36
2687.0,22
2689.0,26
2691.0,40
2693.0,30
2695.0,31
2697.0,43
2699.0,44
2701.0,48
2703.0,49
2705.0,47
2707.0,53
2709.0,55
2711.0,52
2713.0,43
2715.0,30
2717.0,43
2719.0,46
2721.0,32
2723.0,29
2725.0,32
2727.0,36
2729.0,43
2731.0,29
2733.0,36
2735.0,22
2737.0,37
2739.0,34
2741.0,49
2743.0,35
2745.0,70
2747.0,79
2749.0,85
2751.0,74
2753.0,65
2755.0,47
2757.0,45
2759.0,54
2761.0,49
2763.0,53
2765.0,39
2767.0,26
2769.0,33
2771.0,41
2773.0,39
2775.0,22
2777.0,23
2779.0,36
2781.0,30
2783.0,31
2785.0,36
2787.0,33
2789.0,55
2791.0,63
2793.0,66
2795.0,63
2797.0,83
2799.0,94
2801.0,72
2803.0,72
2805.0,53
2807.0,34
2809.0,18
2811.0,37
2813.0,28
2815.0,33
2817.0,30
2819.0,45
2821.0,44
2823.0,41
2825.0,34
2827.0,36
2829.0,21
2831.0,38
2833.0,52
2835.0,70
2837.0,57
2839.0,69
2841.0,58
2843.0,61
2845.0,42
2847.0,49
2849.0,48
2851.0,41
2853.0,31
2855.0,44
2857.0,35
2859.0,25
2861.0,31
2863.0,35
2865.0,33
2867.0,61
2869.0,62
2871.0,63
2873.0,60
2875.0,50
2877.0,48
2879.0,49
2881.0,48
2883.0,45
2885.0,55
2887.0,64
2889.0,43
2891.0,53
2893.0,43
2895.0,36
2897.0,42
2899.0,43
2901.0,46
2903.0,51
2905.0,51
2907.0,35
2909.0,40
2911.0,38
2913.0,64
2915.0,82
2917.0,64
2919.0,67
2921.0,58
2923.0,56
2925.0,58
2927.0,37
2929.0,36
2931.0,30
2933.0,24
2935.0,27
2937.0,35
2939.0,46
2941.0,67
2943.0,70
2945.0,54
2947.0,41
2949.0,54
2951.0,49
2953.0,60
2955.0,55
2957.0,61
2959.0,74
2961.0,96
2963.0,62
2965.0,55
2967.0,46
2969.0,34
2971.0,32
2973.0,27
2975.0,31
2977.0,37
2979.0,32
2981.0,45
2983.0,44
2985.0,55
2987.0,61
2989.0,73
2991.0,60
2993.0,51
2995.0,43
2997.0,61
2999.0,58
3001.0,61
3003.0,64
3005.0,46
3007.0,44
3009.0,41
3011.0,54
3013.0,39
3015.0,61
3017.0,30
3019.0,31
3021.0,36
3023.0,33
3025.0,25
3027.0,23
3029.0,20
3031.0,33
3033.0,24
3035.0,24
3037.0,39
3039.0,23
3041.0,48
3043.0,30
3045.0,39
3047.0,41
3049.0,44
3051.0,37
3053.0,35
3055.0,35
3057.0,39
3059.0,34
3061.0,40
3063.0,40
3065.0,42
3067.0,45
3069.0,66
3071.0,47
3073.0,44
3075.0,21
3077.0,22
3079.0,21
3081.0,29
3083.0,46
3085.0,71
3087.0,54
3089.0,62
3091.0,36
3093.0,28
3095.0,28
3097.0,27
3099.0,40
3101.0,38
3103.0,45
3105.0,33
3107.0,35
3109.0,27
3111.0,26
3113.0,47
3115.0,29
3117.0,36
3119.0,39
3121.0,43
3123.0,49
3125.0,33
3127.0,39
3129.0,28
3131.0,18
3133.0,35
3135.0,24
3137.0,48
3139.0,70
3141.0,69
3143.0,68
3145.0,53
3147.0,36
3149.0,44
3151.0,53
3153.0,34
3155.0,43
3157.0,42
3159.0,42
3161.0,41
3163.0,47
3165.0,40
3167.0,36
3169.0,40
3171.0,42
3173.0,48
3175.0,46
3177.0,34
3179.0,26
3181.0,23
3183.0,18
3185.0,20
3187.0,16
3189.0,22
3191.0,24
3193.0,42
3195.0,45
3197.0,57
3199.0,50
3201.0,52
3203.0,44
3205.0,41
3207.0,43
3209.0,44
3211.0,58
3213.0,45
3215.0,55
3217.0,40
3219.0,57
3221.0,53
3223.0,46
3225.0,53
3227.0,36
3229.0,32
3231.0,34
3233.0,42
3235.0,35
3237.0,16
3239.0,16
3241.0,27
3243.0,22
3245.0,17
3247.0,20
3249.0,31
3251.0,26
3253.0,27
3255.0,18
3257.0,21
3259.0,26
3261.0,31
3263.0,26
3265.0,29
3267.0,24
3269.0,35
3271.0,25
3273.0,31
3275.0,37
3277.0,45
3279.0,48
3281.0,48
3283.0,38
3285.0,37
3287.0,29
3289.0,23
3291.0,30
3293.0,30
3295.0,38
3297.0,29
3299.0,29
3301.0,30
3303.0,33
3305.0,50
3307.0,54
3309.0,37
3311.0,33
3313.0,19
3315.0,28
3317.0,40
3319.0,31
3321.0,29
3323.0,31
3325.0,27
3327.0,27
3329.0,35
3331.0,42
3333.0,45
3335.0,35
3337.0,58
3339.0,55
3341.0,49
3343.0,63
3345.0,52
3347.0,31
3349.0,22
3351.0,26
3353.0,15
3355.0,19
3357.0,13
3359.0,24
3361.0,18
3363.0,20
3365.0,15
3367.0,23
3369.0,30
3371.0,33
3373.0,25
3375.0,15
3377.0,28
3379.0,24
3381.0,46
3383.0,71
3385.0,84
3387.0,72
3389.0,53
3391.0,36
3393.0,38
3395.0,38
3397.0,22
3399.0,20
3401.0,20
3403.0,26
3405.0,26
3407.0,23
3409.0,25
3411.0,21
3413.0,20
3415.0,41
3417.0,59
3419.0,43
3421.0,41
3423.0,37
3425.0,52
3427.0,52
3429.0,35
3431.0,51
3433.0,47
3435.0,45
3437.0,36
3439.0,42
3441.0,32
3443.0,26
3445.0,25
3447.0,23
3449.0,10
3451.0,23
3453.0,25
3455.0,40
3457.0,20
3459.0,36
3461.0,45
3463.0,41
3465.0,63
3467.0,65
3469.0,49
3471.0,60
3473.0,47
3475.0,39
3477.0,35
3479.0,16
3481.0,25
3483.0,19
3485.0,31
3487.0,26
3489.0,32
3491.0,38
3493.0,35
3495.0,29
3497.0,47
3499.0,48
3501.0,56
3503.0,36
3505.0,30
3507.0,42
3509.0,35
3511.0,36
3513.0,27
3515.0,26
3517.0,31
3519.0,20
3521.0,13
3523.0,14
3525.0,23
3527.0,27
3529.0,29
3531.0,28
3533.0,15
3535.0,24
3537.0,23
3539.0,19
3541.0,31
3543.0,25
3545.0,19
3547.0,38
3549.0,48
3551.0,47
3553.0,40
3555.0,25
3557.0,15
3559.0,14
3561.0,20
3563.0,24
3565.0,22
3567.0,33
3569.0,27
3571.0,37
3573.0,50
3575.0,45
3577.0,38
3579.0,26
3581.0,35
3583.0,41
3585.0,31
3587.0,50
3589.0,52
3591.0,69
3593.0,41
3595.0,30
3597.0,13
3599.0,14
3601.0,22
3603.0,17
3605.0,8
3607.0,16
3609.0,13
3611.0,18
3613.0,21
3615.0,37
3617.0,54
3619.0,40
3621.0,59
3623.0,47
3625.0,51
3627.0,40
3629.0,37
3631.0,21
3633.0,24
3635.0,28
3637.0,20
3639.0,15
3641.0,12
3643.0,9
3645.0,11
3647.0,13
3649.0,12
3651.0,14
3653.0,25
3655.0,18
3657.0,23
3659.0,21
3661.0,40
3663.0,35
3665.0,37
3667.0,42
3669.0,43
3671.0,33
3673.0,31
3675.0,52
3677.0,44
3679.0,37
3681.0,19
3683.0,25
3685.0,31
3687.0,22
3689.0,23
3691.0,22
3693.0,21
3695.0,25
3697.0,22
3699.0,20
3701.0,13
3703.0,20
3705.0,15
3707.0,26
3709.0,22
3711.0,31
3713.0,31
3715.0,18
3717.0,15
3719.0,13
3721.0,9
3723.0,12
3725.0,12
3727.0,14
3729.0,14
3731.0,18
3733.0,21
3735.0,26
3737.0,25
3739.0,18
3741.0,19
3743.0,13
3745.0,24
3747.0,25
3749.0,22
3751.0,34
3753.0,13
3755.0,8
3757.0,26
3759.0,31
3761.0,19
3763.0,14
3765.0,10
3767.0,17
3769.0,10
3771.0,19
3773.0,11
3775.0,10
3777.0,15
3779.0,13
3781.0,18
3783.0,7
3785.0,18
3787.0,27
3789.0,27
3791.0,18
3793.0,18
3795.0,12
3797.0,11
3799.0,23
3801.0,24
3803.0,33
3805.0,31
3807.0,18
3809.0,18
3811.0,7
3813.0,22
3815.0,7
3817.0,14
3819.0,14
3821.0,19
3823.0,19
3825.0,14
3827.0,20
3829.0,22
3831.0,16
3833.0,17
3835.0,19
3837.0,21
3839.0,15
3841.0,12
3843.0,16
3845.0,9
3847.0,24
3849.0,14
3851.0,9
3853.0,19
3855.0,8
3857.0,24
3859.0,16
3861.0,8
3863.0,9
3865.0,5
3867.0,12
3869.0,8
3871.0,11
3873.0,13
3875.0,10
3877.0,11
3879.0,16
3881.0,5
3883.0,11
3885.0,15
3887.0,8
3889.0,13
3891.0,14
3893.0,13
3895.0,19
3897.0,31
3899.0,25
3901.0,28
3903.0,16
3905.0,7
3907.0,6
3909.0,10
3911.0,12
3913.0,8
3915.0,16
3917.0,14
3919.0,13
3921.0,20
3923.0,20
3925.0,10
3927.0,15
3929.0,7
3931.0,10
3933.0,10
3935.0,9
3937.0,12
3939.0,8
3941.0,20
3943.0,18
3945.0,15
3947.0,7
3949.0,5
3951.0,15
3953.0,12
3955.0,6
3957.0,19
3959.0,20
3961.0,30
3963.0,35
3965.0,21
3967.0,9
3969.0,16
3971.0,16
3973.0,14
3975.0,8
3977.0,9
3979.0,12
3981.0,10
3983.0,10
3985.0,5
3987.0,8
3989.0,5
3991.0,13
3993.0,8
3995.0,7
3997.0,10
3999.0,13
4001.0,11
4003.0,9
4005.0,6
4007.0,9
4009.0,13
4011.0,10
4013.0,4
4015.0,4
4017.0,12
4019.0,6
4021.0,5
4023.0,18
4025.0,8
4027.0,16
4029.0,9
4031.0,6
4033.0,9
4035.0,6
4037.0,8
4039.0,13
4041.0,11
4043.0,9
4045.0,13
4047.0,10
4049.0,8
4051.0,12
4053.0,13
4055.0,11
4057.0,8
4059.0,6
4061.0,4
4063.0,9
4065.0,10
4067.0,18
4069.0,7
4071.0,10
4073.0,4
4075.0,10
4077.0,7
4079.0,5
4081.0,10
4083.0,21
4085.0,19
4087.0,8
4089.0,15
4091.0,8
4093.0,2
4095.0,6
4097.0,7
4099.0,4
4101.0,8
4103.0,8
4105.0,10
4107.0,11
4109.0,6
4111.0,4
4113.0,7
4115.0,11
4117.0,14
4119.0,12
4121.0,19
4123.0,15
4125.0,10
4127.0,12
4129.0,19
4131.0,21
4133.0,13
4135.0,8
4137.0,15
4139.0,16
4141.0,20
4143.0,10
4145.0,8
4147.0,10
4149.0,9
4151.0,8
4153.0,12
4155.0,6
4157.0,11
4159.0,10
4161.0,6
4163.0,12
4165.0,7
4167.0,9
4169.0,12
4171.0,6
4173.0,7
4175.0,6
4177.0,9
4179.0,12
4181.0,11
4183.0,10
4185.0,8
4187.0,5
4189.0,3
4191.0,5
4193.0,7
4195.0,4
4197.0,10
4199.0,5
4201.0,12
4203.0,9
4205.0,6
4207.0,11
4209.0,17
4211.0,16
4213.0,22
4215.0,13
4217.0,11
4219.0,13
4221.0,16
4223.0,14
4225.0,7
4227.0,15
4229.0,9
4231.0,11
4233.0,10
4235.0,8
4237.0,13
4239.0,5
4241.0,8
4243.0,10
4245.0,6
4247.0,7
4249.0,8
4251.0,9
4253.0,13
4255.0,25
4257.0,16
4259.0,10
4261.0,9
4263.0,7
4265.0,2
4267.0,7
4269.0,6
4271.0,16
4273.0,15
4275.0,17
4277.0,10
4279.0,12
4281.0,13
4283.0,7
4285.0,8
4287.0,2
4289.0,3
4291.0,9
4293.0,14
4295.0,26
4297.0,28
4299.0,24
4301.0,15
4303.0,10
4305.0,8
4307.0,9
4309.0,5
4311.0,7
4313.0,6
4315.0,14
4317.0,19
4319.0,17
4321.0,16
4323.0,10
4325.0,9
4327.0,7
4329.0,11
4331.0,9
4333.0,8
4335.0,9
4337.0,12
4339.0,13
4341.0,12
4343.0,18
4345.0,21
4347.0,18
4349.0,6
4351.0,6
4353.0,10
4355.0,17
4357.0,10
4359.0,11
4361.0,10
4363.0,10
4365.0,19
4367.0,11
4369.0,7
4371.0,15
4373.0,10
4375.0,10
4377.0,9
4379.0,8
4381.0,4
4383.0,17
4385.0,10
4387.0,11
4389.0,13
4391.0,18
4393.0,14
4395.0,10
4397.0,7
4399.0,16
4401.0,13
4403.0,13
4405.0,8
4407.0,11
4409.0,12
4411.0,24
4413.0,22
4415.0,21
4417.0,15
4419.0,12
4421.0,15
4423.0,16
4425.0,9
4427.0,8
4429.0,7
4431.0,4
4433.0,4
4435.0,7
4437.0,5
4439.0,7
4441.0,2
4443.0,10
4445.0,5
4447.0,9
4449.0,4
4451.0,3
4453.0,3
4455.0,12
4457.0,7
4459.0,9
4461.0,8
4463.0,14
4465.0,24
4467.0,28
4469.0,31
4471.0,22
4473.0,12
4475.0,4
4477.0,9
4479.0,4
4481.0,5
4483.0,5
4485.0,6
4487.0,5
4489.0,8
4491.0,13
4493.0,11
4495.0,7
4497.0,7
4499.0,14
4501.0,11
4503.0,11
4505.0,11
4507.0,15
4509.0,13
4511.0,6
4513.0,11
4515.0,10
4517.0,14
4519.0,9
4521.0,7
4523.0,8
4525.0,6
4527.0,9
4529.0,3
4531.0,10
4533.0,5
4535.0,2
4537.0,3
4539.0,4
4541.0,8
4543.0,9
4545.0,10
4547.0,17
4549.0,13
4551.0,9
4553.0,7
4555.0,7
4557.0,7
4559.0,13
4561.0,13
4563.0,19
4565.0,17
4567.0,24
4569.0,16
4571.0,20
4573.0,15
4575.0,11
4577.0,9
4579.0,4
4581.0,13
4583.0,7
4585.0,6
4587.0,7
4589.0,10
4591.0,5
4593.0,10
4595.0,12
4597.0,9
4599.0,5
4601.0,5
4603.0,5
4605.0,6
4607.0,17
4609.0,18
4611.0,19
4613.0,12
4615.0,3
4617.0,6
4619.0,7
4621.0,5
4623.0,6
4625.0,5
4627.0,6
4629.0,9
4631.0,4
4633.0,5
4635.0,6
4637.0,11
4639.0,14
4641.0,8
4643.0,3
4645.0,8
4647.0,3
4649.0,9
4651.0,6
4653.0,6
4655.0,7
4657.0,22
4659.0,22
4661.0,17
4663.0,9
4665.0,4
4667.0,7
4669.0,3
4671.0,10
4673.0,2
4675.0,6
4677.0,3
4679.0,7
4681.0,5
4683.0,6
4685.0,5
4687.0,9
4689.0,6
4691.0,11
4693.0,8
4695.0,9
4697.0,4
4699.0,6
4701.0,10
4703.0,5
4705.0,5
4707.0,6
4709.0,2
4711.0,9
4713.0,5
4715.0,6
4717.0,6
4719.0,8
4721.0,7
4723.0,6
4725.0,4
4727.0,2
4729.0,3
4731.0,9
4733.0,7
4735.0,6
4737.0,4
4739.0,5
4741.0,5
4743.0,3
4745.0,4
4747.0,8
4749.0,3
4751.0,2
4753.0,9
4755.0,4
4757.0,10
4759.0,10
4761.0,11
4763.0,2
4765.0,6
4767.0,9
4769.0,6
4771.0,6
4773.0,5
4775.0,11
4777.0,4
4779.0,4
4781.0,7
4783.0,11
4785.0,7
4787.0,7
4789.0,4
4791.0,1
4793.0,7
4795.0,2
4797.0,4
4799.0,2
4801.0,5
4803.0,1
4805.0,3
4807.0,5
4809.0,3
4811.0,5
4813.0,4
4815.0,5
4817.0,8
4819.0,5
4821.0,8
4823.0,4
4825.0,9
4827.0,11
4829.0,4
4831.0,4
4833.0,2
4835.0,7
4837.0,10
4839.0,5
4841.0,10
4843.0,14
4845.0,8
4847.0,8
4849.0,7
4851.0,5
4853.0,3
4855.0,8
4857.0,9
4859.0,8
4861.0,4
4863.0,4
4865.0,6
4867.0,5
4869.0,6
4871.0,4
4873.0,7
4875.0,5
4877.0,4
4879.0,5
4881.0,6
4883.0,2
4885.0,6
4887.0,5
4889.0,6
4891.0,11
4893.0,12
4895.0,9
4897.0,10
4899.0,9
4901.0,15
4903.0,7
4905.0,5
4907.0,3
4909.0,5
4911.0,9
4913.0,9
4915.0,2
4917.0,7
4919.0,10
4921.0,10
4923.0,7
4925.0,5
4927.0,4
4929.0,4
4931.0,9
4933.0,4
4935.0,6
4937.0,11
4939.0,11
4941.0,6
4943.0,4
4945.0,2
4947.0,4
4949.0,4
4951.0,6
4953.0,5
4955.0,4
4957.0,12
4959.0,14
4961.0,13
4963.0,9
4965.0,6
4967.0,11
4969.0,12
4971.0,26
4973.0,16
4975.0,7
4977.0,2
4979.0,7
4981.0,6
4983.0,8
4985.0,7
4987.0,4
4989.0,7
4991.0,7
4993.0,7
4995.0,10
4997.0,7
4999.0,6
5001.0,6
5003.0,8
5005.0,6
5007.0,10
5009.0,4
5011.0,9
5013.0,6
5015.0,6
5017.0,7
5019.0,6
5021.0,10
5023.0,10
5025.0,7
5027.0,3
5029.0,5
5031.0,7
5033.0,5
5035.0,12
5037.0,9
5039.0,5
5041.0,8
5043.0,5
5045.0,3
5047.0,3
5049.0,2
5051.0,9
5053.0,12
5055.0,7
5057.0,8
5059.0,7
5061.0,6
5063.0,7
5065.0,5
5067.0,10
5069.0,11
5071.0,4
5073.0,5
5075.0,5
5077.0,8
5079.0,13
5081.0,8
5083.0,11
5085.0,12
5087.0,9
5089.0,10
5091.0,3
5093.0,6
5095.0,7
5097.0,2
5099.0,4
5101.0,1
5103.0,3
5105.0,5
5107.0,9
5109.0,3
5111.0,9
5113.0,9
5115.0,5
5117.0,11
5119.0,6
5121.0,9
5123.0,5
5125.0,7
5127.0,5
5129.0,3
5131.0,9
5133.0,7
5135.0,3
5137.0,6
5139.0,4
5141.0,6
5143.0,5
5145.0,6
5147.0,2
5149.0,8
5151.0,6
5153.0,9
5155.0,12
5157.0,6
5159.0,5
5161.0,7
5163.0,5
5165.0,5
5167.0,5
5169.0,3
5171.0,1
5173.0,8
5175.0,4
5177.0,6
5179.0,4
5181.0,12
5183.0,14
5185.0,18
5187.0,6
5189.0,5
5191.0,3
5193.0,1
5195.0,6
5197.0,4
5199.0,9
5201.0,4
5203.0,6
5205.0,7
5207.0,2
5209.0,5
5211.0,8
5213.0,4
5215.0,8
5217.0,4
5219.0,14
5221.0,7
5223.0,6
5225.0,1
5227.0,5
5229.0,9
5231.0,1
5233.0,2
5235.0,1
5237.0,6
5239.0,6
5241.0,10
5243.0,7
5245.0,10
5247.0,7
5249.0,6
5251.0,10
5253.0,6
5255.0,9
5257.0,8
5259.0,7
5261.0,4
5263.0,7
5265.0,4
5267.0,7
5269.0,1
5271.0,11
5273.0,3
5275.0,4
5277.0,3
5279.0,5
5281.0,3
5283.0,5
5285.0,7
5287.0,5
5289.0,2
5291.0,3
5293.0,6
5295.0,11
5297.0,6
5299.0,10
5301.0,4
5303.0,1
5305.0,8
5307.0,8
5309.0,13
5311.0,5
5313.0,5
5315.0,6
5317.0,4
5319.0,4
5321.0,5
5323.0,5
5325.0,5
5327.0,2
5329.0,2
5331.0,5
5333.0,3
5335.0,4
5337.0,9
5339.0,6
5341.0,13
5343.0,6
5345.0,5
5347.0,8
5349.0,2
5351.0,4
5353.0,1
5355.0,5
5357.0,5
5359.0,3
5361.0,5
5363.0,7
5365.0,4
5367.0,2
5369.0,6
5371.0,3
5373.0,3
5375.0,0
5377.0,2
5379.0,6
5381.0,2
5383.0,8
5385.0,5
5387.0,14
5389.0,13
5391.0,6
5393.0,4
5395.0,10
5397.0,6
5399.0,5
5401.0,1
5403.0,7
5405.0,8
5407.0,9
5409.0,4
5411.0,2
5413.0,5
5415.0,6
5417.0,5
5419.0,3
5421.0,2
5423.0,6
5425.0,5
5427.0,8
5429.0,4
5431.0,6
5433.0,5
5435.0,5
5437.0,8
5439.0,2
5441.0,7
5443.0,7
5445.0,6
5447.0,5
5449.0,1
5451.0,1
5453.0,6
5455.0,3
5457.0,1
5459.0,2
5461.0,6
5463.0,6
5465.0,5
5467.0,5
5469.0,4
5471.0,6
5473.0,3
5475.0,5
5477.0,4
5479.0,5
5481.0,2
5483.0,3
5485.0,9
5487.0,3
5489.0,5
5491.0,5
5493.0,9
5495.0,4
5497.0,3
5499.0,11
5501.0,9
5503.0,4
5505.0,9
5507.0,11
5509.0,5
5511.0,9
5513.0,3
5515.0,6
5517.0,9
5519.0,6
5521.0,8
5523.0,9
5525.0,2
5527.0,2
5529.0,5
5531.0,7
5533.0,3
5535.0,7
5537.0,5
5539.0,8
5541.0,6
5543.0,11
5545.0,12
5547.0,11
5549.0,10
5551.0,5
5553.0,1
5555.0,4
5557.0,3
5559.0,1
5561.0,4
5563.0,4
5565.0,4
5567.0,4
5569.0,3
5571.0,5
5573.0,7
5575.0,5
5577.0,4
5579.0,6
5581.0,7
5583.0,6
5585.0,10
5587.0,4
5589.0,2
5591.0,7
5593.0,6
5595.0,4
5597.0,2
5599.0,4
5601.0,2
5603.0,3
5605.0,9
5607.0,4
5609.0,3
5611.0,1
5613.0,5
5615.0,6
5617.0,6
5619.0,5
5621.0,2
5623.0,7
5625.0,8
5627.0,5
5629.0,3
5631.0,7
5633.0,7
5635.0,6
5637.0,7
5639.0,4
5641.0,2
5643.0,8
5645.0,6
5647.0,6
5649.0,6
5651.0,7
5653.0,3
5655.0,2
5657.0,1
5659.0,4
5661.0,6
5663.0,5
5665.0,5
5667.0,2
5669.0,6
5671.0,2
5673.0,3
5675.0,1
5677.0,4
5679.0,3
5681.0,1
5683.0,4
5685.0,6
5687.0,3
5689.0,5
5691.0,2
5693.0,5
5695.0,0
5697.0,5
5699.0,3
5701.0,3
5703.0,1
5705.0,6
5707.0,8
5709.0,5
5711.0,14
5713.0,6
5715.0,15
5717.0,9
5719.0,8
5721.0,7
5723.0,2
5725.0,1
5727.0,2
5729.0,6
5731.0,3
5733.0,4
5735.0,1
5737.0,4
5739.0,6
5741.0,7
5743.0,7
5745.0,5
5747.0,3
5749.0,4
5751.0,7
5753.0,6
5755.0,4
5757.0,2
5759.0,5
5761.0,3
5763.0,6
5765.0,3
5767.0,13
5769.0,1
5771.0,7
5773.0,6
5775.0,7
5777.0,7
5779.0,3
5781.0,1
5783.0,6
5785.0,4
5787.0,3
5789.0,4
5791.0,6
5793.0,3
5795.0,8
5797.0,6
5799.0,2
5801.0,0
5803.0,7
5805.0,4
5807.0,3
5809.0,9
5811.0,5
5813.0,2
5815.0,2
5817.0,3
5819.0,6
5821.0,2
5823.0,3
5825.0,1
5827.0,1
5829.0,4
5831.0,3
5833.0,1
5835.0,6
5837.0,4
5839.0,4
5841.0,4
5843.0,7
5845.0,5
5847.0,9
5849.0,2
5851.0,3
5853.0,3
5855.0,3
5857.0,4
5859.0,3
5861.0,0
5863.0,1
5865.0,4
5867.0,4
5869.0,4
5871.0,3
5873.0,3
5875.0,3
5877.0,3
5879.0,3
5881.0,3
5883.0,2
5885.0,5
5887.0,4
5889.0,3
5891.0,3
5893.0,2
5895.0,2
5897.0,5
5899.0,5
5901.0,0
5903.0,4
5905.0,4
5907.0,3
5909.0,2
5911.0,1
5913.0,2
5915.0,3
5917.0,6
5919.0,6
5921.0,10
5923.0,10
5925.0,3
5927.0,3
5929.0,2
5931.0,4
5933.0,6
5935.0,1
5937.0,3
5939.0,1
5941.0,2
5943.0,4
5945.0,2
5947.0,3
5949.0,2
5951.0,6
5953.0,4
5955.0,5
5957.0,1
5959.0,4
5961.0,3
5963.0,2
5965.0,3
5967.0,3
5969.0,6
5971.0,3
5973.0,3
5975.0,2
5977.0,3
5979.0,3
5981.0,1
5983.0,3
5985.0,7
5987.0,2
5989.0,1
5991.0,2
5993.0,4
5995.0,3
5997.0,6
5999.0,4
6001.0,5
6003.0,5
6005.0,1
6007.0,4
6009.0,5
6011.0,1
6013.0,4
6015.0,6
6017.0,1
6019.0,3
6021.0,0
6023.0,1
6025.0,1
6027.0,3
6029.0,2
6031.0,2
6033.0,2
6035.0,1
6037.0,2
6039.0,4
6041.0,1
6043.0,4
6045.0,8
6047.0,2
6049.0,3
6051.0,2
6053.0,3
6055.0,3
6057.0,2
6059.0,2
6061.0,3
6063.0,2
6065.0,4
6067.0,1
6069.0,6
6071.0,4
6073.0,2
6075.0,5
6077.0,2
6079.0,4
6081.0,1
6083.0,2
6085.0,3
6087.0,5
6089.0,3
6091.0,4
6093.0,4
6095.0,5
6097.0,3
6099.0,7
6101.0,5
6103.0,5
6105.0,2
6107.0,3
6109.0,6
6111.0,4
6113.0,6
6115.0,2
6117.0,2
6119.0,2
6121.0,3
6123.0,5
6125.0,1
6127.0,3
6129.0,5
6131.0,3
6133.0,2
6135.0,0
6137.0,1
6139.0,3
6141.0,3
6143.0,3
6145.0,1
6147.0,3
6149.0,1
6151.0,3
6153.0,2
6155.0,4
6157.0,5
6159.0,5
6161.0,4
6163.0,6
6165.0,2
6167.0,5
6169.0,8
6171.0,4
6173.0,6
6175.0,3
6177.0,2
6179.0,3
6181.0,2
6183.0,3
6185.0,0
6187.0,3
6189.0,3
6191.0,1
6193.0,0
6195.0,0
6197.0,2
6199.0,3
6201.0,5
6203.0,2
6205.0,1
6207.0,3
6209.0,2
6211.0,7
6213.0,2
6215.0,2
6217.0,3
6219.0,4
6221.0,3
6223.0,2
6225.0,2
6227.0,2
6229.0,1
6231.0,4
6233.0,1
6235.0,3
6237.0,0
6239.0,3
6241.0,1
6243.0,6
6245.0,6
6247.0,7
6249.0,2
6251.0,7
6253.0,3
6255.0,1
6257.0,1
6259.0,6
6261.0,1
6263.0,2
6265.0,4
6267.0,3
6269.0,4
6271.0,5
6273.0,2
6275.0,2
6277.0,5
6279.0,5
6281.0,5
6283.0,3
6285.0,4
6287.0,1
6289.0,0
6291.0,3
6293.0,2
6295.0,2
6297.0,2
6299.0,3
6301.0,5
6303.0,1
6305.0,6
6307.0,10
6309.0,2
6311.0,2
6313.0,0
6315.0,4
6317.0,3
6319.0,2
6321.0,2
6323.0,2
6325.0,2
6327.0,3
6329.0,1
6331.0,4
6333.0,2
6335.0,3
6337.0,2
6339.0,2
6341.0,2
6343.0,3
6345.0,5
6347.0,6
6349.0,4
6351.0,2
6353.0,5
6355.0,4
6357.0,3
6359.0,4
6361.0,0
6363.0,2
6365.0,1
6367.0,4
6369.0,2
6371.0,3
6373.0,4
6375.0,2
6377.0,2
6379.0,2
6381.0,1
6383.0,0
6385.0,2
6387.0,1
6389.0,2
6391.0,1
6393.0,2
6395.0,3
6397.0,2
6399.0,2
6401.0,6
6403.0,6
6405.0,2
6407.0,1
6409.0,1
6411.0,1
6413.0,2
6415.0,5
6417.0,4
6419.0,4
6421.0,3
6423.0,4
6425.0,7
6427.0,4
6429.0,5
6431.0,1
6433.0,3
6435.0,2
6437.0,1
6439.0,3
6441.0,1
6443.0,3
6445.0,5
6447.0,5
6449.0,1
6451.0,2
6453.0,5
6455.0,0
6457.0,2
6459.0,1
6461.0,3
6463.0,3
6465.0,8
6467.0,3
6469.0,6
6471.0,3
6473.0,7
6475.0,1
6477.0,1
6479.0,1
6481.0,1
6483.0,2
6485.0,0
6487.0,1
6489.0,0
6491.0,0
6493.0,1
6495.0,3
6497.0,3
6499.0,1
6501.0,0
6503.0,5
6505.0,2
6507.0,2
6509.0,0
6511.0,0
6513.0,1
6515.0,0
6517.0,2
6519.0,1
6521.0,1
6523.0,3
6525.0,1
6527.0,3
6529.0,0
6531.0,2
6533.0,1
6535.0,2
6537.0,3
6539.0,5
6541.0,6
6543.0,1
6545.0,0
6547.0,2
6549.0,3
6551.0,0
6553.0,2
6555.0,2
6557.0,5
6559.0,4
6561.0,0
6563.0,3
6565.0,3
6567.0,2
6569.0,1
6571.0,2
6573.0,3
6575.0,0
6577.0,0
6579.0,3
6581.0,2
6583.0,5
6585.0,6
6587.0,2
6589.0,2
6591.0,2
6593.0,2
6595.0,4
6597.0,0
6599.0,3
6601.0,2
6603.0,5
6605.0,0
6607.0,1
6609.0,0
6611.0,1
6613.0,4
6615.0,1
6617.0,0
6619.0,2
6621.0,3
6623.0,0
6625.0,2
6627.0,2
6629.0,1
6631.0,3
6633.0,0
6635.0,1
6637.0,1
6639.0,2
6641.0,4
6643.0,2
6645.0,2
6647.0,0
6649.0,3
6651.0,3
6653.0,1
6655.0,2
6657.0,0
6659.0,0
6661.0,3
6663.0,6
6665.0,2
6667.0,5
6669.0,1
6671.0,2
6673.0,1
6675.0,1
6677.0,2
6679.0,1
6681.0,2
6683.0,2
6685.0,2
6687.0,2
6689.0,0
6691.0,0
6693.0,4
6695.0,0
6697.0,3
6699.0,1
6701.0,3
6703.0,4
6705.0,3
6707.0,0
6709.0,1
6711.0,0
6713.0,3
6715.0,0
6717.0,3
6719.0,2
6721.0,1
6723.0,1
6725.0,3
6727.0,0
6729.0,0
6731.0,5
6733.0,0
6735.0,2
6737.0,3
6739.0,1
6741.0,2
6743.0,1
6745.0,2
6747.0,4
6749.0,1
6751.0,0
6753.0,2
6755.0,1
6757.0,0
6759.0,2
6761.0,1
6763.0,2
6765.0,2
6767.0,3
6769.0,2
6771.0,4
6773.0,1
6775.0,1
6777.0,1
6779.0,1
6781.0,3
6783.0,2
6785.0,1
6787.0,3
6789.0,1
6791.0,2
6793.0,2
6795.0,2
6797.0,0
6799.0,2
6801.0,1
6803.0,1
6805.0,4
6807.0,2
6809.0,2
6811.0,1
6813.0,1
6815.0,0
6817.0,2
6819.0,0
6821.0,2
6823.0,0
6825.0,0
6827.0,1
6829.0,0
6831.0,1
6833.0,2
6835.0,2
6837.0,3
6839.0,3
6841.0,2
6843.0,1
6845.0,0
6847.0,1
6849.0,3
6851.0,2
6853.0,0
6855.0,2
6857.0,4
6859.0,0
6861.0,0
6863.0,2
6865.0,1
6867.0,1
6869.0,0
6871.0,1
6873.0,4
6875.0,3
6877.0,2
6879.0,0
6881.0,7
6883.0,0
6885.0,1
6887.0,2
6889.0,0
6891.0,0
6893.0,1
6895.0,0
6897.0,1
6899.0,3
6901.0,0
6903.0,3
6905.0,1
6907.0,0
6909.0,2
6911.0,3
6913.0,1
6915.0,1
6917.0,2
6919.0,1
6921.0,0
6923.0,1
6925.0,2
6927.0,2
6929.0,0
6931.0,3
6933.0,2
6935.0,3
6937.0,0
6939.0,0
6941.0,1
6943.0,3
6945.0,3
6947.0,1
6949.0,0
6951.0,3
6953.0,0
6955.0,1
6957.0,3
6959.0,0
6961.0,2
6963.0,2
6965.0,1
6967.0,2
6969.0,3
6971.0,1
6973.0,3
6975.0,1
6977.0,2
6979.0,2
6981.0,2
6983.0,3
6985.0,3
6987.0,1
6989.0,1
6991.0,2
6993.0,1
6995.0,3
6997.0,3
6999.0,1
7001.0,2
7003.0,1
7005.0,0
7007.0,1
7009.0,0
7011.0,3
7013.0,1
7015.0,0
7017.0,1
7019.0,3
7021.0,2
7023.0,0
7025.0,2
7027.0,2
7029.0,3
7031.0,0
7033.0,1
7035.0,1
7037.0,1
7039.0,0
7041.0,0
7043.0,0
7045.0,0
7047.0,2
7049.0,1
7051.0,4
7053.0,1
7055.0,0
7057.0,2
7059.0,4
7061.0,1
7063.0,1
7065.0,0
7067.0,1
7069.0,4
7071.0,4
7073.0,0
7075.0,1
7077.0,1
7079.0,2
7081.0,3
7083.0,0
7085.0,0
7087.0,2
7089.0,1
7091.0,1
7093.0,4
7095.0,2
7097.0,0
7099.0,4
7101.0,3
7103.0,2
7105.0,3
7107.0,2
7109.0,2
7111.0,1
7113.0,1
7115.0,3
7117.0,0
7119.0,1
7121.0,1
7123.0,1
7125.0,2
7127.0,1
7129.0,0
7131.0,2
7133.0,1
7135.0,1
7137.0,1
7139.0,0
7141.0,1
7143.0,1
7145.0,2
7147.0,1
7149.0,2
7151.0,3
7153.0,3
7155.0,2
7157.0,0
7159.0,3
7161.0,1
7163.0,3
7165.0,1
7167.0,2
7169.0,1
7171.0,3
7173.0,6
7175.0,2
7177.0,1
7179.0,0
7181.0,2
7183.0,1
7185.0,0
7187.0,0
7189.0,0
7191.0,3
7193.0,3
7195.0,3
7197.0,0
7199.0,1
7201.0,3
7203.0,0
7205.0,2
7207.0,2
7209.0,2
7211.0,0
7213.0,1
7215.0,0
7217.0,2
7219.0,0
7221.0,0
7223.0,0
7225.0,1
7227.0,1
7229.0,1
7231.0,3
7233.0,2
7235.0,2
7237.0,0
7239.0,3
7241.0,2
7243.0,1
7245.0,0
7247.0,0
7249.0,1
7251.0,1
7253.0,0
7255.0,0
7257.0,2
7259.0,0
7261.0,0
7263.0,2
7265.0,1
7267.0,0
7269.0,1
7271.0,0
7273.0,0
7275.0,1
7277.0,1
7279.0,1
7281.0,0
7283.0,0
7285.0,1
7287.0,0
7289.0,2
7291.0,3
7293.0,1
7295.0,2
7297.0,0
7299.0,2
7301.0,2
7303.0,2
7305.0,1
7307.0,0
7309.0,1
7311.0,1
7313.0,1
7315.0,3
7317.0,1
7319.0,1
7321.0,2
7323.0,0
7325.0,1
7327.0,1
7329.0,2
7331.0,3
7333.0,1
7335.0,1
7337.0,0
7339.0,5
7341.0,2
7343.0,1
7345.0,3
7347.0,1
7349.0,0
7351.0,1
7353.0,0
7355.0,0
7357.0,0
7359.0,1
7361.0,0
7363.0,0
7365.0,1
7367.0,0
7369.0,1
7371.0,0
7373.0,1
7375.0,1
7377.0,2
7379.0,0
7381.0,0
7383.0,1
7385.0,2
7387.0,1
7389.0,2
7391.0,0
7393.0,2
7395.0,1
7397.0,2
7399.0,2
7401.0,0
7403.0,1
7405.0,1
7407.0,0
7409.0,1
7411.0,0
7413.0,0
7415.0,1
7417.0,2
7419.0,3
7421.0,2
7423.0,1
7425.0,1
7427.0,2
7429.0,0
7431.0,3
7433.0,2
7435.0,0
7437.0,2
7439.0,1
7441.0,0
7443.0,1
7445.0,1
7447.0,1
7449.0,1
7451.0,0
7453.0,0
7455.0,0
7457.0,0
7459.0,0
7461.0,1
7463.0,2
7465.0,5
7467.0,2
7469.0,2
7471.0,1
7473.0,1
7475.0,0
7477.0,3
7479.0,1
7481.0,0
7483.0,2
7485.0,2
7487.0,0
7489.0,2
7491.0,2
7493.0,2
7495.0,1
7497.0,2
7499.0,0
7501.0,4
7503.0,0
7505.0,0
7507.0,1
7509.0,2
7511.0,2
7513.0,1
7515.0,1
7517.0,1
7519.0,1
7521.0,1
7523.0,0
7525.0,0
7527.0,4
7529.0,2
7531.0,0
7533.0,0
7535.0,1
7537.0,1
7539.0,1
7541.0,0
7543.0,2
7545.0,1
7547.0,1
7549.0,1
7551.0,2
7553.0,2
7555.0,1
7557.0,3
7559.0,0
7561.0,0
7563.0,1
7565.0,0
7567.0,2
7569.0,1
7571.0,4
7573.0,1
7575.0,1
7577.0,2
7579.0,1
7581.0,1
7583.0,0
7585.0,0
7587.0,2
7589.0,0
7591.0,0
7593.0,0
7595.0,1
7597.0,1
7599.0,1
7601.0,0
7603.0,0
7605.0,1
7607.0,2
7609.0,0
7611.0,0
7613.0,1
7615.0,1
7617.0,2
7619.0,0
7621.0,1
7623.0,0
7625.0,0
7627.0,0
7629.0,0
7631.0,1
7633.0,1
7635.0,1
7637.0,0
7639.0,1
7641.0,1
7643.0,1
7645.0,1
7647.0,2
7649.0,1
7651.0,0
7653.0,0
7655.0,1
7657.0,1
7659.0,1
7661.0,0
7663.0,1
7665.0,0
7667.0,0
7669.0,1
7671.0,0
7673.0,0
7675.0,0
7677.0,2
7679.0,0
7681.0,0
7683.0,1
7685.0,2
7687.0,1
7689.0,0
7691.0,0
7693.0,1
7695.0,0
7697.0,0
7699.0,0
7701.0,2
7703.0,1
7705.0,0
7707.0,0
7709.0,2
7711.0,2
7713.0,0
7715.0,1
7717.0,0
7719.0,0
7721.0,1
7723.0,1
7725.0,2
7727.0,2
7729.0,0
7731.0,2
7733.0,1
7735.0,0
7737.0,0
7739.0,5
7741.0,0
7743.0,2
7745.0,2
7747.0,0
7749.0,1
7751.0,0
7753.0,2
7755.0,2
7757.0,1
7759.0,0
7761.0,1
7763.0,2
7765.0,0
7767.0,0
7769.0,1
7771.0,1
7773.0,0
7775.0,0
7777.0,1
7779.0,2
7781.0,1
7783.0,0
7785.0,1
7787.0,1
7789.0,1
7791.0,0
7793.0,0
7795.0,0
7797.0,0
7799.0,2
7801.0,2
7803.0,0
7805.0,1
7807.0,2
7809.0,2
7811.0,1
7813.0,1
7815.0,0
7817.0,1
7819.0,1
7821.0,1
7823.0,2
7825.0,1
7827.0,2
7829.0,0
7831.0,2
7833.0,0
7835.0,0
7837.0,1
7839.0,0
7841.0,2
7843.0,0
7845.0,0
7847.0,0
7849.0,2
7851.0,0
7853.0,1
7855.0,0
7857.0,0
7859.0,1
7861.0,2
7863.0,0
7865.0,0
7867.0,0
7869.0,2
7871.0,1
7873.0,0
7875.0,0
7877.0,0
7879.0,2
7881.0,1
7883.0,1
7885.0,1
7887.0,1
7889.0,1
7891.0,2
7893.0,0
7895.0,2
7897.0,1
7899.0,2
7901.0,1
7903.0,1
7905.0,2
7907.0,2
7909.0,0
7911.0,2
7913.0,1
7915.0,1
7917.0,0
7919.0,1
7921.0,1
7923.0,1
7925.0,2
7927.0,1
7929.0,0
7931.0,4
7933.0,0
7935.0,0
7937.0,0
7939.0,0
7941.0,0
7943.0,1
7945.0,0
7947.0,2
7949.0,2
7951.0,2
7953.0,1
7955.0,0
7957.0,1
7959.0,1
7961.0,2
7963.0,1
7965.0,0
7967.0,3
7969.0,0
7971.0,0
7973.0,1
7975.0,1
7977.0,0
7979.0,1
7981.0,1
7983.0,2
7985.0,0
7987.0,1
7989.0,2
7991.0,0
7993.0,0
7995.0,1
7997.0,0
7999.0,0
8001.0,1
8003.0,2
8005.0,6
8007.0,1
8009.0,3
8011.0,0
8013.0,2
8015.0,1
8017.0,1
8019.0,0
8021.0,2
8023.0,2
8025.0,0
8027.0,3
8029.0,3
8031.0,3
8033.0,2
8035.0,1
8037.0,0
8039.0,2
8041.0,1
8043.0,4
8045.0,2
8047.0,4
8049.0,7
8051.0,5
8053.0,5
8055.0,4
8057.0,2
8059.0,0
8061.0,0
8063.0,2
8065.0,2
8067.0,1
8069.0,1
8071.0,2
8073.0,1
8075.0,1
8077.0,0
8079.0,2
8081.0,0
8083.0,2
8085.0,1
8087.0,1
8089.0,0
8091.0,0
8093.0,3
8095.0,1
8097.0,2
8099.0,0
8101.0,0
8103.0,2
8105.0,0
8107.0,3
8109.0,0
8111.0,1
8113.0,0
8115.0,1
8117.0,0
8119.0,2
8121.0,2
8123.0,0
8125.0,1
8127.0,0
8129.0,0
8131.0,3
8133.0,0
8135.0,1
8137.0,2
8139.0,1
8141.0,1
8143.0,3
8145.0,2
8147.0,1
8149.0,2
8151.0,0
8153.0,0
8155.0,1
8157.0,0
8159.0,1
8161.0,0
8163.0,0
8165.0,0
8167.0,0
8169.0,0
8171.0,0
8173.0,1
8175.0,0
8177.0,2
8179.0,0
8181.0,2
8183.0,0
8185.0,1
8187.0,2
8189.0,1
8191.0,2
8193.0,1
8195.0,1
8197.0,2
8199.0,0
8201.0,0
8203.0,0
8205.0,0
8207.0,0
8209.0,1
8211.0,0
8213.0,0
8215.0,1
8217.0,1
8219.0,2
8221.0,1
8223.0,0
8225.0,0
8227.0,2
8229.0,1
8231.0,2
8233.0,1
8235.0,1
8237.0,2
8239.0,3
8241.0,0
8243.0,0
8245.0,1
8247.0,0
8249.0,1
8251.0,2
8253.0,2
8255.0,1
8257.0,0
8259.0,0
8261.0,2
8263.0,2
8265.0,0
8267.0,1
8269.0,1
8271.0,2
8273.0,0
8275.0,2
8277.0,1
8279.0,1
8281.0,0
8283.0,2
8285.0,2
8287.0,0
8289.0,2
8291.0,1
8293.0,3
8295.0,3
8297.0,3
8299.0,1
8301.0,0
8303.0,2
8305.0,1
8307.0,2
8309.0,3
8311.0,0
8313.0,2
8315.0,1
8317.0,1
8319.0,0
8321.0,1
8323.0,5
8325.0,0
8327.0,4
8329.0,1
8331.0,1
8333.0,1
8335.0,1
8337.0,2
8339.0,1
8341.0,2
8343.0,0
8345.0,3
8347.0,1
8349.0,2
8351.0,4
8353.0,3
8355.0,1
8357.0,2
8359.0,3
8361.0,3
8363.0,1
8365.0,2
8367.0,2
8369.0,0
8371.0,0
8373.0,3
8375.0,1
8377.0,1
8379.0,3
8381.0,6
8383.0,7
8385.0,2
8387.0,0
8389.0,0
8391.0,1
8393.0,1
8395.0,2
8397.0,0
8399.0,1
8401.0,2
8403.0,3
8405.0,1
8407.0,2
8409.0,1
8411.0,3
8413.0,4
8415.0,3
8417.0,1
8419.0,0
8421.0,2
8423.0,3
8425.0,1
8427.0,3
8429.0,4
8431.0,2
8433.0,5
8435.0,6
8437.0,6
8439.0,6
8441.0,7
8443.0,3
8445.0,7
8447.0,6
8449.0,2
8451.0,5
8453.0,4
8455.0,2
8457.0,2
8459.0,13
8461.0,7
8463.0,11
8465.0,5
8467.0,6
8469.0,9
8471.0,5
8473.0,5
8475.0,5
8477.0,8
8479.0,9
8481.0,8
8483.0,10
8485.0,13
8487.0,13
8489.0,6
8491.0,8
8493.0,4
8495.0,6
8497.0,11
8499.0,12
8501.0,8
8503.0,4
8505.0,5
8507.0,4
8509.0,3
8511.0,1
8513.0,7
8515.0,3
8517.0,2
8519.0,1
8521.0,5
8523.0,3
8525.0,1
8527.0,7
8529.0,4
8531.0,12
8533.0,56
8535.0,60
8537.0,61
8539.0,63
8541.0,75
8543.0,144
8545.0,152
8547.0,73
8549.0,27
8551.0,20
8553.0,7
8555.0,8
8557.0,9
8559.0,6
8561.0,6
8563.0,7
8565.0,9
8567.0,8
8569.0,2
8571.0,4
8573.0,1
8575.0,0
8577.0,1
8579.0,1
8581.0,1
8583.0,1
8585.0,1
8587.0,0
8589.0,0
8591.0,1
8593.0,0
8595.0,1
8597.0,0
8599.0,1
8601.0,0
8603.0,1
8605.0,0
8607.0,0
8609.0,1
8611.0,1
8613.0,1
8615.0,2
8617.0,0
8619.0,0
8621.0,0
8623.0,1
8625.0,1
8627.0,0
8629.0,1
8631.0,0
8633.0,1
8635.0,1
8637.0,3
8639.0,1
8641.0,3
8643.0,1
8645.0,2
8647.0,0
8649.0,0
8651.0,0
8653.0,3
8655.0,2
8657.0,7
8659.0,4
8661.0,0
8663.0,0
8665.0,3
8667.0,3
8669.0,1
8671.0,2
8673.0,2
8675.0,0
8677.0,1
8679.0,2
8681.0,1
8683.0,2
8685.0,14
8687.0,22
8689.0,25
8691.0,27
8693.0,19
8695.0,11
8697.0,4
8699.0,4
8701.0,2
8703.0,7
8705.0,5
8707.0,10
8709.0,5
8711.0,5
8713.0,1
8715.0,2
8717.0,1
8719.0,0
8721.0,1
8723.0,1
8725.0,1
8727.0,1
8729.0,0
8731.0,0
8733.0,0
8735.0,1
8737.0,0
8739.0,0
8741.0,0
8743.0,1
8745.0,0
8747.0,0
8749.0,1
8751.0,2
8753.0,1
8755.0,2
8757.0,2
8759.0,6
8761.0,4
8763.0,2
8765.0,2
8767.0,0
8769.0,0
8771.0,0
8773.0,0
8775.0,0
8777.0,0
8779.0,2
8781.0,0
8783.0,0
8785.0,0
8787.0,0
8789.0,0
8791.0,0
8793.0,1
8795.0,2
8797.0,0
8799.0,1
8801.0,1
8803.0,0
8805.0,0
8807.0,0
8809.0,1
8811.0,1
8813.0,0
8815.0,1
8817.0,0
8819.0,0
8821.0,0
8823.0,1
8825.0,0
8827.0,1
8829.0,0
8831.0,4
8833.0,5
8835.0,4
8837.0,8
8839.0,0
8841.0,2
8843.0,0
8845.0,1
8847.0,3
8849.0,1
8851.0,1
8853.0,3
8855.0,5
8857.0,1
8859.0,2
8861.0,0
8863.0,1
8865.0,0
8867.0,1
8869.0,0
8871.0,1
8873.0,1
8875.0,0
8877.0,1
8879.0,0
8881.0,1
8883.0,0
8885.0,1
8887.0,4
8889.0,4
8891.0,2
8893.0,5
8895.0,2
8897.0,2
8899.0,2
8901.0,2
8903.0,0
8905.0,1
8907.0,3
8909.0,2
8911.0,0
8913.0,2
8915.0,0
8917.0,0
8919.0,0
8921.0,0
8923.0,2
8925.0,1
8927.0,0
8929.0,0
8931.0,1
8933.0,1
8935.0,0
8937.0,1
8939.0,1
8941.0,0
8943.0,0
8945.0,1
8947.0,0
8949.0,0
8951.0,2
8953.0,0
8955.0,1
8957.0,0
8959.0,0
8961.0,1
8963.0,0
8965.0,1
8967.0,0
8969.0,1
8971.0,1
8973.0,0
8975.0,1
8977.0,0
8979.0,1
8981.0,0
8983.0,0
8985.0,0
8987.0,1
8989.0,2
8991.0,1
8993.0,0
8995.0,1
8997.0,1
8999.0,3
9001.0,1
9003.0,0
9005.0,0
9007.0,2
9009.0,0
9011.0,0
9013.0,1
9015.0,0
9017.0,0
9019.0,0
9021.0,2
9023.0,2
9025.0,1
9027.0,2
9029.0,0
9031.0,1
9033.0,1
9035.0,1
9037.0,0
9039.0,0
9041.0,1
9043.0,0
9045.0,1
9047.0,0
9049.0,0
9051.0,0
9053.0,0
9055.0,1
9057.0,0
9059.0,0
9061.0,0
9063.0,0
9065.0,3
9067.0,1
9069.0,1
9071.0,0
9073.0,1
9075.0,0
9077.0,0
9079.0,0
9081.0,1
9083.0,0
9085.0,0
9087.0,0
9089.0,0
9091.0,0
9093.0,0
9095.0,0
9097.0,1
9099.0,0
9101.0,1
9103.0,2
9105.0,8
9107.0,4
9109.0,3
9111.0,4
9113.0,3
9115.0,0
9117.0,1
9119.0,1
9121.0,3
9123.0,1
9125.0,0
9127.0,1
9129.0,2
9131.0,2
9133.0,2
9135.0,0
9137.0,1
9139.0,1
9141.0,3
9143.0,1
9145.0,3
9147.0,5
9149.0,0
9151.0,2
9153.0,1
9155.0,0
9157.0,0
9159.0,0
9161.0,1
9163.0,0
9165.0,0
9167.0,1
9169.0,1
9171.0,0
9173.0,0
9175.0,1
9177.0,1
9179.0,2
9181.0,3
9183.0,4
9185.0,1
9187.0,1
9189.0,0
9191.0,2
9193.0,1
9195.0,0
9197.0,1
9199.0,1
9201.0,0
9203.0,1
9205.0,1
9207.0,2
9209.0,4
9211.0,2
9213.0,4
9215.0,5
9217.0,4
9219.0,2
9221.0,1
9223.0,0
9225.0,2
9227.0,0
9229.0,0
9231.0,2
9233.0,3
9235.0,1
9237.0,2
9239.0,0
9241.0,3
9243.0,6
9245.0,11
9247.0,5
9249.0,4
9251.0,2
9253.0,3
9255.0,0
9257.0,1
9259.0,3
9261.0,5
9263.0,7
9265.0,9
9267.0,7
9269.0,9
9271.0,6
9273.0,1
9275.0,2
9277.0,2
9279.0,2
9281.0,2
9283.0,2
9285.0,3
9287.0,12
9289.0,12
9291.0,15
9293.0,7
9295.0,5
9297.0,1
9299.0,8
9301.0,3
9303.0,3
9305.0,1
9307.0,0
9309.0,2
9311.0,4
9313.0,3
9315.0,0
9317.0,3
9319.0,1
9321.0,0
9323.0,1
9325.0,10
9327.0,5
9329.0,11
9331.0,19
9333.0,21
9335.0,12
9337.0,13
9339.0,6
9341.0,1
9343.0,2
9345.0,4
9347.0,4
9349.0,0
9351.0,1
9353.0,2
9355.0,3
9357.0,1
9359.0,5
9361.0,6
9363.0,17
9365.0,33
9367.0,19
9369.0,20
9371.0,19
9373.0,12
9375.0,18
9377.0,7
9379.0,4
9381.0,4
9383.0,4
9385.0,1
9387.0,6
9389.0,4
9391.0,4
9393.0,7
9395.0,15
9397.0,18
9399.0,67
9401.0,107
9403.0,99
9405.0,86
9407.0,61
9409.0,25
9411.0,13
9413.0,8
9415.0,6
9417.0,3
9419.0,3
9421.0,6
9423.0,13
9425.0,5
9427.0,10
9429.0,18
9431.0,11
9433.0,4
9435.0,1
9437.0,0
9439.0,0
9441.0,1
9443.0,2
9445.0,0
9447.0,1
9449.0,1
9451.0,1
9453.0,1
9455.0,3
9457.0,2
9459.0,2
9461.0,0
9463.0,1
9465.0,2
9467.0,2
9469.0,0
9471.0,2
9473.0,1
9475.0,1
9477.0,0
9479.0,0
9481.0,1
9483.0,0
9485.0,0
9487.0,2
9489.0,0
9491.0,0
9493.0,1
9495.0,0
9497.0,2
9499.0,0
9501.0,0
9503.0,1
9505.0,2
9507.0,1
9509.0,3
9511.0,4
9513.0,1
9515.0,0
9517.0,1
9519.0,1
9521.0,0
9523.0,1
9525.0,1
9527.0,1
9529.0,1
9531.0,2
9533.0,8
9535.0,12
9537.0,15
9539.0,9
9541.0,5
9543.0,2
9545.0,1
9547.0,1
9549.0,1
9551.0,0
9553.0,1
9555.0,0
9557.0,4
9559.0,1
9561.0,1
9563.0,0
9565.0,0
9567.0,0
9569.0,3
9571.0,3
9573.0,9
9575.0,8
9577.0,5
9579.0,1
9581.0,1
9583.0,2
9585.0,0
9587.0,1
9589.0,0
9591.0,0
9593.0,1
9595.0,0
9597.0,1
9599.0,2
9601.0,0
9603.0,2
9605.0,0
9607.0,0
9609.0,0
9611.0,1
9613.0,1
9615.0,0
9617.0,1
9619.0,0
9621.0,0
9623.0,0
9625.0,0
9627.0,0
9629.0,1
9631.0,0
9633.0,0
9635.0,1
9637.0,0
9639.0,0
9641.0,1
9643.0,1
9645.0,0
9647.0,0
9649.0,0
9651.0,0
9653.0,0
9655.0,2
9657.0,0
9659.0,1
9661.0,0
9663.0,0
9665.0,0
9667.0,2
9669.0,0
9671.0,1
9673.0,0
9675.0,1
9677.0,0
9679.0,3
9681.0,4
9683.0,2
9685.0,1
9687.0,1
9689.0,1
9691.0,0
9693.0,1
9695.0,2
9697.0,2
9699.0,3
9701.0,2
9703.0,4
9705.0,0
9707.0,1
9709.0,1
9711.0,2
9713.0,1
9715.0,1
9717.0,1
9719.0,3
9721.0,0
9723.0,0
9725.0,0
9727.0,1
9729.0,2
9731.0,0
9733.0,0
9735.0,0
9737.0,0
9739.0,0
9741.0,0
9743.0,2
9745.0,0
9747.0,0
9749.0,0
9751.0,0
9753.0,0
9755.0,1
9757.0,1
9759.0,1
9761.0,2
9763.0,0
9765.0,1
9767.0,0
9769.0,0
9771.0,0
9773.0,0
9775.0,0
9777.0,0
9779.0,2
9781.0,2
9783.0,0
9785.0,3
9787.0,0
9789.0,1
9791.0,0
9793.0,1
9795.0,0
9797.0,0
9799.0,1
9801.0,1
9803.0,0
9805.0,0
9807.0,0
9809.0,1
9811.0,2
9813.0,0
9815.0,0
9817.0,2
9819.0,0
9821.0,0
9823.0,1
9825.0,0
9827.0,2
9829.0,1
9831.0,0
9833.0,0
9835.0,1
9837.0,1
9839.0,0
9841.0,0
9843.0,4
9845.0,2
9847.0,0
9849.0,0
9851.0,2
9853.0,0
9855.0,2
9857.0,1
9859.0,1
9861.0,2
9863.0,0
9865.0,0
9867.0,0
9869.0,2
9871.0,1
9873.0,0
9875.0,3
9877.0,0
9879.0,2
9881.0,0
9883.0,0
9885.0,0
9887.0,1
9889.0,0
9891.0,1
9893.0,0
9895.0,2
9897.0,1
9899.0,2
9901.0,2
9903.0,1
9905.0,2
9907.0,3
9909.0,1
9911.0,1
9913.0,0
9915.0,0
9917.0,1
9919.0,4
9921.0,0
9923.0,2
9925.0,1
9927.0,2
9929.0,1
9931.0,1
9933.0,1
9935.0,2
9937.0,0
9939.0,1
9941.0,2
9943.0,2
9945.0,5
9947.0,0
9949.0,1
9951.0,1
9953.0,3
9955.0,3
9957.0,1
9959.0,3
9961.0,1
9963.0,2
9965.0,0
9967.0,0
9969.0,4
9971.0,0
9973.0,5
9975.0,0
9977.0,0
9979.0,2
9981.0,3
9983.0,1
9985.0,2
9987.0,3
9989.0,0
9991.0,1
9993.0,2
9995.0,4
9997.0,0
9999.0,3
10001.0,3
10003.0,0
10005.0,1
10007.0,2
10009.0,0
10011.0,6
10013.0,11
10015.0,18
10017.0,13
10019.0,8
10021.0,3
10023.0,1
10025.0,2
10027.0,0
10029.0,3
10031.0,2
10033.0,1
10035.0,3
10037.0,2
10039.0,0
10041.0,3
10043.0,1
10045.0,2
10047.0,0
10049.0,0
10051.0,3
10053.0,0
10055.0,1
10057.0,0
10059.0,0
10061.0,1
10063.0,1
10065.0,1
10067.0,0
10069.0,1
10071.0,0
10073.0,1
10075.0,1
10077.0,0
10079.0,2
10081.0,0
10083.0,1
10085.0,1
10087.0,0
10089.0,0
10091.0,1
10093.0,2
10095.0,1
10097.0,3
10099.0,0
10101.0,2
10103.0,1
10105.0,0
10107.0,0
10109.0,0
10111.0,1
10113.0,0
10115.0,2
10117.0,0
10119.0,0
10121.0,1
10123.0,0
10125.0,1
10127.0,0
10129.0,0
10131.0,0
10133.0,0
10135.0,0
10137.0,1
10139.0,2
10141.0,0
10143.0,1
10145.0,1
10147.0,0
10149.0,0
10151.0,0
10153.0,0
10155.0,1
10157.0,0
10159.0,0
10161.0,1
10163.0,2
10165.0,1
10167.0,0
10169.0,0
10171.0,0
10173.0,2
10175.0,0
10177.0,3
10179.0,0
10181.0,2
10183.0,1
10185.0,1
10187.0,0
10189.0,2
10191.0,0
10193.0,1
10195.0,0
10197.0,1
10199.0,1
10201.0,0
10203.0,1
10205.0,1
10207.0,0
10209.0,2
10211.0,0
10213.0,0
10215.0,1
10217.0,1
10219.0,1
10221.0,2
10223.0,3
10225.0,1
10227.0,1
10229.0,0
10231.0,1
10233.0,4
10235.0,2
10237.0,1
10239.0,0
10241.0,2
10243.0,1
10245.0,1
10247.0,0
10249.0,1
10251.0,0
10253.0,3
10255.0,6
10257.0,3
10259.0,0
10261.0,0
10263.0,0
10265.0,3
10267.0,1
10269.0,2
10271.0,3
10273.0,1
10275.0,0
10277.0,0
10279.0,3
10281.0,1
10283.0,0
10285.0,1
10287.0,1
10289.0,0
10291.0,2
10293.0,0
10295.0,2
10297.0,2
10299.0,2
10301.0,1
10303.0,3
10305.0,0
10307.0,1
10309.0,1
10311.0,1
10313.0,3
10315.0,0
10317.0,1
10319.0,2
10321.0,1
10323.0,1
10325.0,1
10327.0,0
10329.0,1
10331.0,3
10333.0,0
10335.0,3
10337.0,1
10339.0,4
10341.0,3
10343.0,1
10345.0,0
10347.0,0
10349.0,2
10351.0,1
10353.0,2
10355.0,0
10357.0,0
10359.0,0
10361.0,1
10363.0,3
10365.0,2
10367.0,1
10369.0,2
10371.0,1
10373.0,1
10375.0,3
10377.0,0
10379.0,1
10381.0,2
10383.0,0
10385.0,1
10387.0,2
10389.0,4
10391.0,2
10393.0,6
10395.0,4
10397.0,0
10399.0,3
10401.0,1
10403.0,0
10405.0,2
10407.0,1
10409.0,2
10411.0,1
10413.0,1
10415.0,7
10417.0,3
10419.0,2
10421.0,3
10423.0,2
10425.0,4
10427.0,3
10429.0,5
10431.0,2
10433.0,2
10435.0,3
10437.0,5
10439.0,1
10441.0,3
10443.0,4
10445.0,1
10447.0,5
10449.0,2
10451.0,8
10453.0,6
10455.0,6
10457.0,4
10459.0,2
10461.0,8
10463.0,2
10465.0,2
10467.0,4
10469.0,0
10471.0,2
10473.0,1
10475.0,0
10477.0,3
10479.0,1
10481.0,2
10483.0,2
10485.0,4
10487.0,2
10489.0,0
10491.0,1
10493.0,2
10495.0,1
10497.0,2
10499.0,4
10501.0,1
10503.0,2
10505.0,7
10507.0,6
10509.0,9
10511.0,5
10513.0,7
10515.0,7
10517.0,3
10519.0,2
10521.0,5
10523.0,4
10525.0,2
10527.0,2
10529.0,1
10531.0,2
10533.0,0
10535.0,3
10537.0,1
10539.0,2
10541.0,2
10543.0,1
10545.0,1
10547.0,1
10549.0,3
10551.0,5
10553.0,0
10555.0,0
10557.0,2
10559.0,2
10561.0,2
10563.0,0
10565.0,1
10567.0,0
10569.0,4
10571.0,3
10573.0,1
10575.0,2
10577.0,2
10579.0,1
10581.0,2
10583.0,0
10585.0,0
10587.0,0
10589.0,1
10591.0,3
10593.0,2
10595.0,1
10597.0,3
10599.0,1
10601.0,1
10603.0,4
10605.0,1
10607.0,1
10609.0,1
10611.0,1
10613.0,2
10615.0,2
10617.0,0
10619.0,3
10621.0,1
10623.0,3
10625.0,3
10627.0,1
10629.0,1
10631.0,1
10633.0,2
10635.0,6
10637.0,2
10639.0,2
10641.0,1
10643.0,3
10645.0,2
10647.0,2
10649.0,1
10651.0,5
10653.0,2
10655.0,6
10657.0,16
10659.0,4
10661.0,7
10663.0,5
10665.0,2
10667.0,6
10669.0,3
10671.0,5
10673.0,1
10675.0,3
10677.0,5
10679.0,3
10681.0,3
10683.0,2
10685.0,3
10687.0,2
10689.0,2
10691.0,1
10693.0,2
10695.0,2
10697.0,0
10699.0,1
10701.0,3
10703.0,2
10705.0,6
10707.0,1
10709.0,2
10711.0,3
10713.0,1
10715.0,2
10717.0,1
10719.0,2
10721.0,1
10723.0,4
10725.0,1
10727.0,2
10729.0,1
10731.0,3
10733.0,2
10735.0,0
10737.0,5
10739.0,4
10741.0,3
10743.0,1
10745.0,4
10747.0,3
10749.0,5
10751.0,4
10753.0,4
10755.0,7
10757.0,3
10759.0,7
10761.0,10
10763.0,9
10765.0,19
10767.0,22
10769.0,12
10771.0,13
10773.0,11
10775.0,4
10777.0,4
10779.0,2
10781.0,5
10783.0,8
10785.0,4
10787.0,0
10789.0,3
10791.0,4
10793.0,3
10795.0,2
10797.0,0
10799.0,1
10801.0,1
10803.0,2
10805.0,1
10807.0,5
10809.0,1
10811.0,1
10813.0,2
10815.0,0
10817.0,2
10819.0,5
10821.0,0
10823.0,3
10825.0,2
10827.0,0
10829.0,2
10831.0,1
10833.0,1
10835.0,2
10837.0,0
10839.0,0
10841.0,0
10843.0,0
10845.0,0
10847.0,1
10849.0,0
10851.0,0
10853.0,1
10855.0,0
10857.0,0
10859.0,0
10861.0,1
10863.0,1
10865.0,3
10867.0,0
10869.0,1
10871.0,0
10873.0,1
10875.0,0
10877.0,0
10879.0,2
10881.0,1
10883.0,2
10885.0,2
10887.0,1
10889.0,1
10891.0,1
10893.0,2
10895.0,2
10897.0,1
10899.0,0
10901.0,3
10903.0,0
10905.0,1
10907.0,0
10909.0,1
10911.0,0
10913.0,3
10915.0,3
10917.0,1
10919.0,0
10921.0,7
10923.0,1
10925.0,3
10927.0,4
10929.0,4
10931.0,1
10933.0,1
10935.0,0
10937.0,0
10939.0,0
10941.0,2
10943.0,1
10945.0,1
10947.0,0
10949.0,1
10951.0,1
10953.0,0
10955.0,3
10957.0,2
10959.0,1
10961.0,1
10963.0,0
10965.0,0
10967.0,1
10969.0,1
10971.0,2
10973.0,0
10975.0,0
10977.0,0
10979.0,0
10981.0,0
10983.0,1
10985.0,0
10987.0,2
10989.0,1
10991.0,0
10993.0,0
10995.0,0
10997.0,1
10999.0,1
11001.0,2
11003.0,0
11005.0,2
11007.0,1
11009.0,0
11011.0,1
11013.0,1
11015.0,0
11017.0,0
11019.0,0
11021.0,1
11023.0,2
11025.0,0
11027.0,0
11029.0,0
11031.0,2
11033.0,2
11035.0,0
11037.0,1
11039.0,2
11041.0,1
11043.0,0
11045.0,2
11047.0,0
11049.0,1
11051.0,1
11053.0,0
11055.0,2
11057.0,1
11059.0,1
11061.0,2
11063.0,0
11065.0,0
11067.0,1
11069.0,0
11071.0,7
11073.0,5
11075.0,6
11077.0,5
11079.0,1
11081.0,3
11083.0,3
11085.0,3
11087.0,2
11089.0,1
11091.0,1
11093.0,1
11095.0,1
11097.0,2
11099.0,1
11101.0,1
11103.0,0
11105.0,0
11107.0,1
11109.0,1
11111.0,1
11113.0,0
11115.0,0
11117.0,0
11119.0,1
11121.0,0
11123.0,2
11125.0,1
11127.0,1
11129.0,1
11131.0,0
11133.0,1
11135.0,1
11137.0,0
11139.0,2
11141.0,0
11143.0,0
11145.0,1
11147.0,0
11149.0,2
11151.0,0
11153.0,1
11155.0,0
11157.0,2
11159.0,2
11161.0,1
11163.0,0
11165.0,0
11167.0,1
11169.0,1
11171.0,0
11173.0,1
11175.0,1
11177.0,0
11179.0,1
11181.0,0
11183.0,0
11185.0,2
11187.0,2
11189.0,2
11191.0,0
11193.0,2
11195.0,2
11197.0,0
11199.0,1
11201.0,0
11203.0,0
11205.0,0
11207.0,0
11209.0,0
11211.0,1
11213.0,1
11215.0,0
11217.0,0
11219.0,0
11221.0,1
11223.0,1
11225.0,0
11227.0,1
11229.0,0
11231.0,2
11233.0,1
11235.0,1
11237.0,0
11239.0,1
11241.0,2
11243.0,0
11245.0,1
11247.0,0
11249.0,3
11251.0,0
11253.0,1
11255.0,2
11257.0,1
11259.0,1
11261.0,0
11263.0,2
11265.0,2
11267.0,0
11269.0,0
11271.0,0
11273.0,0
11275.0,1
11277.0,1
11279.0,0
11281.0,0
11283.0,1
11285.0,1
11287.0,1
11289.0,1
11291.0,1
11293.0,1
11295.0,1
11297.0,1
11299.0,3
11301.0,2
11303.0,0
11305.0,1
11307.0,0
11309.0,1
11311.0,0
11313.0,1
11315.0,0
11317.0,0
11319.0,0
11321.0,1
11323.0,0
11325.0,0
11327.0,0
11329.0,0
11331.0,0
11333.0,0
11335.0,0
11337.0,3
11339.0,3
11341.0,2
11343.0,3
11345.0,0
11347.0,1
11349.0,2
11351.0,1
11353.0,1
11355.0,0
11357.0,0
11359.0,0
11361.0,1
11363.0,1
11365.0,1
11367.0,0
11369.0,1
11371.0,0
11373.0,1
11375.0,0
11377.0,0
11379.0,0
11381.0,2
11383.0,1
11385.0,1
11387.0,1
11389.0,2
11391.0,0
11393.0,0
11395.0,0
11397.0,1
11399.0,0
11401.0,0
11403.0,2
11405.0,0
11407.0,2
11409.0,4
11411.0,1
11413.0,0
11415.0,0
11417.0,1
11419.0,2
11421.0,0
11423.0,1
11425.0,0
11427.0,0
11429.0,0
11431.0,0
11433.0,0
11435.0,0
11437.0,1
11439.0,0
11441.0,1
11443.0,2
11445.0,1
11447.0,0
11449.0,0
11451.0,2
11453.0,1
11455.0,0
11457.0,2
11459.0,1
11461.0,0
11463.0,1
11465.0,0
11467.0,2
11469.0,1
11471.0,0
11473.0,1
11475.0,0
11477.0,0
11479.0,1
11481.0,0
11483.0,0
11485.0,0
11487.0,0
11489.0,1
11491.0,0
11493.0,0
11495.0,1
11497.0,1
11499.0,0
11501.0,2
11503.0,0
11505.0,1
11507.0,0
11509.0,1
11511.0,1
11513.0,1
11515.0,2
11517.0,0
11519.0,1
11521.0,0
11523.0,1
11525.0,0
11527.0,1
11529.0,0
11531.0,1
11533.0,2
11535.0,1
11537.0,0
11539.0,0
11541.0,1
11543.0,2
11545.0,2
11547.0,4
11549.0,1
11551.0,2
11553.0,3
11555.0,2
11557.0,0
11559.0,4
11561.0,1
11563.0,1
11565.0,0
11567.0,0
11569.0,0
11571.0,1
11573.0,0
11575.0,1
11577.0,1
11579.0,2
11581.0,0
11583.0,0
11585.0,1
11587.0,2
11589.0,0
11591.0,1
11593.0,0
11595.0,5
11597.0,3
11599.0,6
11601.0,0
11603.0,3
11605.0,0
11607.0,0
11609.0,1
11611.0,0
11613.0,2
11615.0,0
11617.0,2
11619.0,0
11621.0,0
11623.0,0
11625.0,1
11627.0,1
11629.0,1
11631.0,1
11633.0,2
11635.0,0
11637.0,1
11639.0,0
11641.0,1
11643.0,4
11645.0,4
11647.0,1
11649.0,6
11651.0,3
11653.0,0
11655.0,1
11657.0,4
11659.0,1
11661.0,0
11663.0,0
11665.0,0
11667.0,1
11669.0,3
11671.0,0
11673.0,1
11675.0,2
11677.0,2
11679.0,0
11681.0,3
11683.0,3
11685.0,3
11687.0,5
11689.0,6
11691.0,3
11693.0,4
11695.0,7
11697.0,0
11699.0,1
11701.0,4
11703.0,2
11705.0,1
11707.0,0
11709.0,1
11711.0,1
11713.0,1
11715.0,1
11717.0,0
11719.0,0
11721.0,2
11723.0,3
11725.0,0
11727.0,4
11729.0,2
11731.0,4
11733.0,1
11735.0,2
11737.0,1
11739.0,1
11741.0,1
11743.0,0
11745.0,0
11747.0,0
11749.0,2
11751.0,1
11753.0,0
11755.0,0
11757.0,2
11759.0,1
11761.0,0
11763.0,2
11765.0,1
11767.0,0
11769.0,0
11771.0,2
11773.0,1
11775.0,0
11777.0,0
11779.0,0
11781.0,0
11783.0,0
11785.0,0
11787.0,1
11789.0,0
11791.0,0
11793.0,0
11795.0,1
11797.0,0
11799.0,0
11801.0,1
11803.0,0
11805.0,0
11807.0,1
11809.0,0
11811.0,0
11813.0,0
11815.0,1
11817.0,0
11819.0,0
11821.0,0
11823.0,0
11825.0,0
11827.0,0
11829.0,0
11831.0,0
11833.0,0
11835.0,0
11837.0,0
11839.0,0
11841.0,1
11843.0,1
11845.0,0
11847.0,0
11849.0,0
11851.0,0
11853.0,0
11855.0,0
11857.0,1
11859.0,1
11861.0,0
11863.0,0
11865.0,0
11867.0,0
11869.0,1
11871.0,0
11873.0,0
11875.0,0
11877.0,0
11879.0,0
11881.0,2
11883.0,1
11885.0,0
11887.0,0
11889.0,0
11891.0,1
11893.0,2
11895.0,0
11897.0,0
11899.0,0
11901.0,0
11903.0,0
11905.0,1
11907.0,0
11909.0,0
11911.0,0
11913.0,2
11915.0,1
11917.0,0
11919.0,1
11921.0,0
11923.0,0
11925.0,1
11927.0,1
11929.0,0
11931.0,0
11933.0,0
11935.0,1
11937.0,0
11939.0,0
11941.0,0
11943.0,1
11945.0,0
11947.0,2
11949.0,0
11951.0,1
11953.0,0
11955.0,0
11957.0,0
11959.0,0
11961.0,0
11963.0,1
11965.0,1
11967.0,0
11969.0,0
11971.0,1
11973.0,1
11975.0,0
11977.0,1
11979.0,0
11981.0,1
11983.0,1
11985.0,0
11987.0,0
11989.0,1
11991.0,0
11993.0,1
11995.0,0
11997.0,0
11999.0,0
12001.0,0
12003.0,0
12005.0,0
12007.0,1
12009.0,0
12011.0,0
12013.0,2
12015.0,0
12017.0,0
12019.0,0
12021.0,0
12023.0,0
12025.0,0
12027.0,0
12029.0,0
12031.0,0
12033.0,1
12035.0,0
12037.0,1
12039.0,1
12041.0,0
12043.0,0
12045.0,1
12047.0,1
12049.0,0
12051.0,1
12053.0,0
12055.0,1
12057.0,1
12059.0,0
12061.0,0
12063.0,1
12065.0,0
12067.0,0
12069.0,0
12071.0,0
12073.0,1
12075.0,1
12077.0,0
12079.0,1
12081.0,0
12083.0,0
12085.0,0
12087.0,0
12089.0,0
12091.0,1
12093.0,0
12095.0,0
12097.0,0
12099.0,1
12101.0,0
12103.0,1
12105.0,0
12107.0,0
12109.0,1
12111.0,0
12113.0,0
12115.0,1
12117.0,1
12119.0,0
12121.0,0
12123.0,0
12125.0,0
12127.0,0
12129.0,0
12131.0,0
12133.0,0
12135.0,0
12137.0,0
12139.0,0
12141.0,0
12143.0,0
12145.0,1
12147.0,0
12149.0,0
12151.0,2
12153.0,1
12155.0,1
12157.0,1
12159.0,1
12161.0,0
12163.0,1
12165.0,1
12167.0,1
12169.0,0
12171.0,1
12173.0,0
12175.0,0
12177.0,0
12179.0,2
12181.0,1
12183.0,1
12185.0,1
12187.0,1
12189.0,1
12191.0,0
12193.0,0
12195.0,0
12197.0,0
12199.0,0
12201.0,0
12203.0,2
12205.0,0
12207.0,0
12209.0,0
12211.0,1
12213.0,0
12215.0,0
12217.0,0
12219.0,0
12221.0,1
12223.0,0
12225.0,0
12227.0,0
12229.0,1
12231.0,1
12233.0,1
12235.0,1
12237.0,0
12239.0,1
12241.0,1
12243.0,2
12245.0,0
12247.0,0
12249.0,2
12251.0,1
12253.0,0
12255.0,1
12257.0,1
12259.0,1
12261.0,1
12263.0,0
12265.0,1
12267.0,1
12269.0,2
12271.0,2
12273.0,1
12275.0,0
12277.0,2
12279.0,1
12281.0,0
12283.0,0
12285.0,0
12287.0,0
12289.0,0
12291.0,0
12293.0,0
12295.0,2
12297.0,0
12299.0,0
12301.0,2
12303.0,0
12305.0,1
12307.0,1
12309.0,1
12311.0,1
12313.0,3
12315.0,5
12317.0,5
12319.0,4
12321.0,4
12323.0,7
12325.0,3
12327.0,0
12329.0,4
12331.0,0
12333.0,1
12335.0,0
12337.0,1
12339.0,0
12341.0,0
12343.0,1
12345.0,0
12347.0,0
12349.0,0
12351.0,1
12353.0,0
12355.0,1
12357.0,0
12359.0,1
12361.0,3
12363.0,0
12365.0,0
12367.0,1
12369.0,1
12371.0,0
12373.0,0
12375.0,1
12377.0,0
12379.0,0
12381.0,0
12383.0,0
12385.0,0
12387.0,0
12389.0,0
12391.0,0
12393.0,1
12395.0,0
12397.0,1
12399.0,0
12401.0,0
12403.0,0
12405.0,0
12407.0,1
12409.0,1
12411.0,0
12413.0,0
12415.0,0
12417.0,0
12419.0,0
12421.0,0
12423.0,0
12425.0,0
12427.0,0
12429.0,0
12431.0,1
12433.0,0
12435.0,0
12437.0,0
12439.0,0
12441.0,0
12443.0,0
12445.0,0
12447.0,0
12449.0,0
12451.0,0
12453.0,1
12455.0,1
12457.0,0
12459.0,0
12461.0,0
12463.0,0
12465.0,0
12467.0,0
12469.0,0
12471.0,0
12473.0,0
12475.0,0
12477.0,0
12479.0,0
12481.0,0
12483.0,1
12485.0,1
12487.0,0
12489.0,0
12491.0,0
12493.0,1
12495.0,0
12497.0,0
12499.0,1
12501.0,0
12503.0,0
12505.0,0
12507.0,0
12509.0,0
12511.0,0
12513.0,0
12515.0,0
12517.0,0
12519.0,0
12521.0,0
12523.0,0
12525.0,0
12527.0,0
12529.0,0
12531.0,0
12533.0,0
12535.0,0
12537.0,1
12539.0,1
12541.0,1
12543.0,0
12545.0,0
12547.0,0
12549.0,0
12551.0,0
12553.0,0
12555.0,2
12557.0,0
12559.0,0
12561.0,1
12563.0,1
12565.0,1
12567.0,1
12569.0,1
12571.0,0
12573.0,0
12575.0,0
12577.0,0
12579.0,0
12581.0,0
12583.0,0
12585.0,0
12587.0,0
12589.0,1
12591.0,0
12593.0,0
12595.0,0
12597.0,0
12599.0,0
12601.0,0
12603.0,0
12605.0,0
12607.0,0
12609.0,0
12611.0,0
12613.0,0
12615.0,0
12617.0,0
12619.0,0
12621.0,0
12623.0,0
12625.0,0
12627.0,0
12629.0,0
12631.0,0
12633.0,0
12635.0,0
12637.0,0
12639.0,0
12641.0,0
12643.0,0
12645.0,0
12647.0,1
12649.0,0
12651.0,0
12653.0,0
12655.0,0
12657.0,0
12659.0,2
12661.0,0
12663.0,0
12665.0,0
12667.0,0
12669.0,0
12671.0,0
12673.0,0
12675.0,0
12677.0,1
12679.0,0
12681.0,0
12683.0,0
12685.0,0
12687.0,0
12689.0,0
12691.0,0
12693.0,0
12695.0,0
12697.0,0
12699.0,1
12701.0,0
12703.0,0
12705.0,0
12707.0,0
12709.0,0
12711.0,0
12713.0,1
12715.0,1
12717.0,0
12719.0,1
12721.0,0
12723.0,0
12725.0,0
12727.0,0
12729.0,0
12731.0,0
12733.0,1
12735.0,0
12737.0,1
12739.0,0
12741.0,0
12743.0,0
12745.0,0
12747.0,0
12749.0,0
12751.0,0
12753.0,1
12755.0,0
12757.0,0
12759.0,0
12761.0,0
12763.0,0
12765.0,0
12767.0,1
12769.0,1
12771.0,0
12773.0,0
12775.0,0
12777.0,0
12779.0,0
12781.0,0
12783.0,1
12785.0,2
12787.0,0
12789.0,2
12791.0,0
12793.0,1
12795.0,0
12797.0,1
12799.0,0
12801.0,0
12803.0,0
12805.0,0
12807.0,0
12809.0,1
12811.0,0
12813.0,0
12815.0,0
12817.0,0
12819.0,0
12821.0,0
12823.0,1
12825.0,0
12827.0,0
12829.0,0
12831.0,0
12833.0,0
12835.0,1
12837.0,0
12839.0,0
12841.0,0
12843.0,0
12845.0,0
12847.0,0
12849.0,0
12851.0,0
12853.0,0
12855.0,0
12857.0,0
12859.0,0
12861.0,0
12863.0,1
12865.0,0
12867.0,1
12869.0,0
12871.0,1
12873.0,1
12875.0,0
12877.0,1
12879.0,0
12881.0,0
12883.0,0
12885.0,0
12887.0,1
12889.0,0
12891.0,0
12893.0,0
12895.0,0
12897.0,0
12899.0,0
12901.0,1
12903.0,0
12905.0,0
12907.0,0
12909.0,1
12911.0,0
12913.0,0
12915.0,0
12917.0,0
12919.0,0
12921.0,0
12923.0,0
12925.0,0
12927.0,1
12929.0,0
12931.0,0
12933.0,0
12935.0,1
12937.0,0
12939.0,0
12941.0,0
12943.0,0
12945.0,0
12947.0,0
12949.0,0
12951.0,0
12953.0,0
12955.0,0
12957.0,0
12959.0,0
12961.0,0
12963.0,1
12965.0,0
12967.0,0
12969.0,0
12971.0,0
12973.0,0
12975.0,0
12977.0,0
12979.0,0
12981.0,0
12983.0,0
12985.0,0
12987.0,0
12989.0,0
12991.0,0
12993.0,0
12995.0,0
12997.0,0
