Bin center (eV),Counts per 2 eV bin
801.0,3
803.0,2
805.0,0
807.0,4
809.0,2
811.0,4
813.0,4
815.0,5
817.0,3
819.0,8
821.0,4
823.0,1
825.0,7
827.0,1
829.0,7
831.0,7
833.0,5
835.0,5
837.0,7
839.0,11
841.0,13
843.0,8
845.0,12
847.0,15
849.0,19
851.0,14
853.0,9
855.0,15
857.0,10
859.0,5
861.0,6
863.0,7
865.0,5
867.0,4
869.0,9
871.0,11
873.0,4
875.0,5
877.0,3
879.0,3
881.0,5
883.0,3
885.0,3
887.0,2
889.0,7
891.0,5
893.0,1
895.0,4
897.0,5
899.0,14
901.0,2
903.0,7
905.0,15
907.0,15
909.0,4
911.0,9
913.0,11
915.0,21
917.0,15
919.0,15
921.0,21
923.0,23
925.0,15
927.0,18
929.0,19
931.0,14
933.0,13
935.0,14
937.0,14
939.0,12
941.0,5
943.0,10
945.0,10
947.0,6
949.0,9
951.0,6
953.0,7
955.0,6
957.0,9
959.0,3
961.0,4
963.0,1
965.0,4
967.0,2
969.0,1
971.0,5
973.0,5
975.0,3
977.0,6
979.0,5
981.0,5
983.0,3
985.0,4
987.0,5
989.0,4
991.0,6
993.0,4
995.0,5
997.0,4
999.0,3
1001.0,5
1003.0,5
1005.0,3
1007.0,6
1009.0,7
1011.0,7
1013.0,5
1015.0,2
1017.0,3
1019.0,2
1021.0,7
1023.0,5
1025.0,2
1027.0,7
1029.0,7
1031.0,2
1033.0,1
1035.0,4
1037.0,2
1039.0,3
1041.0,1
1043.0,6
1045.0,0
1047.0,6
1049.0,0
1051.0,5
1053.0,6
1055.0,7
1057.0,2
1059.0,4
1061.0,8
1063.0,2
1065.0,4
1067.0,4
1069.0,2
1071.0,4
1073.0,2
1075.0,5
1077.0,1
1079.0,5
1081.0,3
1083.0,1
1085.0,4
1087.0,9
1089.0,4
1091.0,3
1093.0,5
1095.0,3
1097.0,5
1099.0,7
1101.0,3
1103.0,4
1105.0,3
1107.0,9
1109.0,3
1111.0,7
1113.0,1
1115.0,1
1117.0,5
1119.0,4
1121.0,5
1123.0,7
1125.0,3
1127.0,5
1129.0,8
1131.0,3
1133.0,3
1135.0,2
1137.0,2
1139.0,5
1141.0,2
1143.0,4
1145.0,3
1147.0,4
1149.0,4
1151.0,8
1153.0,6
1155.0,5
1157.0,3
1159.0,4
1161.0,2
1163.0,4
1165.0,5
1167.0,5
1169.0,3
1171.0,3
1173.0,5
1175.0,8
1177.0,8
1179.0,2
1181.0,6
1183.0,4
1185.0,2
1187.0,3
1189.0,1
1191.0,2
1193.0,3
1195.0,2
1197.0,4
1199.0,1
1201.0,2
1203.0,5
1205.0,7
1207.0,2
1209.0,3
1211.0,2
1213.0,4
1215.0,2
1217.0,6
1219.0,4
1221.0,2
1223.0,7
1225.0,3
1227.0,4
1229.0,8
1231.0,6
1233.0,7
1235.0,6
1237.0,9
1239.0,6
1241.0,3
1243.0,2
1245.0,2
1247.0,5
1249.0,2
1251.0,2
1253.0,1
1255.0,1
1257.0,3
1259.0,7
1261.0,2
1263.0,7
1265.0,8
1267.0,6
1269.0,5
1271.0,3
1273.0,3
1275.0,3
1277.0,3
1279.0,4
1281.0,3
1283.0,4
1285.0,2
1287.0,3
1289.0,3
1291.0,7
1293.0,1
1295.0,2
1297.0,8
1299.0,4
1301.0,1
1303.0,5
1305.0,5
1307.0,4
1309.0,2
1311.0,3
1313.0,6
1315.0,5
1317.0,5
1319.0,2
1321.0,2
1323.0,4
1325.0,5
1327.0,5
1329.0,4
1331.0,2
1333.0,0
1335.0,1
1337.0,3
1339.0,4
1341.0,5
1343.0,6
1345.0,4
1347.0,5
1349.0,5
1351.0,7
1353.0,7
1355.0,5
1357.0,2
1359.0,1
1361.0,7
1363.0,3
1365.0,3
1367.0,4
1369.0,5
1371.0,5
1373.0,7
1375.0,7
1377.0,3
1379.0,8
1381.0,6
1383.0,5
1385.0,4
1387.0,10
1389.0,15
1391.0,7
1393.0,5
1395.0,6
1397.0,6
1399.0,4
1401.0,5
1403.0,2
1405.0,2
1407.0,3
1409.0,2
1411.0,3
1413.0,4
1415.0,0
1417.0,5
1419.0,7
1421.0,5
1423.0,6
1425.0,6
1427.0,5
1429.0,6
1431.0,8
1433.0,7
1435.0,1
1437.0,3
1439.0,2
1441.0,1
1443.0,2
1445.0,4
1447.0,1
1449.0,1
1451.0,3
1453.0,3
1455.0,3
1457.0,4
1459.0,5
1461.0,4
1463.0,6
1465.0,3
1467.0,4
1469.0,3
1471.0,4
1473.0,3
1475.0,2
1477.0,2
1479.0,3
1481.0,2
1483.0,6
1485.0,2
1487.0,2
1489.0,3
1491.0,4
1493.0,3
1495.0,2
1497.0,5
1499.0,1
1501.0,4
1503.0,2
1505.0,6
1507.0,10
1509.0,9
1511.0,5
1513.0,2
1515.0,7
1517.0,8
1519.0,4
1521.0,7
1523.0,6
1525.0,3
1527.0,7
1529.0,5
1531.0,4
1533.0,3
1535.0,7
1537.0,4
1539.0,6
1541.0,1
1543.0,2
1545.0,3
1547.0,1
1549.0,5
1551.0,6
1553.0,1
1555.0,2
1557.0,5
1559.0,6
1561.0,11
1563.0,19
1565.0,10
1567.0,6
1569.0,1
1571.0,8
1573.0,0
1575.0,2
1577.0,3
1579.0,1
1581.0,2
1583.0,1
1585.0,1
1587.0,4
1589.0,1
1591.0,4
1593.0,1
1595.0,4
1597.0,1
1599.0,1
1601.0,2
1603.0,4
1605.0,3
1607.0,5
1609.0,3
1611.0,10
1613.0,4
1615.0,9
1617.0,7
1619.0,6
1621.0,6
1623.0,3
1625.0,7
1627.0,3
1629.0,10
1631.0,5
1633.0,7
1635.0,4
1637.0,3
1639.0,5
1641.0,5
1643.0,3
1645.0,5
1647.0,4
1649.0,1
1651.0,6
1653.0,4
1655.0,6
1657.0,2
1659.0,5
1661.0,4
1663.0,2
1665.0,4
1667.0,5
1669.0,4
1671.0,9
1673.0,10
1675.0,5
1677.0,1
1679.0,3
1681.0,2
1683.0,1
1685.0,6
1687.0,7
1689.0,7
1691.0,2
1693.0,5
1695.0,2
1697.0,5
1699.0,3
1701.0,2
1703.0,8
1705.0,3
1707.0,6
1709.0,5
1711.0,1
1713.0,1
1715.0,6
1717.0,1
1719.0,6
1721.0,6
1723.0,6
1725.0,4
1727.0,5
1729.0,9
1731.0,6
1733.0,4
1735.0,3
1737.0,5
1739.0,7
1741.0,4
1743.0,4
1745.0,2
1747.0,1
1749.0,2
1751.0,4
1753.0,4
1755.0,7
1757.0,1
1759.0,4
1761.0,2
1763.0,10
1765.0,7
1767.0,5
1769.0,7
1771.0,4
1773.0,2
1775.0,5
1777.0,4
1779.0,1
1781.0,5
1783.0,5
1785.0,7
1787.0,4
1789.0,5
1791.0,2
1793.0,2
1795.0,3
1797.0,5
1799.0,3
1801.0,3
1803.0,2
1805.0,2
1807.0,5
1809.0,5
1811.0,6
1813.0,6
1815.0,4
1817.0,6
1819.0,11
1821.0,10
1823.0,6
1825.0,3
1827.0,4
1829.0,2
1831.0,8
1833.0,8
1835.0,7
1837.0,6
1839.0,5
1841.0,5
1843.0,5
1845.0,6
1847.0,2
1849.0,2
1851.0,2
1853.0,3
1855.0,2
1857.0,2
1859.0,2
1861.0,8
1863.0,5
1865.0,27
1867.0,17
1869.0,12
1871.0,14
1873.0,8
1875.0,11
1877.0,4
1879.0,2
1881.0,5
1883.0,8
1885.0,7
1887.0,8
1889.0,8
1891.0,13
1893.0,13
1895.0,9
1897.0,3
1899.0,5
1901.0,6
1903.0,2
1905.0,3
1907.0,1
1909.0,5
1911.0,4
1913.0,7
1915.0,3
1917.0,4
1919.0,4
1921.0,1
1923.0,3
1925.0,5
1927.0,7
1929.0,4
1931.0,6
1933.0,4
1935.0,9
1937.0,7
1939.0,4
1941.0,6
1943.0,4
1945.0,8
1947.0,2
1949.0,3
1951.0,5
1953.0,1
1955.0,4
1957.0,4
1959.0,3
1961.0,5
1963.0,5
1965.0,6
1967.0,9
1969.0,4
1971.0,5
1973.0,7
1975.0,6
1977.0,8
1979.0,6
1981.0,3
1983.0,9
1985.0,5
1987.0,4
1989.0,5
1991.0,6
1993.0,4
1995.0,6
1997.0,10
1999.0,10
2001.0,7
2003.0,1
2005.0,4
2007.0,2
2009.0,3
2011.0,4
2013.0,6
2015.0,5
2017.0,5
2019.0,1
2021.0,7
2023.0,4
2025.0,6
2027.0,6
2029.0,4
2031.0,10
2033.0,6
2035.0,6
2037.0,9
2039.0,1
2041.0,8
2043.0,6
2045.0,2
2047.0,5
2049.0,7
2051.0,5
2053.0,3
2055.0,4
2057.0,3
2059.0,4
2061.0,3
2063.0,6
2065.0,7
2067.0,10
2069.0,7
2071.0,12
2073.0,11
2075.0,6
2077.0,2
2079.0,5
2081.0,9
2083.0,13
2085.0,7
2087.0,8
2089.0,11
2091.0,10
2093.0,6
2095.0,9
2097.0,14
2099.0,9
2101.0,8
2103.0,11
2105.0,7
2107.0,6
2109.0,12
2111.0,16
2113.0,12
2115.0,11
2117.0,5
2119.0,6
2121.0,9
2123.0,7
2125.0,9
2127.0,3
2129.0,9
2131.0,3
2133.0,5
2135.0,9
2137.0,11
2139.0,13
2141.0,14
2143.0,11
2145.0,16
2147.0,4
2149.0,15
2151.0,8
2153.0,9
2155.0,14
2157.0,20
2159.0,23
2161.0,15
2163.0,13
2165.0,11
2167.0,21
2169.0,13
2171.0,6
2173.0,6
2175.0,11
2177.0,20
2179.0,26
2181.0,34
2183.0,18
2185.0,11
2187.0,13
2189.0,7
2191.0,2
2193.0,8
2195.0,9
2197.0,6
2199.0,11
2201.0,5
2203.0,12
2205.0,8
2207.0,11
2209.0,7
2211.0,9
2213.0,6
2215.0,7
2217.0,1
2219.0,10
2221.0,8
2223.0,8
2225.0,11
2227.0,13
2229.0,12
2231.0,6
2233.0,9
2235.0,10
2237.0,10
2239.0,8
2241.0,16
2243.0,8
2245.0,12
2247.0,9
2249.0,17
2251.0,14
2253.0,8
2255.0,7
2257.0,10
2259.0,10
2261.0,7
2263.0,12
2265.0,5
2267.0,14
2269.0,10
2271.0,14
2273.0,26
2275.0,27
2277.0,18
2279.0,11
2281.0,11
2283.0,16
2285.0,9
2287.0,12
2289.0,7
2291.0,15
2293.0,10
2295.0,10
2297.0,16
2299.0,15
2301.0,16
2303.0,11
2305.0,9
2307.0,8
2309.0,13
2311.0,11
2313.0,8
2315.0,16
2317.0,17
2319.0,22
2321.0,31
2323.0,17
2325.0,11
2327.0,4
2329.0,7
2331.0,17
2333.0,10
2335.0,16
2337.0,8
2339.0,6
2341.0,12
2343.0,17
2345.0,10
2347.0,11
2349.0,17
2351.0,5
2353.0,8
2355.0,10
2357.0,14
2359.0,15
2361.0,14
2363.0,17
2365.0,21
2367.0,22
2369.0,15
2371.0,17
2373.0,5
2375.0,6
2377.0,5
2379.0,7
2381.0,10
2383.0,14
2385.0,17
2387.0,9
2389.0,8
2391.0,10
2393.0,10
2395.0,19
2397.0,8
2399.0,13
2401.0,8
2403.0,7
2405.0,10
2407.0,11
2409.0,26
2411.0,24
2413.0,29
2415.0,32
2417.0,22
2419.0,12
2421.0,9
2423.0,12
2425.0,10
2427.0,10
2429.0,6
2431.0,11
2433.0,14
2435.0,12
2437.0,13
2439.0,16
2441.0,11
2443.0,9
2445.0,11
2447.0,12
2449.0,10
2451.0,12
2453.0,10
2455.0,21
2457.0,30
2459.0,31
2461.0,27
2463.0,10
2465.0,13
2467.0,8
2469.0,18
2471.0,19
2473.0,11
2475.0,11
2477.0,16
2479.0,16
2481.0,9
2483.0,9
2485.0,6
2487.0,14
2489.0,16
2491.0,13
2493.0,10
2495.0,8
2497.0,15
2499.0,20
2501.0,23
2503.0,16
2505.0,13
2507.0,13
2509.0,14
2511.0,11
2513.0,16
2515.0,19
2517.0,19
2519.0,16
2521.0,17
2523.0,10
2525.0,9
2527.0,24
2529.0,11
2531.0,17
2533.0,9
2535.0,12
2537.0,11
2539.0,13
2541.0,32
2543.0,25
2545.0,21
2547.0,18
2549.0,11
2551.0,16
2553.0,27
2555.0,17
2557.0,20
2559.0,11
2561.0,13
2563.0,18
2565.0,17
2567.0,17
2569.0,13
2571.0,9
2573.0,6
2575.0,8
2577.0,6
2579.0,14
2581.0,15
2583.0,15
2585.0,9
2587.0,13
2589.0,12
2591.0,11
2593.0,21
2595.0,23
2597.0,25
2599.0,17
2601.0,12
2603.0,13
2605.0,9
2607.0,12
2609.0,17
2611.0,22
2613.0,19
2615.0,12
2617.0,16
2619.0,14
2621.0,9
2623.0,8
2625.0,9
2627.0,10
2629.0,15
2631.0,23
2633.0,9
2635.0,10
2637.0,10
2639.0,7
2641.0,18
2643.0,12
2645.0,14
2647.0,8
2649.0,15
2651.0,9
2653.0,14
2655.0,11
2657.0,12
2659.0,18
2661.0,13
2663.0,14
2665.0,12
2667.0,11
2669.0,21
2671.0,26
2673.0,31
2675.0,17
2677.0,9
2679.0,12
2681.0,12
2683.0,4
2685.0,4
2687.0,9
2689.0,8
2691.0,6
2693.0,8
2695.0,7
2697.0,12
2699.0,9
2701.0,13
2703.0,20
2705.0,30
2707.0,20
2709.0,15
2711.0,7
2713.0,8
2715.0,10
2717.0,8
2719.0,18
2721.0,13
2723.0,7
2725.0,15
2727.0,8
2729.0,5
2731.0,9
2733.0,4
2735.0,6
2737.0,9
2739.0,6
2741.0,13
2743.0,17
2745.0,12
2747.0,17
2749.0,21
2751.0,18
2753.0,19
2755.0,13
2757.0,15
2759.0,21
2761.0,17
2763.0,6
2765.0,2
2767.0,8
2769.0,3
2771.0,4
2773.0,7
2775.0,5
2777.0,7
2779.0,4
2781.0,26
2783.0,27
2785.0,21
2787.0,15
2789.0,11
2791.0,8
2793.0,16
2795.0,15
2797.0,14
2799.0,5
2801.0,4
2803.0,5
2805.0,8
2807.0,8
2809.0,9
2811.0,12
2813.0,12
2815.0,11
2817.0,3
2819.0,7
2821.0,9
2823.0,11
2825.0,11
2827.0,30
2829.0,27
2831.0,13
2833.0,5
2835.0,10
2837.0,9
2839.0,9
2841.0,5
2843.0,7
2845.0,6
2847.0,3
2849.0,4
2851.0,6
2853.0,9
2855.0,13
2857.0,8
2859.0,8
2861.0,11
2863.0,10
2865.0,9
2867.0,12
2869.0,13
2871.0,18
2873.0,11
2875.0,12
2877.0,11
2879.0,11
2881.0,9
2883.0,5
2885.0,4
2887.0,6
2889.0,2
2891.0,11
2893.0,4
2895.0,10
2897.0,7
2899.0,5
2901.0,5
2903.0,9
2905.0,12
2907.0,14
2909.0,18
2911.0,19
2913.0,5
2915.0,7
2917.0,2
2919.0,9
2921.0,2
2923.0,4
2925.0,4
2927.0,8
2929.0,6
2931.0,6
2933.0,2
2935.0,2
2937.0,4
2939.0,3
2941.0,4
2943.0,10
2945.0,6
2947.0,4
2949.0,8
2951.0,8
2953.0,14
2955.0,10
2957.0,19
2959.0,10
2961.0,18
2963.0,4
2965.0,3
2967.0,4
2969.0,6
2971.0,4
2973.0,5
2975.0,3
2977.0,6
2979.0,5
2981.0,8
2983.0,9
2985.0,3
2987.0,2
2989.0,5
2991.0,9
2993.0,10
2995.0,4
2997.0,3
2999.0,4
3001.0,6
3003.0,5
3005.0,2
3007.0,8
3009.0,10
3011.0,11
3013.0,2
3015.0,5
3017.0,1
3019.0,3
3021.0,5
3023.0,2
3025.0,7
3027.0,9
3029.0,5
3031.0,6
3033.0,6
3035.0,6
3037.0,8
3039.0,4
3041.0,9
3043.0,3
3045.0,11
3047.0,14
3049.0,11
3051.0,9
3053.0,7
3055.0,3
3057.0,10
3059.0,10
3061.0,13
3063.0,6
3065.0,6
3067.0,8
3069.0,4
3071.0,6
3073.0,4
3075.0,5
3077.0,1
3079.0,0
3081.0,10
3083.0,3
3085.0,0
3087.0,6
3089.0,6
3091.0,4
3093.0,8
3095.0,2
3097.0,4
3099.0,4
3101.0,6
3103.0,7
3105.0,8
3107.0,16
3109.0,14
3111.0,11
3113.0,9
3115.0,6
3117.0,11
3119.0,8
3121.0,9
3123.0,4
3125.0,3
3127.0,1
3129.0,1
3131.0,1
3133.0,0
3135.0,1
3137.0,3
3139.0,2
3141.0,2
3143.0,6
3145.0,3
3147.0,4
3149.0,6
3151.0,3
3153.0,10
3155.0,10
3157.0,9
3159.0,1
3161.0,2
3163.0,3
3165.0,3
3167.0,4
3169.0,0
3171.0,3
3173.0,1
3175.0,2
3177.0,5
3179.0,10
3181.0,6
3183.0,4
3185.0,2
3187.0,7
3189.0,6
3191.0,8
3193.0,7
3195.0,8
3197.0,9
3199.0,12
3201.0,10
3203.0,4
3205.0,4
3207.0,1
3209.0,2
3211.0,3
3213.0,3
3215.0,7
3217.0,2
3219.0,3
3221.0,7
3223.0,5
3225.0,5
3227.0,4
3229.0,5
3231.0,8
3233.0,8
3235.0,4
3237.0,12
3239.0,5
3241.0,5
3243.0,2
3245.0,2
3247.0,6
3249.0,1
3251.0,4
3253.0,4
3255.0,6
3257.0,4
3259.0,2
3261.0,4
3263.0,9
3265.0,5
3267.0,6
3269.0,8
3271.0,14
3273.0,18
3275.0,17
3277.0,9
3279.0,13
3281.0,5
3283.0,5
3285.0,6
3287.0,5
3289.0,3
3291.0,7
3293.0,4
3295.0,2
3297.0,0
3299.0,3
3301.0,2
3303.0,1
3305.0,4
3307.0,4
3309.0,5
3311.0,7
3313.0,6
3315.0,6
3317.0,12
3319.0,11
3321.0,12
3323.0,2
3325.0,2
3327.0,2
3329.0,3
3331.0,7
3333.0,8
3335.0,4
3337.0,2
3339.0,2
3341.0,5
3343.0,9
3345.0,5
3347.0,10
3349.0,10
3351.0,13
3353.0,7
3355.0,6
3357.0,7
3359.0,2
3361.0,1
3363.0,5
3365.0,4
3367.0,2
3369.0,3
3371.0,6
3373.0,4
3375.0,2
3377.0,3
3379.0,2
3381.0,4
3383.0,7
3385.0,3
3387.0,2
3389.0,9
3391.0,3
3393.0,9
3395.0,4
3397.0,4
3399.0,8
3401.0,3
3403.0,3
3405.0,2
3407.0,1
3409.0,3
3411.0,3
3413.0,2
3415.0,1
3417.0,3
3419.0,5
3421.0,4
3423.0,6
3425.0,4
3427.0,13
3429.0,12
3431.0,14
3433.0,11
3435.0,6
3437.0,8
3439.0,4
3441.0,3
3443.0,4
3445.0,3
3447.0,3
3449.0,0
3451.0,2
3453.0,7
3455.0,2
3457.0,5
3459.0,5
3461.0,3
3463.0,6
3465.0,4
3467.0,4
3469.0,7
3471.0,7
3473.0,4
3475.0,3
3477.0,1
3479.0,3
3481.0,2
3483.0,4
3485.0,1
3487.0,3
3489.0,4
3491.0,1
3493.0,3
3495.0,5
3497.0,0
3499.0,4
3501.0,0
3503.0,4
3505.0,0
3507.0,4
3509.0,0
3511.0,1
3513.0,6
3515.0,3
3517.0,3
3519.0,5
3521.0,3
3523.0,3
3525.0,2
3527.0,2
3529.0,4
3531.0,3
3533.0,3
3535.0,2
3537.0,4
3539.0,3
3541.0,6
3543.0,7
3545.0,5
3547.0,6
3549.0,4
3551.0,3
3553.0,2
3555.0,4
3557.0,3
3559.0,3
3561.0,2
3563.0,1
3565.0,2
3567.0,2
3569.0,4
3571.0,3
3573.0,4
3575.0,0
3577.0,4
3579.0,3
3581.0,3
3583.0,4
3585.0,3
3587.0,0
3589.0,4
3591.0,4
3593.0,0
3595.0,3
3597.0,8
3599.0,3
3601.0,2
3603.0,3
3605.0,0
3607.0,1
3609.0,1
3611.0,2
3613.0,1
3615.0,3
3617.0,3
3619.0,7
3621.0,4
3623.0,4
3625.0,2
3627.0,4
3629.0,3
3631.0,4
3633.0,0
3635.0,2
3637.0,1
3639.0,3
3641.0,3
3643.0,2
3645.0,1
3647.0,0
3649.0,1
3651.0,3
3653.0,0
3655.0,1
3657.0,1
3659.0,1
3661.0,3
3663.0,1
3665.0,2
3667.0,4
3669.0,6
3671.0,3
3673.0,3
3675.0,3
3677.0,2
3679.0,1
3681.0,3
3683.0,1
3685.0,1
3687.0,2
3689.0,4
3691.0,2
3693.0,2
3695.0,1
3697.0,2
3699.0,2
3701.0,2
3703.0,2
3705.0,2
3707.0,0
3709.0,4
3711.0,9
3713.0,4
3715.0,1
3717.0,1
3719.0,1
3721.0,2
3723.0,1
3725.0,0
3727.0,1
3729.0,2
3731.0,0
3733.0,2
3735.0,3
3737.0,5
3739.0,2
3741.0,2
3743.0,3
3745.0,1
3747.0,2
3749.0,2
3751.0,1
3753.0,1
3755.0,3
3757.0,4
3759.0,2
3761.0,2
3763.0,6
3765.0,1
3767.0,1
3769.0,1
3771.0,2
3773.0,0
3775.0,1
3777.0,1
3779.0,3
3781.0,0
3783.0,4
3785.0,4
3787.0,4
3789.0,1
3791.0,1
3793.0,1
3795.0,6
3797.0,3
3799.0,3
3801.0,3
3803.0,6
3805.0,3
3807.0,2
3809.0,2
3811.0,1
3813.0,2
3815.0,1
3817.0,0
3819.0,1
3821.0,1
3823.0,1
3825.0,3
3827.0,2
3829.0,5
3831.0,2
3833.0,2
3835.0,3
3837.0,1
3839.0,2
3841.0,1
3843.0,3
3845.0,4
3847.0,1
3849.0,2
3851.0,2
3853.0,0
3855.0,1
3857.0,1
3859.0,3
3861.0,2
3863.0,2
3865.0,0
3867.0,0
3869.0,3
3871.0,1
3873.0,5
3875.0,6
3877.0,5
3879.0,0
3881.0,3
3883.0,2
3885.0,1
3887.0,2
3889.0,2
3891.0,1
3893.0,2
3895.0,3
3897.0,3
3899.0,3
3901.0,0
3903.0,3
3905.0,2
3907.0,3
3909.0,3
3911.0,1
3913.0,2
3915.0,2
3917.0,3
3919.0,2
3921.0,3
3923.0,0
3925.0,5
3927.0,3
3929.0,1
3931.0,4
3933.0,2
3935.0,3
3937.0,0
3939.0,2
3941.0,3
3943.0,2
3945.0,1
3947.0,2
3949.0,2
3951.0,2
3953.0,1
3955.0,3
3957.0,1
3959.0,3
3961.0,3
3963.0,0
3965.0,0
3967.0,2
3969.0,0
3971.0,2
3973.0,1
3975.0,3
3977.0,0
3979.0,1
3981.0,4
3983.0,1
3985.0,1
3987.0,1
3989.0,4
3991.0,1
3993.0,0
3995.0,0
3997.0,2
3999.0,2
4001.0,1
4003.0,0
4005.0,5
4007.0,5
4009.0,3
4011.0,5
4013.0,7
4015.0,2
4017.0,1
4019.0,1
4021.0,0
4023.0,1
4025.0,2
4027.0,1
4029.0,1
4031.0,3
4033.0,3
4035.0,1
4037.0,2
4039.0,2
4041.0,0
4043.0,1
4045.0,1
4047.0,4
4049.0,4
4051.0,2
4053.0,1
4055.0,1
4057.0,1
4059.0,0
4061.0,3
4063.0,2
4065.0,0
4067.0,4
4069.0,2
4071.0,2
4073.0,0
4075.0,3
4077.0,4
4079.0,0
4081.0,1
4083.0,4
4085.0,5
4087.0,2
4089.0,2
4091.0,1
4093.0,1
4095.0,1
4097.0,0
4099.0,1
4101.0,0
4103.0,2
4105.0,2
4107.0,1
4109.0,1
4111.0,2
4113.0,2
4115.0,1
4117.0,1
4119.0,3
4121.0,1
4123.0,1
4125.0,0
4127.0,1
4129.0,1
4131.0,1
4133.0,2
4135.0,1
4137.0,1
4139.0,0
4141.0,2
4143.0,2
4145.0,1
4147.0,2
4149.0,1
4151.0,1
4153.0,1
4155.0,2
4157.0,1
4159.0,1
4161.0,4
4163.0,2
4165.0,3
4167.0,1
4169.0,3
4171.0,5
4173.0,0
4175.0,2
4177.0,1
4179.0,1
4181.0,0
4183.0,0
4185.0,2
4187.0,2
4189.0,2
4191.0,2
4193.0,1
4195.0,4
4197.0,2
4199.0,1
4201.0,1
4203.0,1
4205.0,1
4207.0,2
4209.0,3
4211.0,0
4213.0,1
4215.0,0
4217.0,3
4219.0,2
4221.0,2
4223.0,1
4225.0,4
4227.0,0
4229.0,2
4231.0,6
4233.0,1
4235.0,0
4237.0,1
4239.0,1
4241.0,0
4243.0,0
4245.0,0
4247.0,1
4249.0,2
4251.0,2
4253.0,0
4255.0,0
4257.0,3
4259.0,0
4261.0,2
4263.0,1
4265.0,0
4267.0,3
4269.0,1
4271.0,1
4273.0,0
4275.0,0
4277.0,3
4279.0,3
4281.0,1
4283.0,2
4285.0,2
4287.0,0
4289.0,2
4291.0,0
4293.0,1
4295.0,3
4297.0,2
4299.0,2
4301.0,0
4303.0,2
4305.0,0
4307.0,1
4309.0,0
4311.0,1
4313.0,1
4315.0,0
4317.0,1
4319.0,5
4321.0,2
4323.0,1
4325.0,1
4327.0,2
4329.0,3
4331.0,2
4333.0,0
4335.0,1
4337.0,0
4339.0,2
4341.0,3
4343.0,3
4345.0,3
4347.0,4
4349.0,2
4351.0,2
4353.0,1
4355.0,1
4357.0,1
4359.0,3
4361.0,0
4363.0,1
4365.0,1
4367.0,2
4369.0,1
4371.0,1
4373.0,1
4375.0,2
4377.0,2
4379.0,0
4381.0,1
4383.0,0
4385.0,2
4387.0,0
4389.0,2
4391.0,1
4393.0,2
4395.0,3
4397.0,1
4399.0,1
4401.0,0
4403.0,0
4405.0,0
4407.0,1
4409.0,1
4411.0,4
4413.0,0
4415.0,0
4417.0,1
4419.0,4
4421.0,2
4423.0,0
4425.0,1
4427.0,0
4429.0,0
4431.0,1
4433.0,1
4435.0,1
4437.0,0
4439.0,1
4441.0,2
4443.0,4
4445.0,0
4447.0,2
4449.0,1
4451.0,1
4453.0,1
4455.0,3
4457.0,1
4459.0,1
4461.0,2
4463.0,2
4465.0,2
4467.0,1
4469.0,0
4471.0,1
4473.0,0
4475.0,0
4477.0,4
4479.0,5
4481.0,1
4483.0,2
4485.0,1
4487.0,1
4489.0,0
4491.0,1
4493.0,0
4495.0,0
4497.0,2
4499.0,0
4501.0,0
4503.0,2
4505.0,0
4507.0,2
4509.0,0
4511.0,1
4513.0,0
4515.0,1
4517.0,2
4519.0,1
4521.0,0
4523.0,2
4525.0,0
4527.0,0
4529.0,2
4531.0,2
4533.0,0
4535.0,1
4537.0,1
4539.0,3
4541.0,2
4543.0,1
4545.0,3
4547.0,0
4549.0,1
4551.0,4
4553.0,1
4555.0,1
4557.0,1
4559.0,3
4561.0,1
4563.0,3
4565.0,1
4567.0,1
4569.0,0
4571.0,0
4573.0,1
4575.0,0
4577.0,1
4579.0,0
4581.0,1
4583.0,0
4585.0,1
4587.0,0
4589.0,1
4591.0,0
4593.0,1
4595.0,0
4597.0,1
4599.0,1
4601.0,0
4603.0,0
4605.0,1
4607.0,3
4609.0,3
4611.0,0
4613.0,1
4615.0,1
4617.0,2
4619.0,0
4621.0,0
4623.0,1
4625.0,1
4627.0,0
4629.0,0
4631.0,0
4633.0,0
4635.0,0
4637.0,1
4639.0,2
4641.0,0
4643.0,1
4645.0,0
4647.0,2
4649.0,0
4651.0,0
4653.0,1
4655.0,1
4657.0,3
4659.0,2
4661.0,0
4663.0,1
4665.0,1
4667.0,3
4669.0,3
4671.0,0
4673.0,1
4675.0,0
4677.0,0
4679.0,2
4681.0,0
4683.0,2
4685.0,4
4687.0,2
4689.0,1
4691.0,1
4693.0,0
4695.0,0
4697.0,0
4699.0,0
4701.0,1
4703.0,2
4705.0,2
4707.0,1
4709.0,0
4711.0,1
4713.0,0
4715.0,0
4717.0,1
4719.0,1
4721.0,1
4723.0,0
4725.0,1
4727.0,0
4729.0,2
4731.0,2
4733.0,2
4735.0,1
4737.0,4
4739.0,2
4741.0,1
4743.0,1
4745.0,0
4747.0,0
4749.0,0
4751.0,1
4753.0,1
4755.0,0
4757.0,1
4759.0,2
4761.0,1
4763.0,1
4765.0,1
4767.0,0
4769.0,1
4771.0,1
4773.0,0
4775.0,0
4777.0,2
4779.0,1
4781.0,3
4783.0,3
4785.0,1
4787.0,2
4789.0,2
4791.0,0
4793.0,0
4795.0,2
4797.0,4
4799.0,2
4801.0,1
4803.0,4
4805.0,0
4807.0,4
4809.0,2
4811.0,1
4813.0,1
4815.0,0
4817.0,1
4819.0,0
4821.0,2
4823.0,0
4825.0,1
4827.0,1
4829.0,4
4831.0,1
4833.0,2
4835.0,0
4837.0,1
4839.0,1
4841.0,0
4843.0,1
4845.0,0
4847.0,0
4849.0,4
4851.0,0
4853.0,0
4855.0,0
4857.0,1
4859.0,0
4861.0,0
4863.0,0
4865.0,0
4867.0,2
4869.0,0
4871.0,0
4873.0,1
4875.0,0
4877.0,1
4879.0,0
4881.0,1
4883.0,0
4885.0,1
4887.0,0
4889.0,1
4891.0,0
4893.0,1
4895.0,0
4897.0,1
4899.0,0
4901.0,1
4903.0,2
4905.0,0
4907.0,0
4909.0,1
4911.0,2
4913.0,1
4915.0,3
4917.0,2
4919.0,2
4921.0,0
4923.0,2
4925.0,0
4927.0,2
4929.0,2
4931.0,0
4933.0,0
4935.0,2
4937.0,0
4939.0,1
4941.0,1
4943.0,0
4945.0,2
4947.0,0
4949.0,0
4951.0,0
4953.0,0
4955.0,1
4957.0,0
4959.0,1
4961.0,0
4963.0,0
4965.0,0
4967.0,1
4969.0,1
4971.0,1
4973.0,0
4975.0,1
4977.0,0
4979.0,0
4981.0,1
4983.0,0
4985.0,1
4987.0,1
4989.0,0
4991.0,1
4993.0,1
4995.0,0
4997.0,2
4999.0,1
5001.0,0
5003.0,0
5005.0,2
5007.0,0
5009.0,2
5011.0,1
5013.0,0
5015.0,0
5017.0,0
5019.0,3
5021.0,0
5023.0,1
5025.0,1
5027.0,1
5029.0,1
5031.0,1
5033.0,0
5035.0,0
5037.0,0
5039.0,0
5041.0,1
5043.0,0
5045.0,0
5047.0,1
5049.0,0
5051.0,2
5053.0,0
5055.0,1
5057.0,0
5059.0,0
5061.0,1
5063.0,0
5065.0,1
5067.0,2
5069.0,0
5071.0,1
5073.0,0
5075.0,0
5077.0,1
5079.0,1
5081.0,0
5083.0,0
5085.0,0
5087.0,0
5089.0,0
5091.0,0
5093.0,1
5095.0,1
5097.0,0
5099.0,0
5101.0,0
5103.0,1
5105.0,0
5107.0,0
5109.0,1
5111.0,0
5113.0,0
5115.0,0
5117.0,1
5119.0,0
5121.0,1
5123.0,2
5125.0,0
5127.0,1
5129.0,0
5131.0,1
5133.0,0
5135.0,0
5137.0,0
5139.0,1
5141.0,0
5143.0,0
5145.0,1
5147.0,0
5149.0,1
5151.0,0
5153.0,1
5155.0,2
5157.0,2
5159.0,0
5161.0,1
5163.0,0
5165.0,1
5167.0,0
5169.0,0
5171.0,0
5173.0,1
5175.0,1
5177.0,0
5179.0,1
5181.0,0
5183.0,1
5185.0,0
5187.0,1
5189.0,0
5191.0,1
5193.0,3
5195.0,0
5197.0,0
5199.0,0
5201.0,0
5203.0,2
5205.0,1
5207.0,0
5209.0,0
5211.0,0
5213.0,2
5215.0,0
5217.0,0
5219.0,0
5221.0,0
5223.0,1
5225.0,0
5227.0,0
5229.0,2
5231.0,2
5233.0,0
5235.0,1
5237.0,1
5239.0,0
5241.0,1
5243.0,0
5245.0,1
5247.0,1
5249.0,0
5251.0,0
5253.0,1
5255.0,0
5257.0,0
5259.0,0
5261.0,1
5263.0,0
5265.0,1
5267.0,2
5269.0,3
5271.0,0
5273.0,1
5275.0,3
5277.0,0
5279.0,1
5281.0,0
5283.0,0
5285.0,0
5287.0,0
5289.0,0
5291.0,1
5293.0,0
5295.0,0
5297.0,1
5299.0,0
5301.0,1
5303.0,0
5305.0,0
5307.0,1
5309.0,1
5311.0,2
5313.0,2
5315.0,2
5317.0,0
5319.0,0
5321.0,0
5323.0,0
5325.0,1
5327.0,0
5329.0,0
5331.0,0
5333.0,0
5335.0,0
5337.0,0
5339.0,0
5341.0,0
5343.0,0
5345.0,0
5347.0,0
5349.0,1
5351.0,2
5353.0,1
5355.0,0
5357.0,1
5359.0,1
5361.0,0
5363.0,1
5365.0,0
5367.0,0
5369.0,1
5371.0,2
5373.0,0
5375.0,0
5377.0,0
5379.0,0
5381.0,0
5383.0,1
5385.0,0
5387.0,0
5389.0,1
5391.0,1
5393.0,2
5395.0,0
5397.0,1
5399.0,1
5401.0,1
5403.0,0
5405.0,0
5407.0,0
5409.0,0
5411.0,0
5413.0,1
5415.0,0
5417.0,1
5419.0,0
5421.0,0
5423.0,0
5425.0,0
5427.0,1
5429.0,0
5431.0,0
5433.0,0
5435.0,0
5437.0,2
5439.0,0
5441.0,0
5443.0,1
5445.0,0
5447.0,0
5449.0,0
5451.0,0
5453.0,0
5455.0,0
5457.0,0
5459.0,0
5461.0,0
5463.0,0
5465.0,0
5467.0,0
5469.0,0
5471.0,0
5473.0,1
5475.0,0
5477.0,0
5479.0,1
5481.0,1
5483.0,0
5485.0,1
5487.0,1
5489.0,1
5491.0,0
5493.0,1
5495.0,0
5497.0,1
5499.0,1
5501.0,0
5503.0,0
5505.0,0
5507.0,0
5509.0,0
5511.0,0
5513.0,0
5515.0,0
5517.0,3
5519.0,0
5521.0,2
5523.0,2
5525.0,1
5527.0,1
5529.0,1
5531.0,1
5533.0,2
5535.0,0
5537.0,0
5539.0,0
5541.0,0
5543.0,1
5545.0,2
5547.0,1
5549.0,0
5551.0,0
5553.0,0
5555.0,0
5557.0,1
5559.0,0
5561.0,0
5563.0,0
5565.0,1
5567.0,1
5569.0,1
5571.0,0
5573.0,1
5575.0,0
5577.0,2
5579.0,0
5581.0,0
5583.0,1
5585.0,0
5587.0,1
5589.0,0
5591.0,0
5593.0,1
5595.0,0
5597.0,1
5599.0,0
5601.0,0
5603.0,0
5605.0,1
5607.0,1
5609.0,1
5611.0,0
5613.0,1
5615.0,0
5617.0,1
5619.0,0
5621.0,0
5623.0,1
5625.0,0
5627.0,0
5629.0,0
5631.0,1
5633.0,0
5635.0,1
5637.0,1
5639.0,0
5641.0,2
5643.0,0
5645.0,0
5647.0,0
5649.0,0
5651.0,2
5653.0,0
5655.0,0
5657.0,0
5659.0,1
5661.0,0
5663.0,0
5665.0,0
5667.0,2
5669.0,0
5671.0,2
5673.0,0
5675.0,1
5677.0,1
5679.0,2
5681.0,1
5683.0,0
5685.0,0
5687.0,0
5689.0,0
5691.0,0
5693.0,0
5695.0,1
5697.0,0
5699.0,4
5701.0,1
5703.0,0
5705.0,2
5707.0,1
5709.0,0
5711.0,1
5713.0,0
5715.0,0
5717.0,0
5719.0,0
5721.0,3
5723.0,0
5725.0,1
5727.0,1
5729.0,0
5731.0,0
5733.0,0
5735.0,1
5737.0,0
5739.0,0
5741.0,0
5743.0,0
5745.0,0
5747.0,0
5749.0,0
5751.0,0
5753.0,1
5755.0,2
5757.0,1
5759.0,1
5761.0,0
5763.0,0
5765.0,0
5767.0,0
5769.0,0
5771.0,0
5773.0,1
5775.0,0
5777.0,0
5779.0,0
5781.0,1
5783.0,1
5785.0,0
5787.0,1
5789.0,1
5791.0,0
5793.0,0
5795.0,0
5797.0,0
5799.0,0
5801.0,0
5803.0,0
5805.0,1
5807.0,1
5809.0,1
5811.0,1
5813.0,0
5815.0,0
5817.0,0
5819.0,1
5821.0,0
5823.0,1
5825.0,0
5827.0,0
5829.0,0
5831.0,0
5833.0,0
5835.0,0
5837.0,1
5839.0,2
5841.0,0
5843.0,0
5845.0,0
5847.0,0
5849.0,0
5851.0,0
5853.0,0
5855.0,0
5857.0,1
5859.0,3
5861.0,2
5863.0,1
5865.0,0
5867.0,0
5869.0,2
5871.0,1
5873.0,1
5875.0,0
5877.0,0
5879.0,0
5881.0,0
5883.0,0
5885.0,0
5887.0,0
5889.0,0
5891.0,1
5893.0,1
5895.0,1
5897.0,1
5899.0,0
5901.0,0
5903.0,1
5905.0,0
5907.0,0
5909.0,0
5911.0,0
5913.0,0
5915.0,0
5917.0,1
5919.0,0
5921.0,0
5923.0,1
5925.0,0
5927.0,1
5929.0,0
5931.0,0
5933.0,0
5935.0,0
5937.0,0
5939.0,0
5941.0,0
5943.0,0
5945.0,0
5947.0,0
5949.0,0
5951.0,0
5953.0,0
5955.0,1
5957.0,0
5959.0,2
5961.0,0
5963.0,1
5965.0,1
5967.0,1
5969.0,0
5971.0,1
5973.0,1
5975.0,0
5977.0,1
5979.0,0
5981.0,0
5983.0,2
5985.0,0
5987.0,0
5989.0,0
5991.0,0
5993.0,0
5995.0,0
5997.0,0
5999.0,0
6001.0,0
6003.0,0
6005.0,2
6007.0,0
6009.0,0
6011.0,0
6013.0,0
6015.0,0
6017.0,0
6019.0,0
6021.0,0
6023.0,0
6025.0,0
6027.0,0
6029.0,0
6031.0,0
6033.0,0
6035.0,1
6037.0,0
6039.0,0
6041.0,0
6043.0,1
6045.0,0
6047.0,0
6049.0,0
6051.0,0
6053.0,0
6055.0,0
6057.0,0
6059.0,0
6061.0,0
6063.0,0
6065.0,0
6067.0,0
6069.0,0
6071.0,0
6073.0,0
6075.0,0
6077.0,0
6079.0,0
6081.0,0
6083.0,1
6085.0,0
6087.0,2
6089.0,0
6091.0,0
6093.0,0
6095.0,1
6097.0,0
6099.0,1
6101.0,0
6103.0,2
6105.0,0
6107.0,1
6109.0,0
6111.0,0
6113.0,0
6115.0,0
6117.0,0
6119.0,0
6121.0,0
6123.0,0
6125.0,0
6127.0,1
6129.0,0
6131.0,1
6133.0,1
6135.0,0
6137.0,1
6139.0,1
6141.0,0
6143.0,0
6145.0,0
6147.0,1
6149.0,0
6151.0,0
6153.0,0
6155.0,0
6157.0,0
6159.0,0
6161.0,0
6163.0,1
6165.0,1
6167.0,0
6169.0,0
6171.0,2
6173.0,1
6175.0,1
6177.0,0
6179.0,0
6181.0,0
6183.0,0
6185.0,0
6187.0,1
6189.0,0
6191.0,0
6193.0,0
6195.0,0
6197.0,0
6199.0,0
6201.0,1
6203.0,0
6205.0,1
6207.0,0
6209.0,0
6211.0,1
6213.0,0
6215.0,1
6217.0,1
6219.0,0
6221.0,0
6223.0,0
6225.0,0
6227.0,0
6229.0,0
6231.0,1
6233.0,0
6235.0,0
6237.0,1
6239.0,0
6241.0,1
6243.0,1
6245.0,3
6247.0,0
6249.0,0
6251.0,0
6253.0,0
6255.0,1
6257.0,1
6259.0,0
6261.0,0
6263.0,0
6265.0,0
6267.0,0
6269.0,0
6271.0,0
6273.0,0
6275.0,0
6277.0,1
6279.0,0
6281.0,1
6283.0,0
6285.0,0
6287.0,1
6289.0,0
6291.0,0
6293.0,0
6295.0,0
6297.0,0
6299.0,0
6301.0,0
6303.0,0
6305.0,0
6307.0,0
6309.0,0
6311.0,0
6313.0,1
6315.0,0
6317.0,1
6319.0,0
6321.0,2
6323.0,0
6325.0,0
6327.0,1
6329.0,0
6331.0,1
6333.0,0
6335.0,0
6337.0,1
6339.0,1
6341.0,0
6343.0,0
6345.0,0
6347.0,1
6349.0,0
6351.0,0
6353.0,0
6355.0,0
6357.0,1
6359.0,2
6361.0,0
6363.0,0
6365.0,0
6367.0,0
6369.0,0
6371.0,0
6373.0,0
6375.0,0
6377.0,0
6379.0,0
6381.0,0
6383.0,0
6385.0,0
6387.0,0
6389.0,0
6391.0,0
6393.0,2
6395.0,0
6397.0,0
6399.0,0
6401.0,1
6403.0,1
6405.0,1
6407.0,0
6409.0,0
6411.0,0
6413.0,0
6415.0,0
6417.0,0
6419.0,0
6421.0,0
6423.0,1
6425.0,0
6427.0,1
6429.0,0
6431.0,1
6433.0,0
6435.0,0
6437.0,0
6439.0,0
6441.0,0
6443.0,0
6445.0,0
6447.0,1
6449.0,0
6451.0,1
6453.0,0
6455.0,0
6457.0,0
6459.0,0
6461.0,0
6463.0,0
6465.0,0
6467.0,0
6469.0,0
6471.0,0
6473.0,1
6475.0,0
6477.0,0
6479.0,0
6481.0,0
6483.0,0
6485.0,0
6487.0,0
6489.0,1
6491.0,0
6493.0,0
6495.0,0
6497.0,0
6499.0,0
6501.0,0
6503.0,0
6505.0,0
6507.0,0
6509.0,0
6511.0,0
6513.0,0
6515.0,0
6517.0,0
6519.0,0
6521.0,0
6523.0,0
6525.0,0
6527.0,0
6529.0,0
6531.0,1
6533.0,0
6535.0,0
6537.0,0
6539.0,0
6541.0,0
6543.0,1
6545.0,0
6547.0,0
6549.0,0
6551.0,0
6553.0,0
6555.0,0
6557.0,0
6559.0,1
6561.0,0
6563.0,0
6565.0,0
6567.0,0
6569.0,2
6571.0,0
6573.0,1
6575.0,0
6577.0,0
6579.0,0
6581.0,0
6583.0,1
6585.0,0
6587.0,0
6589.0,0
6591.0,1
6593.0,0
6595.0,0
6597.0,1
6599.0,0
6601.0,2
6603.0,0
6605.0,0
6607.0,1
6609.0,0
6611.0,0
6613.0,0
6615.0,0
6617.0,0
6619.0,0
6621.0,0
6623.0,0
6625.0,0
6627.0,1
6629.0,0
6631.0,1
6633.0,1
6635.0,0
6637.0,0
6639.0,0
6641.0,0
6643.0,0
6645.0,0
6647.0,1
6649.0,0
6651.0,0
6653.0,0
6655.0,1
6657.0,1
6659.0,0
6661.0,1
6663.0,0
6665.0,0
6667.0,0
6669.0,0
6671.0,1
6673.0,0
6675.0,0
6677.0,0
6679.0,0
6681.0,0
6683.0,0
6685.0,0
6687.0,0
6689.0,1
6691.0,0
6693.0,0
6695.0,3
6697.0,0
6699.0,0
6701.0,0
6703.0,0
6705.0,0
6707.0,0
6709.0,1
6711.0,1
6713.0,0
6715.0,0
6717.0,1
6719.0,1
6721.0,0
6723.0,0
6725.0,0
6727.0,0
6729.0,1
6731.0,0
6733.0,2
6735.0,0
6737.0,0
6739.0,0
6741.0,0
6743.0,1
6745.0,0
6747.0,1
6749.0,0
6751.0,0
6753.0,0
6755.0,0
6757.0,0
6759.0,0
6761.0,0
6763.0,1
6765.0,0
6767.0,0
6769.0,0
6771.0,0
6773.0,1
6775.0,0
6777.0,0
6779.0,0
6781.0,0
6783.0,0
6785.0,0
6787.0,0
6789.0,0
6791.0,1
6793.0,1
6795.0,0
6797.0,0
6799.0,1
6801.0,0
6803.0,0
6805.0,0
6807.0,0
6809.0,0
6811.0,1
6813.0,0
6815.0,0
6817.0,1
6819.0,0
6821.0,0
6823.0,0
6825.0,0
6827.0,0
6829.0,0
6831.0,0
6833.0,0
6835.0,0
6837.0,0
6839.0,0
6841.0,0
6843.0,0
6845.0,0
6847.0,0
6849.0,0
6851.0,0
6853.0,0
6855.0,0
6857.0,0
6859.0,1
6861.0,0
6863.0,0
6865.0,0
6867.0,0
6869.0,0
6871.0,0
6873.0,0
6875.0,0
6877.0,0
6879.0,0
6881.0,0
6883.0,1
6885.0,0
6887.0,0
6889.0,1
6891.0,0
6893.0,1
6895.0,0
6897.0,0
6899.0,0
6901.0,0
6903.0,0
6905.0,0
6907.0,0
6909.0,0
6911.0,0
6913.0,0
6915.0,0
6917.0,0
6919.0,0
6921.0,0
6923.0,0
6925.0,0
6927.0,0
6929.0,0
6931.0,1
6933.0,0
6935.0,0
6937.0,0
6939.0,0
6941.0,0
6943.0,0
6945.0,0
6947.0,0
6949.0,0
6951.0,0
6953.0,0
6955.0,0
6957.0,0
6959.0,0
6961.0,0
6963.0,0
6965.0,0
6967.0,0
6969.0,0
6971.0,0
6973.0,0
6975.0,0
6977.0,0
6979.0,0
6981.0,0
6983.0,1
6985.0,0
6987.0,0
6989.0,0
6991.0,0
6993.0,0
6995.0,0
6997.0,0
6999.0,0
7001.0,1
7003.0,1
7005.0,0
7007.0,0
7009.0,0
7011.0,0
7013.0,0
7015.0,0
7017.0,0
7019.0,0
7021.0,0
7023.0,0
7025.0,0
7027.0,0
7029.0,0
7031.0,0
7033.0,0
7035.0,0
7037.0,0
7039.0,1
7041.0,0
7043.0,0
7045.0,1
7047.0,0
7049.0,0
7051.0,0
7053.0,0
7055.0,0
7057.0,0
7059.0,0
7061.0,1
7063.0,0
7065.0,0
7067.0,0
7069.0,1
7071.0,0
7073.0,1
7075.0,0
7077.0,0
7079.0,0
7081.0,0
7083.0,0
7085.0,0
7087.0,0
7089.0,0
7091.0,0
7093.0,0
7095.0,0
7097.0,0
7099.0,0
7101.0,0
7103.0,0
7105.0,1
7107.0,0
7109.0,0
7111.0,0
7113.0,0
7115.0,0
7117.0,1
7119.0,0
7121.0,1
7123.0,1
7125.0,0
7127.0,0
7129.0,0
7131.0,0
7133.0,0
7135.0,1
7137.0,0
7139.0,0
7141.0,1
7143.0,0
7145.0,0
7147.0,0
7149.0,2
7151.0,0
7153.0,0
7155.0,0
7157.0,0
7159.0,1
7161.0,0
7163.0,0
7165.0,0
7167.0,0
7169.0,0
7171.0,0
7173.0,1
7175.0,0
7177.0,0
7179.0,0
7181.0,0
7183.0,0
7185.0,0
7187.0,0
7189.0,0
7191.0,0
7193.0,0
7195.0,0
7197.0,0
7199.0,0
7201.0,0
7203.0,0
7205.0,0
7207.0,1
7209.0,0
7211.0,0
7213.0,0
7215.0,0
7217.0,0
7219.0,0
7221.0,1
7223.0,0
7225.0,0
7227.0,0
7229.0,0
7231.0,0
7233.0,0
7235.0,0
7237.0,0
7239.0,0
7241.0,0
7243.0,0
7245.0,0
7247.0,0
7249.0,0
7251.0,0
7253.0,1
7255.0,0
7257.0,0
7259.0,0
7261.0,0
7263.0,0
7265.0,0
7267.0,0
7269.0,1
7271.0,2
7273.0,0
7275.0,0
7277.0,0
7279.0,0
7281.0,1
7283.0,0
7285.0,0
7287.0,0
7289.0,1
7291.0,0
7293.0,0
7295.0,0
7297.0,0
7299.0,0
7301.0,0
7303.0,1
7305.0,0
7307.0,0
7309.0,0
7311.0,1
7313.0,0
7315.0,0
7317.0,0
7319.0,0
7321.0,0
7323.0,0
7325.0,0
7327.0,0
7329.0,0
7331.0,0
7333.0,0
7335.0,0
7337.0,0
7339.0,0
7341.0,0
7343.0,0
7345.0,0
7347.0,0
7349.0,0
7351.0,0
7353.0,1
7355.0,0
7357.0,0
7359.0,1
7361.0,0
7363.0,0
7365.0,0
7367.0,0
7369.0,1
7371.0,0
7373.0,0
7375.0,0
7377.0,0
7379.0,0
7381.0,0
7383.0,0
7385.0,0
7387.0,0
7389.0,0
7391.0,0
7393.0,0
7395.0,0
7397.0,0
7399.0,0
7401.0,0
7403.0,0
7405.0,0
7407.0,0
7409.0,0
7411.0,1
7413.0,0
7415.0,0
7417.0,0
7419.0,0
7421.0,0
7423.0,0
7425.0,0
7427.0,0
7429.0,0
7431.0,0
7433.0,0
7435.0,0
7437.0,1
7439.0,2
7441.0,0
7443.0,1
7445.0,0
7447.0,0
7449.0,0
7451.0,0
7453.0,1
7455.0,0
7457.0,0
7459.0,0
7461.0,0
7463.0,0
7465.0,0
7467.0,1
7469.0,0
7471.0,1
7473.0,0
7475.0,0
7477.0,0
7479.0,0
7481.0,1
7483.0,0
7485.0,0
7487.0,0
7489.0,0
7491.0,0
7493.0,0
7495.0,0
7497.0,0
7499.0,0
7501.0,0
7503.0,0
7505.0,0
7507.0,0
7509.0,0
7511.0,0
7513.0,0
7515.0,0
7517.0,0
7519.0,0
7521.0,0
7523.0,0
7525.0,0
7527.0,1
7529.0,0
7531.0,0
7533.0,0
7535.0,0
7537.0,0
7539.0,0
7541.0,1
7543.0,0
7545.0,0
7547.0,0
7549.0,0
7551.0,0
7553.0,0
7555.0,0
7557.0,0
7559.0,0
7561.0,0
7563.0,0
7565.0,0
7567.0,0
7569.0,1
7571.0,0
7573.0,0
7575.0,0
7577.0,0
7579.0,0
7581.0,1
7583.0,0
7585.0,0
7587.0,0
7589.0,0
7591.0,0
7593.0,0
7595.0,0
7597.0,0
7599.0,1
7601.0,0
7603.0,0
7605.0,0
7607.0,0
7609.0,0
7611.0,0
7613.0,0
7615.0,0
7617.0,0
7619.0,0
7621.0,0
7623.0,0
7625.0,0
7627.0,1
7629.0,0
7631.0,0
7633.0,0
7635.0,0
7637.0,0
7639.0,0
7641.0,0
7643.0,0
7645.0,1
7647.0,0
7649.0,0
7651.0,0
7653.0,0
7655.0,1
7657.0,0
7659.0,0
7661.0,0
7663.0,0
7665.0,0
7667.0,0
7669.0,0
7671.0,0
7673.0,0
7675.0,0
7677.0,0
7679.0,0
7681.0,0
7683.0,0
7685.0,0
7687.0,0
7689.0,0
7691.0,1
7693.0,0
7695.0,0
7697.0,0
7699.0,0
7701.0,0
7703.0,0
7705.0,0
7707.0,0
7709.0,0
7711.0,0
7713.0,1
7715.0,0
7717.0,1
7719.0,0
7721.0,0
7723.0,0
7725.0,1
7727.0,0
7729.0,0
7731.0,0
7733.0,0
7735.0,0
7737.0,0
7739.0,0
7741.0,0
7743.0,0
7745.0,0
7747.0,0
7749.0,0
7751.0,0
7753.0,0
7755.0,0
7757.0,0
7759.0,0
7761.0,0
7763.0,0
7765.0,0
7767.0,0
7769.0,0
7771.0,0
7773.0,0
7775.0,0
7777.0,0
7779.0,0
7781.0,0
7783.0,1
7785.0,0
7787.0,0
7789.0,0
7791.0,0
7793.0,0
7795.0,0
7797.0,0
7799.0,0
7801.0,0
7803.0,0
7805.0,1
7807.0,0
7809.0,0
7811.0,1
7813.0,0
7815.0,0
7817.0,0
7819.0,0
7821.0,0
7823.0,0
7825.0,1
7827.0,0
7829.0,0
7831.0,1
7833.0,0
7835.0,0
7837.0,0
7839.0,0
7841.0,0
7843.0,0
7845.0,0
7847.0,0
7849.0,0
7851.0,0
7853.0,0
7855.0,0
7857.0,0
7859.0,0
7861.0,0
7863.0,0
7865.0,0
7867.0,1
7869.0,0
7871.0,0
7873.0,0
7875.0,0
7877.0,0
7879.0,0
7881.0,0
7883.0,0
7885.0,0
7887.0,0
7889.0,0
7891.0,0
7893.0,0
7895.0,0
7897.0,0
7899.0,0
7901.0,1
7903.0,0
7905.0,0
7907.0,0
7909.0,0
7911.0,0
7913.0,0
7915.0,0
7917.0,0
7919.0,0
7921.0,0
7923.0,0
7925.0,0
7927.0,0
7929.0,0
7931.0,0
7933.0,0
7935.0,0
7937.0,0
7939.0,0
7941.0,0
7943.0,0
7945.0,0
7947.0,0
7949.0,1
7951.0,0
7953.0,0
7955.0,0
7957.0,2
7959.0,0
7961.0,0
7963.0,0
7965.0,0
7967.0,0
7969.0,0
7971.0,0
7973.0,0
7975.0,0
7977.0,0
7979.0,0
7981.0,0
7983.0,0
7985.0,0
7987.0,0
7989.0,0
7991.0,0
7993.0,0
7995.0,0
7997.0,2
7999.0,0
8001.0,0
8003.0,0
8005.0,0
8007.0,0
8009.0,0
8011.0,0
8013.0,0
8015.0,1
8017.0,0
8019.0,0
8021.0,0
8023.0,0
8025.0,0
8027.0,0
8029.0,1
8031.0,1
8033.0,0
8035.0,0
8037.0,0
8039.0,0
8041.0,1
8043.0,0
8045.0,0
8047.0,2
8049.0,0
8051.0,1
8053.0,0
8055.0,1
8057.0,0
8059.0,0
8061.0,1
8063.0,2
8065.0,1
8067.0,0
8069.0,1
8071.0,0
8073.0,0
8075.0,1
8077.0,1
8079.0,1
8081.0,0
8083.0,0
8085.0,0
8087.0,1
8089.0,1
8091.0,0
8093.0,0
8095.0,1
8097.0,0
8099.0,0
8101.0,1
8103.0,1
8105.0,0
8107.0,1
8109.0,1
8111.0,0
8113.0,2
8115.0,0
8117.0,0
8119.0,2
8121.0,0
8123.0,0
8125.0,0
8127.0,0
8129.0,1
8131.0,0
8133.0,0
8135.0,0
8137.0,0
8139.0,1
8141.0,0
8143.0,2
8145.0,2
8147.0,2
8149.0,1
8151.0,0
8153.0,0
8155.0,0
8157.0,0
8159.0,0
8161.0,0
8163.0,0
8165.0,0
8167.0,1
8169.0,2
8171.0,0
8173.0,3
8175.0,0
8177.0,0
8179.0,0
8181.0,0
8183.0,1
8185.0,0
8187.0,1
8189.0,0
8191.0,2
8193.0,0
8195.0,0
8197.0,0
8199.0,3
8201.0,5
8203.0,1
8205.0,0
8207.0,0
8209.0,0
8211.0,0
8213.0,2
8215.0,2
8217.0,0
8219.0,0
8221.0,1
8223.0,1
8225.0,0
8227.0,0
8229.0,0
8231.0,1
8233.0,2
8235.0,1
8237.0,3
8239.0,2
8241.0,1
8243.0,2
8245.0,1
8247.0,1
8249.0,1
8251.0,0
8253.0,0
8255.0,0
8257.0,6
8259.0,3
8261.0,3
8263.0,2
8265.0,1
8267.0,0
8269.0,1
8271.0,0
8273.0,0
8275.0,3
8277.0,1
8279.0,0
8281.0,0
8283.0,1
8285.0,0
8287.0,1
8289.0,0
8291.0,3
8293.0,3
8295.0,3
8297.0,11
8299.0,6
8301.0,2
8303.0,15
8305.0,16
8307.0,12
8309.0,10
8311.0,9
8313.0,0
8315.0,0
8317.0,0
8319.0,1
8321.0,0
8323.0,0
8325.0,0
8327.0,0
8329.0,0
8331.0,0
8333.0,0
8335.0,0
8337.0,1
8339.0,0
8341.0,0
8343.0,0
8345.0,0
8347.0,0
8349.0,0
8351.0,1
8353.0,0
8355.0,2
8357.0,0
8359.0,0
8361.0,1
8363.0,0
8365.0,0
8367.0,0
8369.0,0
8371.0,0
8373.0,0
8375.0,0
8377.0,0
8379.0,0
8381.0,0
8383.0,0
8385.0,0
8387.0,0
8389.0,0
8391.0,0
8393.0,0
8395.0,1
8397.0,1
8399.0,0
8401.0,3
8403.0,0
8405.0,0
8407.0,0
8409.0,0
8411.0,0
8413.0,0
8415.0,0
8417.0,0
8419.0,0
8421.0,0
8423.0,0
8425.0,0
8427.0,0
8429.0,0
8431.0,0
8433.0,0
8435.0,0
8437.0,0
8439.0,0
8441.0,1
8443.0,0
8445.0,0
8447.0,4
8449.0,0
8451.0,2
8453.0,2
8455.0,2
8457.0,0
8459.0,1
8461.0,1
8463.0,2
8465.0,2
8467.0,1
8469.0,0
8471.0,1
8473.0,0
8475.0,0
8477.0,0
8479.0,0
8481.0,0
8483.0,0
8485.0,0
8487.0,0
8489.0,1
8491.0,0
8493.0,1
8495.0,0
8497.0,0
8499.0,0
8501.0,0
8503.0,0
8505.0,0
8507.0,0
8509.0,0
8511.0,0
8513.0,0
8515.0,2
8517.0,2
8519.0,0
8521.0,0
8523.0,1
8525.0,0
8527.0,0
8529.0,0
8531.0,0
8533.0,0
8535.0,0
8537.0,0
8539.0,0
8541.0,0
8543.0,0
8545.0,0
8547.0,0
8549.0,0
8551.0,1
8553.0,0
8555.0,0
8557.0,0
8559.0,0
8561.0,0
8563.0,0
8565.0,0
8567.0,0
8569.0,1
8571.0,0
8573.0,0
8575.0,0
8577.0,1
8579.0,0
8581.0,0
8583.0,0
8585.0,0
8587.0,0
8589.0,0
8591.0,2
8593.0,1
8595.0,1
8597.0,1
8599.0,1
8601.0,0
8603.0,1
8605.0,0
8607.0,0
8609.0,0
8611.0,0
8613.0,0
8615.0,1
8617.0,0
8619.0,0
8621.0,0
8623.0,0
8625.0,0
8627.0,0
8629.0,0
8631.0,0
8633.0,0
8635.0,0
8637.0,0
8639.0,1
8641.0,0
8643.0,1
8645.0,0
8647.0,0
8649.0,1
8651.0,0
8653.0,2
8655.0,0
8657.0,1
8659.0,0
8661.0,0
8663.0,0
8665.0,0
8667.0,1
8669.0,0
8671.0,0
8673.0,0
8675.0,0
8677.0,1
8679.0,0
8681.0,0
8683.0,0
8685.0,0
8687.0,0
8689.0,0
8691.0,0
8693.0,0
8695.0,1
8697.0,1
8699.0,0
8701.0,0
8703.0,0
8705.0,0
8707.0,0
8709.0,0
8711.0,0
8713.0,0
8715.0,0
8717.0,0
8719.0,0
8721.0,0
8723.0,0
8725.0,0
8727.0,0
8729.0,0
8731.0,0
8733.0,2
8735.0,0
8737.0,0
8739.0,0
8741.0,0
8743.0,0
8745.0,1
8747.0,0
8749.0,0
8751.0,0
8753.0,0
8755.0,0
8757.0,0
8759.0,0
8761.0,0
8763.0,0
8765.0,0
8767.0,0
8769.0,1
8771.0,0
8773.0,0
8775.0,0
8777.0,0
8779.0,0
8781.0,0
8783.0,0
8785.0,0
8787.0,0
8789.0,1
8791.0,0
8793.0,1
8795.0,2
8797.0,0
8799.0,2
8801.0,0
8803.0,0
8805.0,0
8807.0,0
8809.0,0
8811.0,0
8813.0,0
8815.0,0
8817.0,0
8819.0,0
8821.0,0
8823.0,0
8825.0,0
8827.0,0
8829.0,0
8831.0,0
8833.0,0
8835.0,0
8837.0,0
8839.0,1
8841.0,1
8843.0,0
8845.0,1
8847.0,0
8849.0,1
8851.0,0
8853.0,1
8855.0,1
8857.0,0
8859.0,0
8861.0,0
8863.0,0
8865.0,0
8867.0,0
8869.0,0
8871.0,2
8873.0,0
8875.0,0
8877.0,1
8879.0,1
8881.0,1
8883.0,1
8885.0,1
8887.0,1
8889.0,0
8891.0,0
8893.0,1
8895.0,0
8897.0,0
8899.0,1
8901.0,0
8903.0,1
8905.0,1
8907.0,0
8909.0,1
8911.0,1
8913.0,1
8915.0,2
8917.0,1
8919.0,0
8921.0,0
8923.0,0
8925.0,0
8927.0,0
8929.0,0
8931.0,0
8933.0,0
8935.0,1
8937.0,1
8939.0,2
8941.0,0
8943.0,0
8945.0,0
8947.0,1
8949.0,2
8951.0,0
8953.0,1
8955.0,0
8957.0,0
8959.0,0
8961.0,1
8963.0,1
8965.0,1
8967.0,1
8969.0,3
8971.0,5
8973.0,5
8975.0,2
8977.0,2
8979.0,2
8981.0,0
8983.0,1
8985.0,0
8987.0,0
8989.0,0
8991.0,0
8993.0,0
8995.0,1
8997.0,1
8999.0,0
9001.0,0
9003.0,0
9005.0,0
9007.0,1
9009.0,6
9011.0,2
9013.0,3
9015.0,3
9017.0,5
9019.0,0
9021.0,1
9023.0,0
9025.0,0
9027.0,0
9029.0,1
9031.0,1
9033.0,0
9035.0,1
9037.0,0
9039.0,0
9041.0,1
9043.0,0
9045.0,1
9047.0,0
9049.0,0
9051.0,5
9053.0,1
9055.0,2
9057.0,6
9059.0,6
9061.0,1
9063.0,0
9065.0,2
9067.0,0
9069.0,1
9071.0,0
9073.0,0
9075.0,1
9077.0,0
9079.0,0
9081.0,0
9083.0,0
9085.0,2
9087.0,5
9089.0,2
9091.0,3
9093.0,2
9095.0,5
9097.0,3
9099.0,1
9101.0,1
9103.0,0
9105.0,2
9107.0,0
9109.0,2
9111.0,1
9113.0,2
9115.0,3
9117.0,3
9119.0,6
9121.0,6
9123.0,3
9125.0,8
9127.0,8
9129.0,8
9131.0,2
9133.0,1
9135.0,0
9137.0,1
9139.0,0
9141.0,2
9143.0,0
9145.0,0
9147.0,1
9149.0,0
9151.0,0
9153.0,0
9155.0,0
9157.0,0
9159.0,0
9161.0,0
9163.0,0
9165.0,0
9167.0,1
9169.0,0
9171.0,0
9173.0,1
9175.0,0
9177.0,0
9179.0,1
9181.0,0
9183.0,0
9185.0,0
9187.0,1
9189.0,0
9191.0,1
9193.0,0
9195.0,1
9197.0,0
9199.0,0
9201.0,0
9203.0,0
9205.0,0
9207.0,0
9209.0,1
9211.0,1
9213.0,1
9215.0,0
9217.0,0
9219.0,0
9221.0,0
9223.0,1
9225.0,1
9227.0,0
9229.0,0
9231.0,0
9233.0,1
9235.0,1
9237.0,0
9239.0,0
9241.0,1
9243.0,1
9245.0,1
9247.0,0
9249.0,0
9251.0,1
9253.0,0
9255.0,2
9257.0,2
9259.0,3
9261.0,0
9263.0,1
9265.0,0
9267.0,0
9269.0,0
9271.0,0
9273.0,0
9275.0,0
9277.0,0
9279.0,0
9281.0,0
9283.0,0
9285.0,0
9287.0,0
9289.0,0
9291.0,0
9293.0,0
9295.0,0
9297.0,1
9299.0,1
9301.0,0
9303.0,0
9305.0,0
9307.0,0
9309.0,0
9311.0,0
9313.0,0
9315.0,1
9317.0,1
9319.0,0
9321.0,0
9323.0,0
9325.0,0
9327.0,0
9329.0,0
9331.0,0
9333.0,0
9335.0,0
9337.0,0
9339.0,0
9341.0,0
9343.0,0
9345.0,0
9347.0,0
9349.0,0
9351.0,2
9353.0,0
9355.0,0
9357.0,0
9359.0,0
9361.0,0
9363.0,0
9365.0,0
9367.0,0
9369.0,0
9371.0,0
9373.0,0
9375.0,1
9377.0,0
9379.0,1
9381.0,1
9383.0,0
9385.0,0
9387.0,0
9389.0,0
9391.0,0
9393.0,1
9395.0,0
9397.0,1
9399.0,0
9401.0,0
9403.0,0
9405.0,0
9407.0,0
9409.0,0
9411.0,0
9413.0,1
9415.0,0
9417.0,0
9419.0,1
9421.0,1
9423.0,0
9425.0,0
9427.0,0
9429.0,0
9431.0,0
9433.0,0
9435.0,0
9437.0,0
9439.0,0
9441.0,0
9443.0,0
9445.0,0
9447.0,0
9449.0,0
9451.0,0
9453.0,0
9455.0,0
9457.0,0
9459.0,0
9461.0,0
9463.0,0
9465.0,1
9467.0,0
9469.0,0
9471.0,0
9473.0,0
9475.0,0
9477.0,0
9479.0,0
9481.0,0
9483.0,0
9485.0,0
9487.0,0
9489.0,0
9491.0,0
9493.0,0
9495.0,0
9497.0,0
9499.0,0
9501.0,0
9503.0,0
9505.0,0
9507.0,0
9509.0,0
9511.0,0
9513.0,0
9515.0,0
9517.0,0
9519.0,0
9521.0,0
9523.0,0
9525.0,0
9527.0,0
9529.0,0
9531.0,0
9533.0,0
9535.0,1
9537.0,0
9539.0,0
9541.0,0
9543.0,0
9545.0,2
9547.0,0
9549.0,0
9551.0,0
9553.0,0
9555.0,0
9557.0,0
9559.0,1
9561.0,0
9563.0,0
9565.0,0
9567.0,0
9569.0,0
9571.0,0
9573.0,0
9575.0,0
9577.0,0
9579.0,1
9581.0,0
9583.0,0
9585.0,0
9587.0,0
9589.0,0
9591.0,0
9593.0,0
9595.0,1
9597.0,0
9599.0,0
9601.0,0
9603.0,0
9605.0,0
9607.0,0
9609.0,0
9611.0,0
9613.0,1
9615.0,0
9617.0,0
9619.0,0
9621.0,0
9623.0,2
9625.0,0
9627.0,0
9629.0,1
9631.0,0
9633.0,0
9635.0,0
9637.0,0
9639.0,1
9641.0,0
9643.0,2
9645.0,2
9647.0,0
9649.0,0
9651.0,0
9653.0,0
9655.0,0
9657.0,0
9659.0,1
9661.0,0
9663.0,0
9665.0,0
9667.0,0
9669.0,0
9671.0,0
9673.0,0
9675.0,0
9677.0,2
9679.0,0
9681.0,1
9683.0,2
9685.0,2
9687.0,0
9689.0,1
9691.0,1
9693.0,0
9695.0,0
9697.0,0
9699.0,0
9701.0,0
9703.0,0
9705.0,1
9707.0,0
9709.0,0
9711.0,0
9713.0,1
9715.0,0
9717.0,0
9719.0,0
9721.0,0
9723.0,0
9725.0,1
9727.0,0
9729.0,0
9731.0,0
9733.0,0
9735.0,0
9737.0,0
9739.0,0
9741.0,0
9743.0,0
9745.0,0
9747.0,0
9749.0,0
9751.0,0
9753.0,0
9755.0,0
9757.0,0
9759.0,1
9761.0,0
9763.0,0
9765.0,0
9767.0,0
9769.0,1
9771.0,0
9773.0,0
9775.0,0
9777.0,0
9779.0,0
9781.0,0
9783.0,0
9785.0,0
9787.0,0
9789.0,0
9791.0,1
9793.0,0
9795.0,0
9797.0,0
9799.0,0
9801.0,0
9803.0,0
9805.0,0
9807.0,0
9809.0,0
9811.0,0
9813.0,0
9815.0,0
9817.0,0
9819.0,0
9821.0,0
9823.0,0
9825.0,0
9827.0,0
9829.0,0
9831.0,1
9833.0,0
9835.0,0
9837.0,0
9839.0,0
9841.0,0
9843.0,0
9845.0,0
9847.0,0
9849.0,0
9851.0,1
9853.0,0
9855.0,0
9857.0,0
9859.0,0
9861.0,0
9863.0,0
9865.0,0
9867.0,1
9869.0,1
9871.0,1
9873.0,0
9875.0,0
9877.0,0
9879.0,0
9881.0,0
9883.0,0
9885.0,1
9887.0,0
9889.0,0
9891.0,0
9893.0,0
9895.0,0
9897.0,0
9899.0,0
9901.0,0
9903.0,0
9905.0,0
9907.0,0
9909.0,0
9911.0,0
9913.0,0
9915.0,0
9917.0,1
9919.0,0
9921.0,0
9923.0,1
9925.0,0
9927.0,0
9929.0,0
9931.0,0
9933.0,0
9935.0,0
9937.0,0
9939.0,0
9941.0,0
9943.0,0
9945.0,0
9947.0,0
9949.0,0
9951.0,0
9953.0,0
9955.0,0
9957.0,0
9959.0,0
9961.0,0
9963.0,0
9965.0,0
9967.0,0
9969.0,1
9971.0,0
9973.0,0
9975.0,0
9977.0,0
9979.0,0
9981.0,1
9983.0,0
9985.0,1
9987.0,1
9989.0,0
9991.0,0
9993.0,0
9995.0,0
9997.0,0
9999.0,0
10001.0,0
10003.0,0
10005.0,0
10007.0,0
10009.0,0
10011.0,0
10013.0,0
10015.0,1
10017.0,0
10019.0,0
10021.0,0
10023.0,0
10025.0,0
10027.0,0
10029.0,0
10031.0,1
10033.0,0
10035.0,1
10037.0,0
10039.0,0
10041.0,0
10043.0,0
10045.0,0
10047.0,0
10049.0,0
10051.0,1
10053.0,0
10055.0,1
10057.0,0
10059.0,0
10061.0,0
10063.0,0
10065.0,0
10067.0,0
10069.0,0
10071.0,0
10073.0,1
10075.0,0
10077.0,0
10079.0,0
10081.0,0
10083.0,0
10085.0,0
10087.0,0
10089.0,0
10091.0,0
10093.0,2
10095.0,0
10097.0,0
10099.0,0
10101.0,0
10103.0,0
10105.0,1
10107.0,0
10109.0,0
10111.0,1
10113.0,0
10115.0,0
10117.0,0
10119.0,0
10121.0,0
10123.0,0
10125.0,0
10127.0,0
10129.0,0
10131.0,0
10133.0,0
10135.0,0
10137.0,1
10139.0,0
10141.0,0
10143.0,0
10145.0,0
10147.0,0
10149.0,0
10151.0,0
10153.0,0
10155.0,1
10157.0,0
10159.0,0
10161.0,0
10163.0,0
10165.0,0
10167.0,0
10169.0,1
10171.0,0
10173.0,1
10175.0,0
10177.0,2
10179.0,1
10181.0,1
10183.0,1
10185.0,1
10187.0,0
10189.0,0
10191.0,0
10193.0,0
10195.0,0
10197.0,1
10199.0,0
10201.0,0
10203.0,0
10205.0,0
10207.0,0
10209.0,1
10211.0,0
10213.0,0
10215.0,1
10217.0,1
10219.0,0
10221.0,0
10223.0,1
10225.0,0
10227.0,0
10229.0,0
10231.0,0
10233.0,0
10235.0,1
10237.0,0
10239.0,0
10241.0,0
10243.0,0
10245.0,1
10247.0,0
10249.0,0
10251.0,0
10253.0,0
10255.0,1
10257.0,1
10259.0,1
10261.0,0
10263.0,0
10265.0,3
10267.0,0
10269.0,0
10271.0,0
10273.0,0
10275.0,0
10277.0,0
10279.0,1
10281.0,0
10283.0,2
10285.0,0
10287.0,1
10289.0,0
10291.0,0
10293.0,0
10295.0,0
10297.0,0
10299.0,1
10301.0,0
10303.0,1
10305.0,0
10307.0,0
10309.0,1
10311.0,1
10313.0,0
10315.0,5
10317.0,1
10319.0,0
10321.0,1
10323.0,0
10325.0,0
10327.0,0
10329.0,0
10331.0,0
10333.0,1
10335.0,0
10337.0,0
10339.0,1
10341.0,1
10343.0,0
10345.0,1
10347.0,0
10349.0,3
10351.0,1
10353.0,0
10355.0,2
10357.0,0
10359.0,0
10361.0,0
10363.0,0
10365.0,2
10367.0,0
10369.0,1
10371.0,0
10373.0,0
10375.0,0
10377.0,1
10379.0,1
10381.0,1
10383.0,2
10385.0,1
10387.0,1
10389.0,0
10391.0,0
10393.0,0
10395.0,1
10397.0,0
10399.0,0
10401.0,1
10403.0,1
10405.0,3
10407.0,1
10409.0,3
10411.0,2
10413.0,0
10415.0,0
10417.0,0
10419.0,0
10421.0,1
10423.0,1
10425.0,0
10427.0,0
10429.0,1
10431.0,0
10433.0,0
10435.0,0
10437.0,0
10439.0,1
10441.0,0
10443.0,0
10445.0,0
10447.0,0
10449.0,1
10451.0,0
10453.0,0
10455.0,1
10457.0,0
10459.0,0
10461.0,1
10463.0,0
10465.0,0
10467.0,0
10469.0,0
10471.0,0
10473.0,0
10475.0,0
10477.0,0
10479.0,0
10481.0,0
10483.0,0
10485.0,0
10487.0,0
10489.0,0
10491.0,0
10493.0,1
10495.0,0
10497.0,2
10499.0,0
10501.0,0
10503.0,1
10505.0,0
10507.0,0
10509.0,0
10511.0,0
10513.0,0
10515.0,1
10517.0,0
10519.0,0
10521.0,0
10523.0,0
10525.0,0
10527.0,0
10529.0,0
10531.0,0
10533.0,1
10535.0,0
10537.0,0
10539.0,0
10541.0,0
10543.0,0
10545.0,0
10547.0,0
10549.0,0
10551.0,0
10553.0,1
10555.0,0
10557.0,0
10559.0,1
10561.0,0
10563.0,0
10565.0,0
10567.0,0
10569.0,0
10571.0,0
10573.0,0
10575.0,0
10577.0,0
10579.0,0
10581.0,0
10583.0,0
10585.0,1
10587.0,0
10589.0,0
10591.0,0
10593.0,0
10595.0,0
10597.0,0
10599.0,0
10601.0,0
10603.0,0
10605.0,1
10607.0,1
10609.0,0
10611.0,0
10613.0,0
10615.0,0
10617.0,0
10619.0,0
10621.0,0
10623.0,0
10625.0,0
10627.0,0
10629.0,0
10631.0,0
10633.0,0
10635.0,0
10637.0,0
10639.0,0
10641.0,0
10643.0,0
10645.0,0
10647.0,0
10649.0,0
10651.0,0
10653.0,0
10655.0,0
10657.0,0
10659.0,0
10661.0,0
10663.0,0
10665.0,0
10667.0,0
10669.0,0
10671.0,0
10673.0,0
10675.0,0
10677.0,0
10679.0,0
10681.0,0
10683.0,0
10685.0,0
10687.0,0
10689.0,0
10691.0,0
10693.0,0
10695.0,0
10697.0,0
10699.0,0
10701.0,1
10703.0,0
10705.0,1
10707.0,0
10709.0,0
10711.0,0
10713.0,0
10715.0,0
10717.0,0
10719.0,0
10721.0,0
10723.0,0
10725.0,0
10727.0,0
10729.0,0
10731.0,0
10733.0,0
10735.0,0
10737.0,0
10739.0,0
10741.0,0
10743.0,0
10745.0,0
10747.0,0
10749.0,0
10751.0,0
10753.0,0
10755.0,0
10757.0,1
10759.0,0
10761.0,0
10763.0,1
10765.0,0
10767.0,0
10769.0,0
10771.0,0
10773.0,0
10775.0,0
10777.0,0
10779.0,0
10781.0,0
10783.0,0
10785.0,0
10787.0,0
10789.0,0
10791.0,0
10793.0,0
10795.0,0
10797.0,0
10799.0,0
10801.0,0
10803.0,0
10805.0,0
10807.0,0
10809.0,0
10811.0,0
10813.0,1
10815.0,0
10817.0,0
10819.0,0
10821.0,0
10823.0,0
10825.0,0
10827.0,0
10829.0,0
10831.0,0
10833.0,0
10835.0,0
10837.0,0
10839.0,0
10841.0,0
10843.0,0
10845.0,0
10847.0,0
10849.0,2
10851.0,0
10853.0,0
10855.0,0
10857.0,0
10859.0,0
10861.0,0
10863.0,0
10865.0,0
10867.0,0
10869.0,1
10871.0,0
10873.0,0
10875.0,1
10877.0,0
10879.0,1
10881.0,0
10883.0,0
10885.0,0
10887.0,0
10889.0,0
10891.0,0
10893.0,0
10895.0,0
10897.0,0
10899.0,0
10901.0,0
10903.0,0
10905.0,0
10907.0,0
10909.0,0
10911.0,0
10913.0,0
10915.0,1
10917.0,0
10919.0,0
10921.0,0
10923.0,1
10925.0,0
10927.0,0
10929.0,0
10931.0,0
10933.0,0
10935.0,0
10937.0,0
10939.0,0
10941.0,0
10943.0,0
10945.0,1
10947.0,1
10949.0,0
10951.0,0
10953.0,0
10955.0,0
10957.0,1
10959.0,0
10961.0,0
10963.0,0
10965.0,1
10967.0,1
10969.0,1
10971.0,0
10973.0,0
10975.0,0
10977.0,0
10979.0,0
10981.0,1
10983.0,0
10985.0,0
10987.0,0
10989.0,0
10991.0,0
10993.0,0
10995.0,0
10997.0,0
10999.0,0
11001.0,0
11003.0,0
11005.0,1
11007.0,0
11009.0,0
11011.0,0
11013.0,0
11015.0,0
11017.0,0
11019.0,0
11021.0,0
11023.0,0
11025.0,0
11027.0,0
11029.0,0
11031.0,0
11033.0,0
11035.0,0
11037.0,0
11039.0,0
11041.0,0
11043.0,0
11045.0,0
11047.0,0
11049.0,0
11051.0,0
11053.0,0
11055.0,0
11057.0,0
11059.0,0
11061.0,0
11063.0,0
11065.0,0
11067.0,0
11069.0,0
11071.0,0
11073.0,0
11075.0,0
11077.0,0
11079.0,0
11081.0,0
11083.0,0
11085.0,0
11087.0,0
11089.0,0
11091.0,0
11093.0,0
11095.0,0
11097.0,0
11099.0,0
11101.0,0
11103.0,0
11105.0,0
11107.0,0
11109.0,0
11111.0,0
11113.0,0
11115.0,0
11117.0,0
11119.0,0
11121.0,0
11123.0,0
11125.0,0
11127.0,0
11129.0,0
11131.0,0
11133.0,0
11135.0,0
11137.0,0
11139.0,0
11141.0,0
11143.0,0
11145.0,0
11147.0,0
11149.0,0
11151.0,0
11153.0,0
11155.0,0
11157.0,0
11159.0,0
11161.0,0
11163.0,0
11165.0,0
11167.0,0
11169.0,0
11171.0,0
11173.0,0
11175.0,0
11177.0,0
11179.0,0
11181.0,0
11183.0,0
11185.0,0
11187.0,0
11189.0,1
11191.0,0
11193.0,0
11195.0,0
11197.0,0
11199.0,0
11201.0,0
11203.0,0
11205.0,0
11207.0,0
11209.0,0
11211.0,0
11213.0,0
11215.0,0
11217.0,0
11219.0,0
11221.0,0
11223.0,0
11225.0,0
11227.0,0
11229.0,0
11231.0,0
11233.0,0
11235.0,0
11237.0,0
11239.0,0
11241.0,0
11243.0,0
11245.0,0
11247.0,0
11249.0,0
11251.0,0
11253.0,1
11255.0,0
11257.0,0
11259.0,0
11261.0,0
11263.0,0
11265.0,0
11267.0,0
11269.0,0
11271.0,0
11273.0,0
11275.0,0
11277.0,0
11279.0,1
11281.0,0
11283.0,0
11285.0,0
11287.0,0
11289.0,0
11291.0,0
11293.0,0
11295.0,0
11297.0,0
11299.0,0
11301.0,0
11303.0,0
11305.0,0
11307.0,0
11309.0,0
11311.0,0
11313.0,0
11315.0,0
11317.0,0
11319.0,1
11321.0,0
11323.0,0
11325.0,0
11327.0,1
11329.0,0
11331.0,0
11333.0,0
11335.0,0
11337.0,0
11339.0,0
11341.0,0
11343.0,0
11345.0,0
11347.0,0
11349.0,0
11351.0,0
11353.0,0
11355.0,0
11357.0,0
11359.0,0
11361.0,0
11363.0,0
11365.0,0
11367.0,0
11369.0,0
11371.0,0
11373.0,0
11375.0,0
11377.0,0
11379.0,0
11381.0,0
11383.0,0
11385.0,0
11387.0,0
11389.0,0
11391.0,2
11393.0,0
11395.0,0
11397.0,0
11399.0,0
11401.0,0
11403.0,0
11405.0,0
11407.0,0
11409.0,0
11411.0,0
11413.0,0
11415.0,0
11417.0,0
11419.0,0
11421.0,0
11423.0,0
11425.0,0
11427.0,0
11429.0,0
11431.0,0
11433.0,0
11435.0,0
11437.0,0
11439.0,0
11441.0,0
11443.0,0
11445.0,1
11447.0,0
11449.0,0
11451.0,0
11453.0,0
11455.0,0
11457.0,0
11459.0,0
11461.0,0
11463.0,0
11465.0,0
11467.0,0
11469.0,0
11471.0,0
11473.0,0
11475.0,0
11477.0,0
11479.0,0
11481.0,0
11483.0,0
11485.0,0
11487.0,0
11489.0,0
11491.0,0
11493.0,0
11495.0,0
11497.0,0
11499.0,0
11501.0,0
11503.0,0
11505.0,0
11507.0,1
11509.0,0
11511.0,0
11513.0,0
11515.0,0
11517.0,0
11519.0,0
11521.0,0
11523.0,0
11525.0,0
11527.0,0
11529.0,1
11531.0,0
11533.0,0
11535.0,0
11537.0,0
11539.0,1
11541.0,0
11543.0,0
11545.0,0
11547.0,0
11549.0,0
11551.0,0
11553.0,0
11555.0,0
11557.0,0
11559.0,0
11561.0,0
11563.0,0
11565.0,0
11567.0,0
11569.0,0
11571.0,0
11573.0,0
11575.0,0
11577.0,0
11579.0,0
11581.0,0
11583.0,0
11585.0,0
11587.0,0
11589.0,0
11591.0,0
11593.0,0
11595.0,0
11597.0,0
11599.0,0
11601.0,0
11603.0,0
11605.0,0
11607.0,0
11609.0,1
11611.0,0
11613.0,0
11615.0,0
11617.0,0
11619.0,0
11621.0,1
11623.0,0
11625.0,0
11627.0,0
11629.0,0
11631.0,1
11633.0,0
11635.0,0
11637.0,0
11639.0,0
11641.0,0
11643.0,0
11645.0,1
11647.0,0
11649.0,0
11651.0,1
11653.0,0
11655.0,0
11657.0,0
11659.0,0
11661.0,0
11663.0,0
11665.0,1
11667.0,0
11669.0,0
11671.0,0
11673.0,0
11675.0,0
11677.0,0
11679.0,0
11681.0,0
11683.0,0
11685.0,0
11687.0,0
11689.0,0
11691.0,0
11693.0,0
11695.0,0
11697.0,0
11699.0,0
11701.0,0
11703.0,0
11705.0,0
11707.0,0
11709.0,1
11711.0,0
11713.0,0
11715.0,0
11717.0,0
11719.0,0
11721.0,0
11723.0,0
11725.0,0
11727.0,0
11729.0,0
11731.0,0
11733.0,0
11735.0,0
11737.0,0
11739.0,0
11741.0,0
11743.0,0
11745.0,0
11747.0,0
11749.0,0
11751.0,0
11753.0,0
11755.0,0
11757.0,0
11759.0,0
11761.0,0
11763.0,0
11765.0,0
11767.0,0
11769.0,0
11771.0,0
11773.0,0
11775.0,0
11777.0,0
11779.0,0
11781.0,0
11783.0,0
11785.0,0
11787.0,0
11789.0,0
11791.0,0
11793.0,0
11795.0,0
11797.0,0
11799.0,0
11801.0,0
11803.0,0
11805.0,0
11807.0,0
11809.0,0
11811.0,0
11813.0,0
11815.0,0
11817.0,0
11819.0,0
11821.0,0
11823.0,0
11825.0,0
11827.0,0
11829.0,1
11831.0,0
11833.0,0
11835.0,0
11837.0,0
11839.0,0
11841.0,0
11843.0,0
11845.0,0
11847.0,0
11849.0,0
11851.0,0
11853.0,0
11855.0,0
11857.0,0
11859.0,0
11861.0,0
11863.0,0
11865.0,0
11867.0,0
11869.0,0
11871.0,0
11873.0,0
11875.0,1
11877.0,0
11879.0,0
11881.0,0
11883.0,1
11885.0,0
11887.0,0
11889.0,0
11891.0,0
11893.0,0
11895.0,0
11897.0,0
11899.0,0
11901.0,1
11903.0,0
11905.0,0
11907.0,0
11909.0,0
11911.0,0
11913.0,0
11915.0,0
11917.0,0
11919.0,0
11921.0,0
11923.0,0
11925.0,0
11927.0,0
11929.0,0
11931.0,0
11933.0,0
11935.0,0
11937.0,1
11939.0,0
11941.0,0
11943.0,1
11945.0,0
11947.0,1
11949.0,1
11951.0,0
11953.0,1
11955.0,0
11957.0,0
11959.0,0
11961.0,0
11963.0,0
11965.0,0
11967.0,0
11969.0,0
11971.0,0
11973.0,0
11975.0,0
11977.0,0
11979.0,0
11981.0,0
11983.0,0
11985.0,0
11987.0,0
11989.0,0
11991.0,0
11993.0,0
11995.0,0
11997.0,0
11999.0,0
12001.0,0
12003.0,0
12005.0,0
12007.0,0
12009.0,0
12011.0,0
12013.0,0
12015.0,0
12017.0,0
12019.0,0
12021.0,0
12023.0,0
12025.0,0
12027.0,0
12029.0,0
12031.0,0
12033.0,0
12035.0,0
12037.0,0
12039.0,0
12041.0,0
12043.0,0
12045.0,0
12047.0,0
12049.0,0
12051.0,1
12053.0,0
12055.0,0
12057.0,0
12059.0,0
12061.0,0
12063.0,0
12065.0,0
12067.0,0
12069.0,0
12071.0,0
12073.0,0
12075.0,0
12077.0,0
12079.0,0
12081.0,0
12083.0,0
12085.0,0
12087.0,1
12089.0,0
12091.0,0
12093.0,0
12095.0,0
12097.0,0
12099.0,0
12101.0,0
12103.0,0
12105.0,0
12107.0,0
12109.0,0
12111.0,2
12113.0,0
12115.0,0
12117.0,0
12119.0,0
12121.0,0
12123.0,0
12125.0,0
12127.0,0
12129.0,0
12131.0,0
12133.0,0
12135.0,0
12137.0,0
12139.0,0
12141.0,0
12143.0,0
12145.0,0
12147.0,0
12149.0,0
12151.0,0
12153.0,0
12155.0,0
12157.0,0
12159.0,0
12161.0,0
12163.0,0
12165.0,1
12167.0,0
12169.0,0
12171.0,0
12173.0,0
12175.0,1
12177.0,0
12179.0,0
12181.0,0
12183.0,0
12185.0,0
12187.0,0
12189.0,0
12191.0,0
12193.0,0
12195.0,0
12197.0,0
12199.0,0
12201.0,0
12203.0,0
12205.0,0
12207.0,0
12209.0,0
12211.0,0
12213.0,0
12215.0,0
12217.0,0
12219.0,0
12221.0,0
12223.0,0
12225.0,0
12227.0,0
12229.0,0
12231.0,0
12233.0,0
12235.0,0
12237.0,1
12239.0,0
12241.0,0
12243.0,0
12245.0,0
12247.0,0
12249.0,0
12251.0,0
12253.0,0
12255.0,0
12257.0,0
12259.0,0
12261.0,0
12263.0,0
12265.0,0
12267.0,0
12269.0,0
12271.0,0
12273.0,0
12275.0,0
12277.0,0
12279.0,0
12281.0,0
12283.0,0
12285.0,0
12287.0,0
12289.0,0
12291.0,0
12293.0,0
12295.0,0
12297.0,0
12299.0,0
12301.0,0
12303.0,0
12305.0,0
12307.0,0
12309.0,0
12311.0,0
12313.0,0
12315.0,0
12317.0,0
12319.0,0
12321.0,0
12323.0,0
12325.0,0
12327.0,0
12329.0,0
12331.0,0
12333.0,0
12335.0,0
12337.0,0
12339.0,0
12341.0,0
12343.0,0
12345.0,0
12347.0,0
12349.0,0
12351.0,0
12353.0,0
12355.0,0
12357.0,0
12359.0,0
12361.0,0
12363.0,0
12365.0,0
12367.0,0
12369.0,0
12371.0,0
12373.0,0
12375.0,0
12377.0,0
12379.0,0
12381.0,0
12383.0,0
12385.0,0
12387.0,1
12389.0,0
12391.0,0
12393.0,0
12395.0,0
12397.0,0
12399.0,0
12401.0,0
12403.0,0
12405.0,0
12407.0,0
12409.0,0
12411.0,0
12413.0,0
12415.0,0
12417.0,0
12419.0,0
12421.0,0
12423.0,0
12425.0,0
12427.0,0
12429.0,0
12431.0,0
12433.0,0
12435.0,0
12437.0,0
12439.0,0
12441.0,0
12443.0,0
12445.0,0
12447.0,0
12449.0,0
12451.0,0
12453.0,0
12455.0,0
12457.0,0
12459.0,0
12461.0,0
12463.0,0
12465.0,0
12467.0,0
12469.0,0
12471.0,0
12473.0,0
12475.0,0
12477.0,0
12479.0,0
12481.0,0
12483.0,0
12485.0,0
12487.0,0
12489.0,0
12491.0,0
12493.0,0
12495.0,0
12497.0,0
12499.0,0
12501.0,0
12503.0,0
12505.0,0
12507.0,0
12509.0,0
12511.0,0
12513.0,0
12515.0,0
12517.0,0
12519.0,0
12521.0,0
12523.0,0
12525.0,0
12527.0,0
12529.0,0
12531.0,0
12533.0,0
12535.0,0
12537.0,0
12539.0,0
12541.0,0
12543.0,0
12545.0,0
12547.0,0
12549.0,0
12551.0,0
12553.0,0
12555.0,0
12557.0,0
12559.0,0
12561.0,0
12563.0,0
12565.0,0
12567.0,0
12569.0,0
12571.0,0
12573.0,0
12575.0,0
12577.0,0
12579.0,0
12581.0,0
12583.0,0
12585.0,0
12587.0,0
12589.0,0
12591.0,0
12593.0,0
12595.0,0
12597.0,0
12599.0,0
12601.0,0
12603.0,0
12605.0,0
12607.0,0
12609.0,0
12611.0,0
12613.0,0
12615.0,0
12617.0,0
12619.0,0
12621.0,0
12623.0,0
12625.0,0
12627.0,0
12629.0,0
12631.0,0
12633.0,0
12635.0,0
12637.0,0
12639.0,0
12641.0,0
12643.0,0
12645.0,0
12647.0,0
12649.0,0
12651.0,0
12653.0,0
12655.0,0
12657.0,0
12659.0,0
12661.0,0
12663.0,0
12665.0,0
12667.0,0
12669.0,0
12671.0,0
12673.0,0
12675.0,0
12677.0,0
12679.0,0
12681.0,0
12683.0,0
12685.0,0
12687.0,0
12689.0,0
12691.0,0
12693.0,0
12695.0,0
12697.0,0
12699.0,0
12701.0,0
12703.0,0
12705.0,1
12707.0,0
12709.0,0
12711.0,0
12713.0,0
12715.0,0
12717.0,0
12719.0,0
12721.0,0
12723.0,0
12725.0,0
12727.0,0
12729.0,0
12731.0,0
12733.0,0
12735.0,0
12737.0,0
12739.0,0
12741.0,0
12743.0,0
12745.0,0
12747.0,0
12749.0,0
12751.0,0
12753.0,0
12755.0,0
12757.0,0
12759.0,0
12761.0,0
12763.0,0
12765.0,0
12767.0,0
12769.0,0
12771.0,0
12773.0,0
12775.0,0
12777.0,0
12779.0,0
12781.0,0
12783.0,0
12785.0,0
12787.0,0
12789.0,0
12791.0,0
12793.0,0
12795.0,0
12797.0,0
12799.0,0
12801.0,0
12803.0,0
12805.0,0
12807.0,0
12809.0,1
12811.0,0
12813.0,0
12815.0,0
12817.0,0
12819.0,0
12821.0,0
12823.0,0
12825.0,0
12827.0,0
12829.0,0
12831.0,0
12833.0,0
12835.0,0
12837.0,0
12839.0,0
12841.0,0
12843.0,0
12845.0,0
12847.0,0
12849.0,0
12851.0,1
12853.0,0
12855.0,0
12857.0,0
12859.0,0
12861.0,0
12863.0,0
12865.0,0
12867.0,0
12869.0,0
12871.0,0
12873.0,0
12875.0,0
12877.0,0
12879.0,0
12881.0,0
12883.0,0
12885.0,0
12887.0,0
12889.0,0
12891.0,0
12893.0,0
12895.0,0
12897.0,0
12899.0,0
12901.0,0
12903.0,0
12905.0,0
12907.0,0
12909.0,0
12911.0,0
12913.0,0
12915.0,0
12917.0,0
12919.0,0
12921.0,0
12923.0,0
12925.0,0
12927.0,1
12929.0,0
12931.0,1
12933.0,0
12935.0,0
12937.0,1
12939.0,0
12941.0,0
12943.0,0
12945.0,0
12947.0,0
12949.0,0
12951.0,0
12953.0,0
12955.0,0
12957.0,0
12959.0,0
12961.0,0
12963.0,0
12965.0,0
12967.0,0
12969.0,0
12971.0,0
12973.0,0
12975.0,0
12977.0,0
12979.0,0
12981.0,0
12983.0,0
12985.0,0
12987.0,0
12989.0,1
12991.0,0
12993.0,0
12995.0,0
12997.0,0
