Bin center (eV),Counts per 2 eV bin
801.0,17
803.0,24
805.0,19
807.0,20
809.0,15
811.0,25
813.0,35
815.0,33
817.0,40
819.0,36
821.0,35
823.0,47
825.0,43
827.0,42
829.0,51
831.0,53
833.0,63
835.0,96
837.0,109
839.0,135
841.0,160
843.0,180
845.0,144
847.0,196
849.0,209
851.0,235
853.0,288
855.0,250
857.0,184
859.0,160
861.0,107
863.0,58
865.0,47
867.0,39
869.0,31
871.0,35
873.0,37
875.0,37
877.0,45
879.0,23
881.0,29
883.0,11
885.0,25
887.0,31
889.0,45
891.0,39
893.0,52
895.0,39
897.0,50
899.0,55
901.0,77
903.0,116
905.0,196
907.0,231
909.0,175
911.0,112
913.0,94
915.0,134
917.0,177
919.0,225
921.0,269
923.0,294
925.0,232
927.0,184
929.0,176
931.0,179
933.0,159
935.0,173
937.0,96
939.0,74
941.0,61
943.0,50
945.0,48
947.0,44
949.0,47
951.0,40
953.0,42
955.0,30
957.0,27
959.0,28
961.0,30
963.0,27
965.0,32
967.0,15
969.0,27
971.0,22
973.0,40
975.0,25
977.0,33
979.0,15
981.0,27
983.0,21
985.0,21
987.0,16
989.0,7
991.0,12
993.0,18
995.0,8
997.0,13
999.0,14
1001.0,19
1003.0,13
1005.0,17
1007.0,8
1009.0,14
1011.0,12
1013.0,11
1015.0,17
1017.0,11
1019.0,11
1021.0,16
1023.0,12
1025.0,22
1027.0,18
1029.0,22
1031.0,16
1033.0,25
1035.0,27
1037.0,24
1039.0,21
1041.0,10
1043.0,11
1045.0,8
1047.0,4
1049.0,7
1051.0,14
1053.0,13
1055.0,13
1057.0,13
1059.0,7
1061.0,14
1063.0,5
1065.0,8
1067.0,9
1069.0,13
1071.0,15
1073.0,17
1075.0,17
1077.0,15
1079.0,9
1081.0,8
1083.0,16
1085.0,5
1087.0,15
1089.0,11
1091.0,17
1093.0,11
1095.0,12
1097.0,15
1099.0,15
1101.0,4
1103.0,15
1105.0,10
1107.0,10
1109.0,9
1111.0,13
1113.0,6
1115.0,13
1117.0,9
1119.0,15
1121.0,10
1123.0,19
1125.0,14
1127.0,10
1129.0,15
1131.0,9
1133.0,7
1135.0,16
1137.0,9
1139.0,12
1141.0,13
1143.0,8
1145.0,11
1147.0,11
1149.0,10
1151.0,8
1153.0,13
1155.0,13
1157.0,12
1159.0,9
1161.0,16
1163.0,11
1165.0,10
1167.0,9
1169.0,14
1171.0,8
1173.0,17
1175.0,12
1177.0,17
1179.0,18
1181.0,10
1183.0,15
1185.0,14
1187.0,7
1189.0,16
1191.0,6
1193.0,12
1195.0,14
1197.0,10
1199.0,24
1201.0,26
1203.0,18
1205.0,14
1207.0,8
1209.0,12
1211.0,15
1213.0,9
1215.0,18
1217.0,15
1219.0,17
1221.0,15
1223.0,18
1225.0,23
1227.0,25
1229.0,15
1231.0,13
1233.0,23
1235.0,10
1237.0,9
1239.0,11
1241.0,14
1243.0,17
1245.0,17
1247.0,15
1249.0,18
1251.0,17
1253.0,11
1255.0,10
1257.0,4
1259.0,13
1261.0,14
1263.0,23
1265.0,21
1267.0,24
1269.0,11
1271.0,8
1273.0,12
1275.0,20
1277.0,16
1279.0,14
1281.0,9
1283.0,14
1285.0,9
1287.0,12
1289.0,9
1291.0,18
1293.0,16
1295.0,13
1297.0,9
1299.0,14
1301.0,7
1303.0,9
1305.0,17
1307.0,12
1309.0,10
1311.0,18
1313.0,15
1315.0,18
1317.0,13
1319.0,18
1321.0,8
1323.0,13
1325.0,14
1327.0,16
1329.0,15
1331.0,14
1333.0,12
1335.0,16
1337.0,11
1339.0,16
1341.0,17
1343.0,15
1345.0,19
1347.0,27
1349.0,20
1351.0,19
1353.0,22
1355.0,9
1357.0,16
1359.0,13
1361.0,10
1363.0,12
1365.0,13
1367.0,14
1369.0,13
1371.0,12
1373.0,9
1375.0,16
1377.0,24
1379.0,26
1381.0,22
1383.0,17
1385.0,18
1387.0,12
1389.0,15
1391.0,21
1393.0,13
1395.0,15
1397.0,13
1399.0,12
1401.0,8
1403.0,12
1405.0,8
1407.0,8
1409.0,11
1411.0,15
1413.0,8
1415.0,15
1417.0,16
1419.0,13
1421.0,19
1423.0,23
1425.0,16
1427.0,17
1429.0,16
1431.0,21
1433.0,15
1435.0,14
1437.0,16
1439.0,6
1441.0,5
1443.0,11
1445.0,10
1447.0,17
1449.0,12
1451.0,13
1453.0,13
1455.0,17
1457.0,14
1459.0,7
1461.0,13
1463.0,14
1465.0,8
1467.0,13
1469.0,12
1471.0,12
1473.0,13
1475.0,14
1477.0,14
1479.0,13
1481.0,13
1483.0,11
1485.0,12
1487.0,14
1489.0,16
1491.0,12
1493.0,19
1495.0,9
1497.0,12
1499.0,12
1501.0,20
1503.0,15
1505.0,8
1507.0,14
1509.0,13
1511.0,15
1513.0,19
1515.0,23
1517.0,9
1519.0,9
1521.0,12
1523.0,16
1525.0,14
1527.0,19
1529.0,19
1531.0,15
1533.0,23
1535.0,12
1537.0,15
1539.0,14
1541.0,12
1543.0,15
1545.0,9
1547.0,10
1549.0,8
1551.0,14
1553.0,16
1555.0,15
1557.0,19
1559.0,14
1561.0,13
1563.0,21
1565.0,17
1567.0,9
1569.0,24
1571.0,19
1573.0,12
1575.0,10
1577.0,10
1579.0,13
1581.0,8
1583.0,13
1585.0,10
1587.0,5
1589.0,9
1591.0,16
1593.0,8
1595.0,13
1597.0,7
1599.0,12
1601.0,8
1603.0,6
1605.0,9
1607.0,18
1609.0,10
1611.0,17
1613.0,12
1615.0,11
1617.0,9
1619.0,13
1621.0,17
1623.0,15
1625.0,8
1627.0,15
1629.0,19
1631.0,24
1633.0,14
1635.0,9
1637.0,7
1639.0,7
1641.0,12
1643.0,9
1645.0,12
1647.0,5
1649.0,11
1651.0,11
1653.0,5
1655.0,15
1657.0,7
1659.0,15
1661.0,9
1663.0,16
1665.0,16
1667.0,8
1669.0,11
1671.0,18
1673.0,15
1675.0,8
1677.0,11
1679.0,10
1681.0,11
1683.0,12
1685.0,10
1687.0,21
1689.0,5
1691.0,10
1693.0,12
1695.0,14
1697.0,4
1699.0,10
1701.0,5
1703.0,5
1705.0,6
1707.0,8
1709.0,6
1711.0,10
1713.0,2
1715.0,7
1717.0,10
1719.0,7
1721.0,15
1723.0,4
1725.0,13
1727.0,16
1729.0,15
1731.0,17
1733.0,13
1735.0,11
1737.0,9
1739.0,15
1741.0,15
1743.0,8
1745.0,3
1747.0,8
1749.0,7
1751.0,12
1753.0,6
1755.0,7
1757.0,6
1759.0,18
1761.0,11
1763.0,23
1765.0,12
1767.0,13
1769.0,11
1771.0,9
1773.0,9
1775.0,6
1777.0,7
1779.0,8
1781.0,13
1783.0,13
1785.0,13
1787.0,15
1789.0,10
1791.0,11
1793.0,9
1795.0,6
1797.0,6
1799.0,10
1801.0,8
1803.0,9
1805.0,8
1807.0,16
1809.0,14
1811.0,14
1813.0,13
1815.0,13
1817.0,4
1819.0,9
1821.0,7
1823.0,9
1825.0,9
1827.0,12
1829.0,12
1831.0,8
1833.0,14
1835.0,15
1837.0,15
1839.0,16
1841.0,11
1843.0,13
1845.0,11
1847.0,16
1849.0,14
1851.0,11
1853.0,8
1855.0,14
1857.0,8
1859.0,18
1861.0,32
1863.0,21
1865.0,21
1867.0,27
1869.0,34
1871.0,31
1873.0,31
1875.0,36
1877.0,29
1879.0,19
1881.0,24
1883.0,23
1885.0,12
1887.0,23
1889.0,20
1891.0,37
1893.0,46
1895.0,26
1897.0,27
1899.0,8
1901.0,14
1903.0,12
1905.0,18
1907.0,8
1909.0,13
1911.0,10
1913.0,12
1915.0,12
1917.0,9
1919.0,14
1921.0,11
1923.0,18
1925.0,18
1927.0,13
1929.0,12
1931.0,13
1933.0,13
1935.0,11
1937.0,20
1939.0,14
1941.0,18
1943.0,7
1945.0,11
1947.0,11
1949.0,7
1951.0,9
1953.0,15
1955.0,2
1957.0,13
1959.0,15
1961.0,10
1963.0,10
1965.0,15
1967.0,12
1969.0,7
1971.0,11
1973.0,12
1975.0,16
1977.0,13
1979.0,16
1981.0,14
1983.0,3
1985.0,12
1987.0,23
1989.0,12
1991.0,12
1993.0,15
1995.0,12
1997.0,17
1999.0,10
2001.0,15
2003.0,6
2005.0,4
2007.0,9
2009.0,7
2011.0,16
2013.0,14
2015.0,13
2017.0,15
2019.0,11
2021.0,7
2023.0,12
2025.0,11
2027.0,13
2029.0,8
2031.0,8
2033.0,8
2035.0,8
2037.0,10
2039.0,14
2041.0,10
2043.0,18
2045.0,15
2047.0,14
2049.0,18
2051.0,14
2053.0,15
2055.0,7
2057.0,8
2059.0,13
2061.0,6
2063.0,17
2065.0,18
2067.0,16
2069.0,11
2071.0,16
2073.0,6
2075.0,13
2077.0,16
2079.0,17
2081.0,15
2083.0,21
2085.0,14
2087.0,17
2089.0,15
2091.0,19
2093.0,19
2095.0,23
2097.0,21
2099.0,17
2101.0,23
2103.0,17
2105.0,21
2107.0,27
2109.0,29
2111.0,32
2113.0,21
2115.0,19
2117.0,14
2119.0,11
2121.0,13
2123.0,11
2125.0,17
2127.0,18
2129.0,8
2131.0,14
2133.0,15
2135.0,12
2137.0,20
2139.0,20
2141.0,27
2143.0,22
2145.0,20
2147.0,16
2149.0,12
2151.0,18
2153.0,22
2155.0,30
2157.0,30
2159.0,33
2161.0,24
2163.0,21
2165.0,23
2167.0,20
2169.0,23
2171.0,18
2173.0,20
2175.0,19
2177.0,28
2179.0,40
2181.0,30
2183.0,31
2185.0,16
2187.0,19
2189.0,24
2191.0,18
2193.0,13
2195.0,14
2197.0,14
2199.0,21
2201.0,17
2203.0,17
2205.0,20
2207.0,14
2209.0,20
2211.0,17
2213.0,12
2215.0,12
2217.0,7
2219.0,23
2221.0,22
2223.0,24
2225.0,27
2227.0,49
2229.0,28
2231.0,18
2233.0,27
2235.0,9
2237.0,23
2239.0,18
2241.0,19
2243.0,24
2245.0,20
2247.0,17
2249.0,31
2251.0,33
2253.0,16
2255.0,25
2257.0,20
2259.0,8
2261.0,14
2263.0,13
2265.0,18
2267.0,19
2269.0,28
2271.0,34
2273.0,42
2275.0,35
2277.0,27
2279.0,21
2281.0,32
2283.0,24
2285.0,22
2287.0,22
2289.0,26
2291.0,30
2293.0,36
2295.0,28
2297.0,28
2299.0,29
2301.0,24
2303.0,21
2305.0,23
2307.0,20
2309.0,23
2311.0,28
2313.0,21
2315.0,20
2317.0,24
2319.0,36
2321.0,36
2323.0,29
2325.0,17
2327.0,23
2329.0,25
2331.0,20
2333.0,26
2335.0,20
2337.0,19
2339.0,23
2341.0,32
2343.0,34
2345.0,35
2347.0,27
2349.0,19
2351.0,14
2353.0,18
2355.0,18
2357.0,21
2359.0,22
2361.0,26
2363.0,24
2365.0,31
2367.0,33
2369.0,28
2371.0,35
2373.0,18
2375.0,18
2377.0,10
2379.0,18
2381.0,20
2383.0,32
2385.0,20
2387.0,20
2389.0,21
2391.0,27
2393.0,24
2395.0,25
2397.0,22
2399.0,22
2401.0,26
2403.0,19
2405.0,23
2407.0,41
2409.0,35
2411.0,37
2413.0,39
2415.0,44
2417.0,44
2419.0,37
2421.0,25
2423.0,21
2425.0,27
2427.0,27
2429.0,30
2431.0,24
2433.0,38
2435.0,28
2437.0,37
2439.0,27
2441.0,39
2443.0,29
2445.0,20
2447.0,24
2449.0,25
2451.0,16
2453.0,40
2455.0,35
2457.0,56
2459.0,75
2461.0,63
2463.0,42
2465.0,47
2467.0,19
2469.0,28
2471.0,30
2473.0,35
2475.0,23
2477.0,26
2479.0,22
2481.0,22
2483.0,23
2485.0,24
2487.0,24
2489.0,33
2491.0,33
2493.0,20
2495.0,23
2497.0,28
2499.0,32
2501.0,26
2503.0,28
2505.0,36
2507.0,25
2509.0,22
2511.0,23
2513.0,20
2515.0,35
2517.0,25
2519.0,23
2521.0,32
2523.0,22
2525.0,21
2527.0,24
2529.0,27
2531.0,17
2533.0,28
2535.0,24
2537.0,19
2539.0,24
2541.0,46
2543.0,33
2545.0,37
2547.0,35
2549.0,22
2551.0,26
2553.0,40
2555.0,37
2557.0,36
2559.0,17
2561.0,37
2563.0,34
2565.0,38
2567.0,31
2569.0,16
2571.0,23
2573.0,24
2575.0,21
2577.0,17
2579.0,22
2581.0,29
2583.0,19
2585.0,22
2587.0,32
2589.0,32
2591.0,37
2593.0,35
2595.0,43
2597.0,42
2599.0,53
2601.0,30
2603.0,28
2605.0,32
2607.0,25
2609.0,29
2611.0,24
2613.0,30
2615.0,31
2617.0,31
2619.0,29
2621.0,33
2623.0,30
2625.0,26
2627.0,37
2629.0,34
2631.0,30
2633.0,24
2635.0,23
2637.0,18
2639.0,30
2641.0,27
2643.0,22
2645.0,29
2647.0,28
2649.0,28
2651.0,23
2653.0,33
2655.0,28
2657.0,28
2659.0,27
2661.0,37
2663.0,31
2665.0,32
2667.0,39
2669.0,46
2671.0,53
2673.0,63
2675.0,37
2677.0,37
2679.0,20
2681.0,11
2683.0,18
2685.0,17
2687.0,18
2689.0,27
2691.0,20
2693.0,26
2695.0,23
2697.0,14
2699.0,17
2701.0,25
2703.0,29
2705.0,39
2707.0,32
2709.0,31
2711.0,21
2713.0,30
2715.0,35
2717.0,43
2719.0,61
2721.0,42
2723.0,29
2725.0,34
2727.0,26
2729.0,13
2731.0,25
2733.0,23
2735.0,14
2737.0,21
2739.0,23
2741.0,21
2743.0,32
2745.0,38
2747.0,38
2749.0,41
2751.0,28
2753.0,34
2755.0,26
2757.0,31
2759.0,30
2761.0,31
2763.0,26
2765.0,20
2767.0,17
2769.0,26
2771.0,24
2773.0,18
2775.0,24
2777.0,19
2779.0,30
2781.0,52
2783.0,57
2785.0,43
2787.0,35
2789.0,44
2791.0,39
2793.0,41
2795.0,39
2797.0,22
2799.0,21
2801.0,22
2803.0,34
2805.0,17
2807.0,17
2809.0,27
2811.0,32
2813.0,25
2815.0,24
2817.0,29
2819.0,24
2821.0,23
2823.0,40
2825.0,43
2827.0,64
2829.0,56
2831.0,37
2833.0,27
2835.0,35
2837.0,39
2839.0,30
2841.0,27
2843.0,20
2845.0,25
2847.0,26
2849.0,21
2851.0,29
2853.0,37
2855.0,36
2857.0,21
2859.0,25
2861.0,22
2863.0,25
2865.0,24
2867.0,31
2869.0,34
2871.0,34
2873.0,23
2875.0,33
2877.0,32
2879.0,32
2881.0,13
2883.0,22
2885.0,16
2887.0,25
2889.0,29
2891.0,29
2893.0,49
2895.0,34
2897.0,34
2899.0,38
2901.0,33
2903.0,32
2905.0,32
2907.0,41
2909.0,44
2911.0,35
2913.0,30
2915.0,23
2917.0,13
2919.0,23
2921.0,19
2923.0,29
2925.0,28
2927.0,32
2929.0,29
2931.0,22
2933.0,22
2935.0,27
2937.0,14
2939.0,20
2941.0,26
2943.0,35
2945.0,39
2947.0,16
2949.0,27
2951.0,37
2953.0,30
2955.0,34
2957.0,48
2959.0,44
2961.0,58
2963.0,35
2965.0,28
2967.0,25
2969.0,15
2971.0,15
2973.0,15
2975.0,19
2977.0,13
2979.0,20
2981.0,25
2983.0,26
2985.0,20
2987.0,30
2989.0,24
2991.0,38
2993.0,58
2995.0,41
2997.0,42
2999.0,24
3001.0,16
3003.0,13
3005.0,24
3007.0,33
3009.0,26
3011.0,31
3013.0,25
3015.0,38
3017.0,22
3019.0,29
3021.0,17
3023.0,12
3025.0,18
3027.0,16
3029.0,20
3031.0,29
3033.0,19
3035.0,29
3037.0,19
3039.0,21
3041.0,31
3043.0,38
3045.0,57
3047.0,52
3049.0,52
3051.0,26
3053.0,27
3055.0,22
3057.0,29
3059.0,39
3061.0,37
3063.0,38
3065.0,30
3067.0,27
3069.0,32
3071.0,27
3073.0,24
3075.0,20
3077.0,17
3079.0,18
3081.0,12
3083.0,17
3085.0,15
3087.0,27
3089.0,32
3091.0,31
3093.0,37
3095.0,29
3097.0,28
3099.0,34
3101.0,28
3103.0,32
3105.0,33
3107.0,48
3109.0,53
3111.0,45
3113.0,42
3115.0,49
3117.0,41
3119.0,34
3121.0,39
3123.0,32
3125.0,32
3127.0,26
3129.0,22
3131.0,17
3133.0,13
3135.0,11
3137.0,16
3139.0,17
3141.0,22
3143.0,20
3145.0,36
3147.0,23
3149.0,30
3151.0,32
3153.0,41
3155.0,24
3157.0,26
3159.0,22
3161.0,11
3163.0,20
3165.0,23
3167.0,26
3169.0,11
3171.0,36
3173.0,29
3175.0,27
3177.0,34
3179.0,38
3181.0,30
3183.0,28
3185.0,16
3187.0,14
3189.0,15
3191.0,12
3193.0,28
3195.0,28
3197.0,22
3199.0,35
3201.0,27
3203.0,25
3205.0,17
3207.0,18
3209.0,23
3211.0,28
3213.0,26
3215.0,25
3217.0,35
3219.0,24
3221.0,35
3223.0,24
3225.0,31
3227.0,28
3229.0,33
3231.0,37
3233.0,37
3235.0,28
3237.0,25
3239.0,16
3241.0,17
3243.0,17
3245.0,24
3247.0,18
3249.0,23
3251.0,22
3253.0,18
3255.0,27
3257.0,12
3259.0,12
3261.0,23
3263.0,20
3265.0,30
3267.0,22
3269.0,33
3271.0,39
3273.0,35
3275.0,39
3277.0,38
3279.0,42
3281.0,35
3283.0,36
3285.0,26
3287.0,29
3289.0,25
3291.0,19
3293.0,21
3295.0,24
3297.0,14
3299.0,27
3301.0,18
3303.0,16
3305.0,12
3307.0,24
3309.0,16
3311.0,18
3313.0,26
3315.0,27
3317.0,49
3319.0,45
3321.0,34
3323.0,26
3325.0,21
3327.0,26
3329.0,35
3331.0,20
3333.0,22
3335.0,28
3337.0,40
3339.0,46
3341.0,35
3343.0,27
3345.0,30
3347.0,33
3349.0,34
3351.0,35
3353.0,26
3355.0,17
3357.0,16
3359.0,23
3361.0,11
3363.0,21
3365.0,15
3367.0,12
3369.0,22
3371.0,28
3373.0,36
3375.0,29
3377.0,20
3379.0,36
3381.0,45
3383.0,59
3385.0,50
3387.0,46
3389.0,33
3391.0,45
3393.0,46
3395.0,37
3397.0,22
3399.0,19
3401.0,21
3403.0,15
3405.0,17
3407.0,16
3409.0,13
3411.0,12
3413.0,13
3415.0,22
3417.0,40
3419.0,37
3421.0,37
3423.0,34
3425.0,25
3427.0,21
3429.0,29
3431.0,42
3433.0,41
3435.0,31
3437.0,27
3439.0,40
3441.0,22
3443.0,21
3445.0,17
3447.0,15
3449.0,11
3451.0,11
3453.0,32
3455.0,26
3457.0,37
3459.0,33
3461.0,33
3463.0,27
3465.0,23
3467.0,27
3469.0,54
3471.0,51
3473.0,50
3475.0,34
3477.0,22
3479.0,10
3481.0,12
3483.0,18
3485.0,17
3487.0,12
3489.0,20
3491.0,29
3493.0,18
3495.0,13
3497.0,7
3499.0,11
3501.0,14
3503.0,17
3505.0,17
3507.0,18
3509.0,16
3511.0,15
3513.0,18
3515.0,18
3517.0,21
3519.0,23
3521.0,15
3523.0,15
3525.0,16
3527.0,31
3529.0,34
3531.0,25
3533.0,20
3535.0,20
3537.0,21
3539.0,29
3541.0,35
3543.0,20
3545.0,12
3547.0,13
3549.0,23
3551.0,18
3553.0,21
3555.0,21
3557.0,27
3559.0,22
3561.0,8
3563.0,11
3565.0,22
3567.0,16
3569.0,20
3571.0,33
3573.0,35
3575.0,19
3577.0,26
3579.0,16
3581.0,22
3583.0,18
3585.0,22
3587.0,20
3589.0,24
3591.0,20
3593.0,13
3595.0,8
3597.0,13
3599.0,9
3601.0,8
3603.0,9
3605.0,9
3607.0,11
3609.0,10
3611.0,9
3613.0,16
3615.0,20
3617.0,36
3619.0,33
3621.0,39
3623.0,23
3625.0,39
3627.0,37
3629.0,37
3631.0,14
3633.0,16
3635.0,10
3637.0,10
3639.0,14
3641.0,8
3643.0,7
3645.0,11
3647.0,6
3649.0,7
3651.0,8
3653.0,12
3655.0,13
3657.0,12
3659.0,17
3661.0,12
3663.0,16
3665.0,22
3667.0,21
3669.0,25
3671.0,16
3673.0,14
3675.0,14
3677.0,11
3679.0,12
3681.0,20
3683.0,17
3685.0,31
3687.0,19
3689.0,12
3691.0,15
3693.0,11
3695.0,6
3697.0,16
3699.0,12
3701.0,24
3703.0,9
3705.0,15
3707.0,18
3709.0,19
3711.0,31
3713.0,19
3715.0,22
3717.0,16
3719.0,9
3721.0,10
3723.0,9
3725.0,8
3727.0,8
3729.0,12
3731.0,16
3733.0,18
3735.0,13
3737.0,18
3739.0,7
3741.0,12
3743.0,16
3745.0,15
3747.0,18
3749.0,20
3751.0,16
3753.0,8
3755.0,11
3757.0,19
3759.0,31
3761.0,24
3763.0,12
3765.0,10
3767.0,11
3769.0,13
3771.0,21
3773.0,11
3775.0,3
3777.0,8
3779.0,8
3781.0,7
3783.0,9
3785.0,9
3787.0,18
3789.0,17
3791.0,11
3793.0,13
3795.0,9
3797.0,14
3799.0,22
3801.0,20
3803.0,23
3805.0,25
3807.0,18
3809.0,8
3811.0,7
3813.0,11
3815.0,9
3817.0,11
3819.0,6
3821.0,8
3823.0,8
3825.0,16
3827.0,13
3829.0,14
3831.0,10
3833.0,11
3835.0,17
3837.0,11
3839.0,7
3841.0,9
3843.0,13
3845.0,19
3847.0,16
3849.0,14
3851.0,8
3853.0,11
3855.0,13
3857.0,15
3859.0,15
3861.0,8
3863.0,11
3865.0,6
3867.0,4
3869.0,7
3871.0,12
3873.0,21
3875.0,12
3877.0,13
3879.0,10
3881.0,11
3883.0,15
3885.0,10
3887.0,5
3889.0,8
3891.0,1
3893.0,6
3895.0,9
3897.0,16
3899.0,27
3901.0,22
3903.0,10
3905.0,5
3907.0,6
3909.0,7
3911.0,3
3913.0,12
3915.0,9
3917.0,6
3919.0,8
3921.0,8
3923.0,6
3925.0,8
3927.0,5
3929.0,10
3931.0,11
3933.0,11
3935.0,6
3937.0,7
3939.0,8
3941.0,19
3943.0,8
3945.0,13
3947.0,6
3949.0,7
3951.0,11
3953.0,4
3955.0,9
3957.0,2
3959.0,9
3961.0,13
3963.0,15
3965.0,15
3967.0,9
3969.0,5
3971.0,4
3973.0,5
3975.0,2
3977.0,4
3979.0,2
3981.0,7
3983.0,6
3985.0,6
3987.0,5
3989.0,3
3991.0,6
3993.0,6
3995.0,2
3997.0,7
3999.0,8
4001.0,10
4003.0,10
4005.0,9
4007.0,11
4009.0,6
4011.0,12
4013.0,8
4015.0,11
4017.0,6
4019.0,8
4021.0,8
4023.0,7
4025.0,12
4027.0,8
4029.0,7
4031.0,9
4033.0,11
4035.0,8
4037.0,0
4039.0,6
4041.0,7
4043.0,4
4045.0,8
4047.0,4
4049.0,13
4051.0,6
4053.0,2
4055.0,4
4057.0,2
4059.0,5
4061.0,5
4063.0,3
4065.0,3
4067.0,6
4069.0,4
4071.0,4
4073.0,2
4075.0,7
4077.0,2
4079.0,8
4081.0,10
4083.0,19
4085.0,20
4087.0,26
4089.0,6
4091.0,5
4093.0,7
4095.0,6
4097.0,6
4099.0,5
4101.0,8
4103.0,5
4105.0,5
4107.0,4
4109.0,3
4111.0,4
4113.0,2
4115.0,4
4117.0,6
4119.0,6
4121.0,21
4123.0,7
4125.0,5
4127.0,14
4129.0,10
4131.0,4
4133.0,5
4135.0,5
4137.0,5
4139.0,9
4141.0,6
4143.0,6
4145.0,4
4147.0,5
4149.0,0
4151.0,9
4153.0,2
4155.0,5
4157.0,5
4159.0,7
4161.0,8
4163.0,11
4165.0,7
4167.0,9
4169.0,15
4171.0,8
4173.0,6
4175.0,1
4177.0,5
4179.0,4
4181.0,4
4183.0,7
4185.0,4
4187.0,9
4189.0,3
4191.0,6
4193.0,6
4195.0,3
4197.0,8
4199.0,9
4201.0,12
4203.0,6
4205.0,20
4207.0,8
4209.0,8
4211.0,4
4213.0,9
4215.0,4
4217.0,10
4219.0,4
4221.0,8
4223.0,9
4225.0,4
4227.0,3
4229.0,7
4231.0,4
4233.0,6
4235.0,3
4237.0,3
4239.0,5
4241.0,9
4243.0,2
4245.0,6
4247.0,8
4249.0,9
4251.0,9
4253.0,13
4255.0,17
4257.0,14
4259.0,6
4261.0,3
4263.0,2
4265.0,5
4267.0,4
4269.0,11
4271.0,10
4273.0,10
4275.0,5
4277.0,5
4279.0,9
4281.0,12
4283.0,8
4285.0,6
4287.0,7
4289.0,5
4291.0,4
4293.0,2
4295.0,7
4297.0,10
4299.0,14
4301.0,8
4303.0,7
4305.0,4
4307.0,4
4309.0,3
4311.0,6
4313.0,6
4315.0,11
4317.0,6
4319.0,12
4321.0,10
4323.0,10
4325.0,3
4327.0,9
4329.0,11
4331.0,19
4333.0,14
4335.0,8
4337.0,3
4339.0,6
4341.0,13
4343.0,17
4345.0,12
4347.0,10
4349.0,6
4351.0,4
4353.0,6
4355.0,9
4357.0,4
4359.0,3
4361.0,7
4363.0,10
4365.0,9
4367.0,11
4369.0,11
4371.0,8
4373.0,9
4375.0,6
4377.0,7
4379.0,7
4381.0,6
4383.0,3
4385.0,9
4387.0,6
4389.0,4
4391.0,7
4393.0,6
4395.0,7
4397.0,10
4399.0,4
4401.0,7
4403.0,2
4405.0,10
4407.0,9
4409.0,10
4411.0,15
4413.0,36
4415.0,20
4417.0,17
4419.0,4
4421.0,7
4423.0,7
4425.0,7
4427.0,8
4429.0,3
4431.0,6
4433.0,6
4435.0,6
4437.0,7
4439.0,12
4441.0,9
4443.0,7
4445.0,1
4447.0,6
4449.0,3
4451.0,3
4453.0,8
4455.0,3
4457.0,6
4459.0,5
4461.0,8
4463.0,7
4465.0,4
4467.0,9
4469.0,14
4471.0,9
4473.0,7
4475.0,6
4477.0,6
4479.0,5
4481.0,7
4483.0,9
4485.0,3
4487.0,7
4489.0,4
4491.0,2
4493.0,5
4495.0,2
4497.0,7
4499.0,7
4501.0,9
4503.0,6
4505.0,15
4507.0,17
4509.0,8
4511.0,7
4513.0,9
4515.0,11
4517.0,8
4519.0,10
4521.0,5
4523.0,6
4525.0,10
4527.0,4
4529.0,2
4531.0,1
4533.0,8
4535.0,3
4537.0,5
4539.0,8
4541.0,4
4543.0,6
4545.0,15
4547.0,7
4549.0,9
4551.0,7
4553.0,6
4555.0,6
4557.0,8
4559.0,4
4561.0,7
4563.0,12
4565.0,11
4567.0,12
4569.0,7
4571.0,5
4573.0,6
4575.0,3
4577.0,1
4579.0,4
4581.0,4
4583.0,5
4585.0,1
4587.0,5
4589.0,5
4591.0,7
4593.0,5
4595.0,2
4597.0,3
4599.0,4
4601.0,5
4603.0,4
4605.0,17
4607.0,13
4609.0,15
4611.0,22
4613.0,8
4615.0,7
4617.0,6
4619.0,9
4621.0,4
4623.0,7
4625.0,5
4627.0,4
4629.0,0
4631.0,2
4633.0,5
4635.0,6
4637.0,4
4639.0,3
4641.0,3
4643.0,4
4645.0,4
4647.0,3
4649.0,7
4651.0,3
4653.0,1
4655.0,3
4657.0,5
4659.0,15
4661.0,6
4663.0,9
4665.0,10
4667.0,3
4669.0,4
4671.0,3
4673.0,4
4675.0,3
4677.0,1
4679.0,6
4681.0,3
4683.0,6
4685.0,2
4687.0,7
4689.0,4
4691.0,6
4693.0,2
4695.0,7
4697.0,1
4699.0,5
4701.0,4
4703.0,4
4705.0,6
4707.0,1
4709.0,5
4711.0,6
4713.0,3
4715.0,1
4717.0,4
4719.0,4
4721.0,3
4723.0,2
4725.0,2
4727.0,4
4729.0,1
4731.0,5
4733.0,11
4735.0,6
4737.0,8
4739.0,10
4741.0,6
4743.0,5
4745.0,2
4747.0,2
4749.0,4
4751.0,2
4753.0,5
4755.0,1
4757.0,8
4759.0,5
4761.0,6
4763.0,4
4765.0,6
4767.0,5
4769.0,5
4771.0,4
4773.0,7
4775.0,2
4777.0,3
4779.0,2
4781.0,2
4783.0,3
4785.0,3
4787.0,5
4789.0,7
4791.0,4
4793.0,5
4795.0,3
4797.0,7
4799.0,8
4801.0,6
4803.0,8
4805.0,3
4807.0,6
4809.0,13
4811.0,5
4813.0,11
4815.0,6
4817.0,5
4819.0,7
4821.0,8
4823.0,2
4825.0,3
4827.0,1
4829.0,5
4831.0,5
4833.0,8
4835.0,5
4837.0,3
4839.0,8
4841.0,3
4843.0,5
4845.0,3
4847.0,4
4849.0,5
4851.0,3
4853.0,2
4855.0,2
4857.0,8
4859.0,1
4861.0,4
4863.0,1
4865.0,5
4867.0,3
4869.0,3
4871.0,1
4873.0,5
4875.0,2
4877.0,4
4879.0,4
4881.0,3
4883.0,2
4885.0,2
4887.0,4
4889.0,2
4891.0,6
4893.0,2
4895.0,2
4897.0,3
4899.0,3
4901.0,1
4903.0,3
4905.0,3
4907.0,3
4909.0,5
4911.0,9
4913.0,4
4915.0,11
4917.0,11
4919.0,12
4921.0,14
4923.0,5
4925.0,8
4927.0,5
4929.0,6
4931.0,6
4933.0,10
4935.0,6
4937.0,12
4939.0,8
4941.0,5
4943.0,4
4945.0,3
4947.0,3
4949.0,2
4951.0,3
4953.0,1
4955.0,4
4957.0,3
4959.0,5
4961.0,2
4963.0,1
4965.0,2
4967.0,2
4969.0,6
4971.0,3
4973.0,3
4975.0,4
4977.0,1
4979.0,1
4981.0,2
4983.0,3
4985.0,2
4987.0,3
4989.0,2
4991.0,4
4993.0,3
4995.0,1
4997.0,5
4999.0,3
5001.0,4
5003.0,4
5005.0,7
5007.0,3
5009.0,1
5011.0,3
5013.0,6
5015.0,7
5017.0,1
5019.0,5
5021.0,8
5023.0,8
5025.0,6
5027.0,6
5029.0,4
5031.0,5
5033.0,9
5035.0,3
5037.0,0
5039.0,7
5041.0,5
5043.0,5
5045.0,5
5047.0,5
5049.0,5
5051.0,3
5053.0,3
5055.0,5
5057.0,4
5059.0,3
5061.0,5
5063.0,1
5065.0,3
5067.0,3
5069.0,4
5071.0,5
5073.0,3
5075.0,5
5077.0,1
5079.0,2
5081.0,3
5083.0,1
5085.0,2
5087.0,7
5089.0,4
5091.0,3
5093.0,0
5095.0,4
5097.0,2
5099.0,4
5101.0,2
5103.0,2
5105.0,4
5107.0,3
5109.0,7
5111.0,4
5113.0,4
5115.0,2
5117.0,3
5119.0,3
5121.0,3
5123.0,5
5125.0,4
5127.0,3
5129.0,3
5131.0,2
5133.0,2
5135.0,5
5137.0,4
5139.0,3
5141.0,4
5143.0,8
5145.0,6
5147.0,7
5149.0,9
5151.0,8
5153.0,4
5155.0,9
5157.0,5
5159.0,8
5161.0,2
5163.0,5
5165.0,3
5167.0,5
5169.0,6
5171.0,6
5173.0,4
5175.0,4
5177.0,1
5179.0,4
5181.0,5
5183.0,4
5185.0,4
5187.0,7
5189.0,4
5191.0,4
5193.0,5
5195.0,3
5197.0,2
5199.0,0
5201.0,1
5203.0,3
5205.0,0
5207.0,1
5209.0,1
5211.0,1
5213.0,5
5215.0,8
5217.0,1
5219.0,5
5221.0,1
5223.0,3
5225.0,3
5227.0,7
5229.0,9
5231.0,4
5233.0,2
5235.0,5
5237.0,2
5239.0,4
5241.0,9
5243.0,2
5245.0,6
5247.0,6
5249.0,0
5251.0,1
5253.0,3
5255.0,6
5257.0,4
5259.0,3
5261.0,5
5263.0,4
5265.0,11
5267.0,5
5269.0,3
5271.0,5
5273.0,4
5275.0,3
5277.0,4
5279.0,9
5281.0,6
5283.0,3
5285.0,6
5287.0,6
5289.0,2
5291.0,2
5293.0,5
5295.0,10
5297.0,8
5299.0,5
5301.0,3
5303.0,2
5305.0,2
5307.0,6
5309.0,5
5311.0,6
5313.0,6
5315.0,11
5317.0,10
5319.0,3
5321.0,1
5323.0,1
5325.0,1
5327.0,1
5329.0,2
5331.0,4
5333.0,2
5335.0,0
5337.0,2
5339.0,5
5341.0,4
5343.0,5
5345.0,2
5347.0,3
5349.0,3
5351.0,3
5353.0,1
5355.0,4
5357.0,3
5359.0,0
5361.0,1
5363.0,4
5365.0,2
5367.0,2
5369.0,2
5371.0,2
5373.0,4
5375.0,0
5377.0,2
5379.0,0
5381.0,1
5383.0,4
5385.0,0
5387.0,6
5389.0,5
5391.0,9
5393.0,7
5395.0,3
5397.0,7
5399.0,6
5401.0,1
5403.0,0
5405.0,5
5407.0,5
5409.0,3
5411.0,0
5413.0,3
5415.0,2
5417.0,1
5419.0,6
5421.0,2
5423.0,2
5425.0,1
5427.0,2
5429.0,5
5431.0,2
5433.0,1
5435.0,5
5437.0,5
5439.0,3
5441.0,5
5443.0,5
5445.0,5
5447.0,2
5449.0,7
5451.0,7
5453.0,1
5455.0,2
5457.0,2
5459.0,2
5461.0,5
5463.0,6
5465.0,3
5467.0,3
5469.0,3
5471.0,2
5473.0,3
5475.0,3
5477.0,4
5479.0,6
5481.0,4
5483.0,3
5485.0,2
5487.0,3
5489.0,1
5491.0,1
5493.0,6
5495.0,4
5497.0,2
5499.0,5
5501.0,5
5503.0,4
5505.0,1
5507.0,3
5509.0,1
5511.0,4
5513.0,1
5515.0,1
5517.0,2
5519.0,6
5521.0,4
5523.0,6
5525.0,6
5527.0,3
5529.0,10
5531.0,6
5533.0,3
5535.0,5
5537.0,9
5539.0,2
5541.0,6
5543.0,4
5545.0,2
5547.0,2
5549.0,3
5551.0,3
5553.0,1
5555.0,6
5557.0,3
5559.0,3
5561.0,4
5563.0,1
5565.0,2
5567.0,3
5569.0,1
5571.0,2
5573.0,4
5575.0,1
5577.0,4
5579.0,1
5581.0,6
5583.0,3
5585.0,7
5587.0,6
5589.0,3
5591.0,6
5593.0,2
5595.0,3
5597.0,1
5599.0,4
5601.0,7
5603.0,3
5605.0,2
5607.0,1
5609.0,3
5611.0,0
5613.0,4
5615.0,3
5617.0,3
5619.0,3
5621.0,2
5623.0,3
5625.0,1
5627.0,3
5629.0,5
5631.0,3
5633.0,5
5635.0,4
5637.0,3
5639.0,2
5641.0,0
5643.0,0
5645.0,3
5647.0,0
5649.0,3
5651.0,2
5653.0,5
5655.0,3
5657.0,2
5659.0,6
5661.0,2
5663.0,6
5665.0,2
5667.0,3
5669.0,5
5671.0,6
5673.0,7
5675.0,2
5677.0,1
5679.0,1
5681.0,10
5683.0,2
5685.0,3
5687.0,2
5689.0,1
5691.0,2
5693.0,1
5695.0,1
5697.0,0
5699.0,2
5701.0,3
5703.0,5
5705.0,1
5707.0,2
5709.0,4
5711.0,4
5713.0,2
5715.0,5
5717.0,3
5719.0,6
5721.0,4
5723.0,5
5725.0,1
5727.0,4
5729.0,6
5731.0,3
5733.0,5
5735.0,1
5737.0,6
5739.0,1
5741.0,2
5743.0,3
5745.0,2
5747.0,3
5749.0,2
5751.0,2
5753.0,5
5755.0,5
5757.0,6
5759.0,3
5761.0,3
5763.0,2
5765.0,2
5767.0,1
5769.0,1
5771.0,4
5773.0,4
5775.0,0
5777.0,1
5779.0,1
5781.0,3
5783.0,1
5785.0,1
5787.0,2
5789.0,3
5791.0,0
5793.0,1
5795.0,0
5797.0,3
5799.0,3
5801.0,1
5803.0,6
5805.0,4
5807.0,3
5809.0,3
5811.0,2
5813.0,4
5815.0,6
5817.0,2
5819.0,2
5821.0,4
5823.0,5
5825.0,2
5827.0,0
5829.0,0
5831.0,1
5833.0,4
5835.0,2
5837.0,4
5839.0,2
5841.0,4
5843.0,0
5845.0,5
5847.0,4
5849.0,1
5851.0,4
5853.0,6
5855.0,4
5857.0,2
5859.0,4
5861.0,2
5863.0,3
5865.0,3
5867.0,1
5869.0,3
5871.0,2
5873.0,3
5875.0,6
5877.0,3
5879.0,3
5881.0,1
5883.0,4
5885.0,3
5887.0,5
5889.0,2
5891.0,2
5893.0,3
5895.0,4
5897.0,2
5899.0,5
5901.0,1
5903.0,3
5905.0,0
5907.0,3
5909.0,2
5911.0,2
5913.0,0
5915.0,1
5917.0,3
5919.0,3
5921.0,6
5923.0,2
5925.0,3
5927.0,2
5929.0,4
5931.0,3
5933.0,5
5935.0,3
5937.0,1
5939.0,3
5941.0,1
5943.0,2
5945.0,3
5947.0,1
5949.0,4
5951.0,3
5953.0,1
5955.0,2
5957.0,5
5959.0,7
5961.0,4
5963.0,1
5965.0,5
5967.0,3
5969.0,2
5971.0,3
5973.0,4
5975.0,0
5977.0,1
5979.0,5
5981.0,4
5983.0,2
5985.0,7
5987.0,6
5989.0,2
5991.0,3
5993.0,1
5995.0,1
5997.0,4
5999.0,5
6001.0,1
6003.0,2
6005.0,0
6007.0,5
6009.0,2
6011.0,5
6013.0,5
6015.0,0
6017.0,1
6019.0,2
6021.0,1
6023.0,3
6025.0,1
6027.0,1
6029.0,2
6031.0,0
6033.0,3
6035.0,2
6037.0,4
6039.0,2
6041.0,2
6043.0,2
6045.0,2
6047.0,3
6049.0,2
6051.0,1
6053.0,2
6055.0,2
6057.0,2
6059.0,0
6061.0,7
6063.0,1
6065.0,1
6067.0,0
6069.0,0
6071.0,4
6073.0,4
6075.0,3
6077.0,3
6079.0,4
6081.0,1
6083.0,5
6085.0,1
6087.0,10
6089.0,4
6091.0,3
6093.0,1
6095.0,2
6097.0,2
6099.0,2
6101.0,7
6103.0,6
6105.0,3
6107.0,2
6109.0,1
6111.0,5
6113.0,2
6115.0,1
6117.0,2
6119.0,2
6121.0,0
6123.0,1
6125.0,0
6127.0,1
6129.0,1
6131.0,1
6133.0,2
6135.0,2
6137.0,1
6139.0,9
6141.0,1
6143.0,1
6145.0,2
6147.0,2
6149.0,3
6151.0,3
6153.0,1
6155.0,1
6157.0,2
6159.0,1
6161.0,3
6163.0,2
6165.0,2
6167.0,2
6169.0,2
6171.0,3
6173.0,4
6175.0,5
6177.0,2
6179.0,0
6181.0,0
6183.0,2
6185.0,3
6187.0,0
6189.0,4
6191.0,2
6193.0,3
6195.0,1
6197.0,1
6199.0,3
6201.0,4
6203.0,1
6205.0,3
6207.0,0
6209.0,1
6211.0,1
6213.0,0
6215.0,0
6217.0,1
6219.0,0
6221.0,1
6223.0,1
6225.0,2
6227.0,2
6229.0,5
6231.0,0
6233.0,1
6235.0,0
6237.0,2
6239.0,0
6241.0,3
6243.0,8
6245.0,6
6247.0,4
6249.0,2
6251.0,3
6253.0,5
6255.0,1
6257.0,1
6259.0,0
6261.0,2
6263.0,2
6265.0,4
6267.0,6
6269.0,3
6271.0,1
6273.0,0
6275.0,2
6277.0,1
6279.0,0
6281.0,0
6283.0,1
6285.0,1
6287.0,2
6289.0,2
6291.0,0
6293.0,2
6295.0,2
6297.0,0
6299.0,1
6301.0,0
6303.0,0
6305.0,3
6307.0,2
6309.0,0
6311.0,1
6313.0,0
6315.0,3
6317.0,4
6319.0,3
6321.0,1
6323.0,0
6325.0,2
6327.0,1
6329.0,2
6331.0,1
6333.0,3
6335.0,3
6337.0,2
6339.0,2
6341.0,2
6343.0,4
6345.0,2
6347.0,2
6349.0,1
6351.0,0
6353.0,2
6355.0,1
6357.0,0
6359.0,2
6361.0,2
6363.0,2
6365.0,1
6367.0,2
6369.0,3
6371.0,1
6373.0,3
6375.0,2
6377.0,1
6379.0,1
6381.0,1
6383.0,3
6385.0,0
6387.0,1
6389.0,1
6391.0,0
6393.0,1
6395.0,3
6397.0,0
6399.0,3
6401.0,2
6403.0,1
6405.0,1
6407.0,2
6409.0,2
6411.0,0
6413.0,2
6415.0,1
6417.0,2
6419.0,0
6421.0,3
6423.0,3
6425.0,3
6427.0,2
6429.0,1
6431.0,0
6433.0,4
6435.0,3
6437.0,0
6439.0,0
6441.0,2
6443.0,1
6445.0,0
6447.0,1
6449.0,3
6451.0,3
6453.0,1
6455.0,3
6457.0,4
6459.0,4
6461.0,0
6463.0,1
6465.0,0
6467.0,0
6469.0,1
6471.0,0
6473.0,0
6475.0,2
6477.0,1
6479.0,0
6481.0,4
6483.0,3
6485.0,3
6487.0,5
6489.0,1
6491.0,3
6493.0,0
6495.0,2
6497.0,1
6499.0,1
6501.0,0
6503.0,1
6505.0,1
6507.0,1
6509.0,0
6511.0,0
6513.0,0
6515.0,0
6517.0,0
6519.0,2
6521.0,4
6523.0,2
6525.0,2
6527.0,0
6529.0,1
6531.0,2
6533.0,0
6535.0,0
6537.0,2
6539.0,1
6541.0,3
6543.0,0
6545.0,1
6547.0,1
6549.0,2
6551.0,1
6553.0,2
6555.0,2
6557.0,3
6559.0,3
6561.0,1
6563.0,1
6565.0,3
6567.0,1
6569.0,1
6571.0,0
6573.0,2
6575.0,1
6577.0,1
6579.0,2
6581.0,0
6583.0,3
6585.0,2
6587.0,2
6589.0,3
6591.0,2
6593.0,0
6595.0,3
6597.0,0
6599.0,2
6601.0,3
6603.0,4
6605.0,2
6607.0,3
6609.0,2
6611.0,1
6613.0,2
6615.0,0
6617.0,0
6619.0,1
6621.0,1
6623.0,1
6625.0,4
6627.0,1
6629.0,2
6631.0,2
6633.0,0
6635.0,2
6637.0,2
6639.0,0
6641.0,3
6643.0,1
6645.0,0
6647.0,1
6649.0,0
6651.0,1
6653.0,0
6655.0,0
6657.0,1
6659.0,0
6661.0,1
6663.0,2
6665.0,2
6667.0,0
6669.0,2
6671.0,1
6673.0,1
6675.0,1
6677.0,1
6679.0,1
6681.0,0
6683.0,2
6685.0,3
6687.0,0
6689.0,1
6691.0,1
6693.0,1
6695.0,1
6697.0,0
6699.0,1
6701.0,0
6703.0,0
6705.0,2
6707.0,1
6709.0,2
6711.0,1
6713.0,2
6715.0,0
6717.0,1
6719.0,2
6721.0,3
6723.0,3
6725.0,3
6727.0,1
6729.0,3
6731.0,0
6733.0,2
6735.0,1
6737.0,2
6739.0,2
6741.0,2
6743.0,0
6745.0,2
6747.0,2
6749.0,3
6751.0,1
6753.0,2
6755.0,1
6757.0,1
6759.0,3
6761.0,1
6763.0,3
6765.0,1
6767.0,0
6769.0,2
6771.0,0
6773.0,0
6775.0,0
6777.0,0
6779.0,0
6781.0,2
6783.0,1
6785.0,0
6787.0,1
6789.0,0
6791.0,0
6793.0,2
6795.0,2
6797.0,0
6799.0,2
6801.0,1
6803.0,2
6805.0,2
6807.0,3
6809.0,1
6811.0,1
6813.0,0
6815.0,1
6817.0,0
6819.0,1
6821.0,2
6823.0,1
6825.0,2
6827.0,1
6829.0,0
6831.0,1
6833.0,0
6835.0,0
6837.0,1
6839.0,0
6841.0,0
6843.0,0
6845.0,1
6847.0,0
6849.0,1
6851.0,4
6853.0,1
6855.0,1
6857.0,0
6859.0,1
6861.0,2
6863.0,3
6865.0,1
6867.0,3
6869.0,1
6871.0,1
6873.0,0
6875.0,1
6877.0,0
6879.0,2
6881.0,1
6883.0,2
6885.0,1
6887.0,3
6889.0,2
6891.0,2
6893.0,2
6895.0,3
6897.0,0
6899.0,3
6901.0,1
6903.0,0
6905.0,0
6907.0,4
6909.0,2
6911.0,1
6913.0,0
6915.0,0
6917.0,1
6919.0,1
6921.0,0
6923.0,0
6925.0,2
6927.0,1
6929.0,0
6931.0,0
6933.0,3
6935.0,0
6937.0,0
6939.0,1
6941.0,0
6943.0,1
6945.0,0
6947.0,1
6949.0,2
6951.0,1
6953.0,0
6955.0,2
6957.0,2
6959.0,2
6961.0,1
6963.0,0
6965.0,4
6967.0,2
6969.0,0
6971.0,0
6973.0,1
6975.0,0
6977.0,0
6979.0,1
6981.0,1
6983.0,2
6985.0,2
6987.0,1
6989.0,2
6991.0,0
6993.0,0
6995.0,3
6997.0,0
6999.0,1
7001.0,0
7003.0,1
7005.0,1
7007.0,1
7009.0,2
7011.0,0
7013.0,0
7015.0,0
7017.0,2
7019.0,1
7021.0,1
7023.0,1
7025.0,1
7027.0,0
7029.0,0
7031.0,0
7033.0,0
7035.0,1
7037.0,0
7039.0,2
7041.0,1
7043.0,1
7045.0,2
7047.0,1
7049.0,0
7051.0,0
7053.0,0
7055.0,1
7057.0,0
7059.0,2
7061.0,1
7063.0,0
7065.0,0
7067.0,2
7069.0,0
7071.0,2
7073.0,0
7075.0,2
7077.0,3
7079.0,0
7081.0,0
7083.0,1
7085.0,1
7087.0,0
7089.0,3
7091.0,1
7093.0,0
7095.0,0
7097.0,1
7099.0,1
7101.0,0
7103.0,1
7105.0,0
7107.0,2
7109.0,0
7111.0,0
7113.0,1
7115.0,0
7117.0,0
7119.0,1
7121.0,0
7123.0,0
7125.0,0
7127.0,0
7129.0,0
7131.0,2
7133.0,3
7135.0,0
7137.0,0
7139.0,0
7141.0,0
7143.0,0
7145.0,2
7147.0,1
7149.0,1
7151.0,0
7153.0,0
7155.0,0
7157.0,0
7159.0,0
7161.0,0
7163.0,0
7165.0,0
7167.0,1
7169.0,3
7171.0,2
7173.0,0
7175.0,0
7177.0,0
7179.0,0
7181.0,0
7183.0,0
7185.0,1
7187.0,0
7189.0,0
7191.0,2
7193.0,2
7195.0,1
7197.0,0
7199.0,2
7201.0,1
7203.0,2
7205.0,0
7207.0,0
7209.0,1
7211.0,1
7213.0,3
7215.0,0
7217.0,1
7219.0,0
7221.0,0
7223.0,1
7225.0,0
7227.0,0
7229.0,0
7231.0,0
7233.0,0
7235.0,1
7237.0,0
7239.0,1
7241.0,1
7243.0,0
7245.0,0
7247.0,1
7249.0,1
7251.0,0
7253.0,0
7255.0,0
7257.0,0
7259.0,0
7261.0,1
7263.0,1
7265.0,0
7267.0,1
7269.0,0
7271.0,1
7273.0,3
7275.0,1
7277.0,1
7279.0,1
7281.0,0
7283.0,1
7285.0,0
7287.0,1
7289.0,0
7291.0,0
7293.0,2
7295.0,2
7297.0,0
7299.0,1
7301.0,0
7303.0,2
7305.0,1
7307.0,0
7309.0,0
7311.0,0
7313.0,1
7315.0,0
7317.0,0
7319.0,0
7321.0,1
7323.0,0
7325.0,0
7327.0,2
7329.0,3
7331.0,1
7333.0,2
7335.0,0
7337.0,3
7339.0,0
7341.0,1
7343.0,1
7345.0,0
7347.0,1
7349.0,0
7351.0,0
7353.0,0
7355.0,0
7357.0,1
7359.0,2
7361.0,0
7363.0,1
7365.0,0
7367.0,1
7369.0,1
7371.0,0
7373.0,1
7375.0,0
7377.0,0
7379.0,1
7381.0,1
7383.0,1
7385.0,2
7387.0,2
7389.0,2
7391.0,1
7393.0,0
7395.0,0
7397.0,0
7399.0,2
7401.0,0
7403.0,0
7405.0,0
7407.0,0
7409.0,0
7411.0,0
7413.0,1
7415.0,0
7417.0,1
7419.0,0
7421.0,1
7423.0,1
7425.0,0
7427.0,0
7429.0,0
7431.0,0
7433.0,0
7435.0,1
7437.0,1
7439.0,0
7441.0,1
7443.0,1
7445.0,2
7447.0,0
7449.0,0
7451.0,0
7453.0,3
7455.0,3
7457.0,1
7459.0,3
7461.0,0
7463.0,0
7465.0,0
7467.0,0
7469.0,2
7471.0,0
7473.0,0
7475.0,1
7477.0,0
7479.0,1
7481.0,0
7483.0,0
7485.0,0
7487.0,1
7489.0,0
7491.0,4
7493.0,0
7495.0,2
7497.0,1
7499.0,0
7501.0,1
7503.0,0
7505.0,1
7507.0,2
7509.0,1
7511.0,4
7513.0,0
7515.0,1
7517.0,1
7519.0,2
7521.0,2
7523.0,0
7525.0,0
7527.0,0
7529.0,1
7531.0,2
7533.0,1
7535.0,1
7537.0,0
7539.0,0
7541.0,0
7543.0,0
7545.0,0
7547.0,0
7549.0,0
7551.0,0
7553.0,0
7555.0,2
7557.0,1
7559.0,1
7561.0,0
7563.0,1
7565.0,1
7567.0,0
7569.0,0
7571.0,0
7573.0,0
7575.0,0
7577.0,0
7579.0,2
7581.0,1
7583.0,0
7585.0,1
7587.0,0
7589.0,0
7591.0,0
7593.0,1
7595.0,0
7597.0,1
7599.0,1
7601.0,0
7603.0,1
7605.0,0
7607.0,1
7609.0,1
7611.0,0
7613.0,0
7615.0,1
7617.0,0
7619.0,0
7621.0,1
7623.0,2
7625.0,2
7627.0,0
7629.0,0
7631.0,2
7633.0,1
7635.0,0
7637.0,2
7639.0,0
7641.0,1
7643.0,2
7645.0,0
7647.0,1
7649.0,0
7651.0,0
7653.0,0
7655.0,0
7657.0,0
7659.0,0
7661.0,0
7663.0,0
7665.0,0
7667.0,1
7669.0,1
7671.0,0
7673.0,1
7675.0,0
7677.0,2
7679.0,2
7681.0,0
7683.0,0
7685.0,0
7687.0,1
7689.0,0
7691.0,0
7693.0,0
7695.0,0
7697.0,1
7699.0,1
7701.0,1
7703.0,1
7705.0,2
7707.0,0
7709.0,0
7711.0,1
7713.0,0
7715.0,1
7717.0,1
7719.0,0
7721.0,0
7723.0,0
7725.0,2
7727.0,0
7729.0,1
7731.0,0
7733.0,0
7735.0,1
7737.0,2
7739.0,0
7741.0,1
7743.0,1
7745.0,1
7747.0,0
7749.0,2
7751.0,1
7753.0,0
7755.0,0
7757.0,2
7759.0,0
7761.0,0
7763.0,0
7765.0,0
7767.0,0
7769.0,2
7771.0,1
7773.0,0
7775.0,0
7777.0,0
7779.0,1
7781.0,0
7783.0,0
7785.0,1
7787.0,1
7789.0,2
7791.0,0
7793.0,0
7795.0,0
7797.0,1
7799.0,1
7801.0,0
7803.0,0
7805.0,0
7807.0,0
7809.0,1
7811.0,0
7813.0,2
7815.0,0
7817.0,1
7819.0,0
7821.0,0
7823.0,0
7825.0,0
7827.0,0
7829.0,1
7831.0,0
7833.0,0
7835.0,0
7837.0,1
7839.0,0
7841.0,0
7843.0,0
7845.0,0
7847.0,0
7849.0,1
7851.0,0
7853.0,1
7855.0,2
7857.0,0
7859.0,1
7861.0,0
7863.0,0
7865.0,1
7867.0,0
7869.0,2
7871.0,0
7873.0,0
7875.0,2
7877.0,1
7879.0,0
7881.0,1
7883.0,0
7885.0,0
7887.0,1
7889.0,1
7891.0,1
7893.0,1
7895.0,1
7897.0,0
7899.0,1
7901.0,1
7903.0,0
7905.0,0
7907.0,1
7909.0,0
7911.0,1
7913.0,1
7915.0,0
7917.0,0
7919.0,1
7921.0,1
7923.0,0
7925.0,2
7927.0,1
7929.0,0
7931.0,3
7933.0,2
7935.0,2
7937.0,1
7939.0,2
7941.0,0
7943.0,0
7945.0,2
7947.0,0
7949.0,0
7951.0,1
7953.0,0
7955.0,0
7957.0,0
7959.0,0
7961.0,0
7963.0,1
7965.0,2
7967.0,1
7969.0,1
7971.0,1
7973.0,1
7975.0,0
7977.0,0
7979.0,1
7981.0,1
7983.0,2
7985.0,0
7987.0,1
7989.0,3
7991.0,1
7993.0,0
7995.0,0
7997.0,0
7999.0,0
8001.0,0
8003.0,1
8005.0,1
8007.0,1
8009.0,0
8011.0,2
8013.0,2
8015.0,0
8017.0,2
8019.0,4
8021.0,1
8023.0,0
8025.0,2
8027.0,0
8029.0,2
8031.0,1
8033.0,1
8035.0,0
8037.0,2
8039.0,2
8041.0,1
8043.0,1
8045.0,1
8047.0,3
8049.0,1
8051.0,3
8053.0,1
8055.0,0
8057.0,3
8059.0,1
8061.0,0
8063.0,0
8065.0,1
8067.0,3
8069.0,3
8071.0,0
8073.0,1
8075.0,0
8077.0,1
8079.0,1
8081.0,0
8083.0,2
8085.0,1
8087.0,2
8089.0,1
8091.0,4
8093.0,2
8095.0,2
8097.0,3
8099.0,1
8101.0,1
8103.0,3
8105.0,2
8107.0,1
8109.0,2
8111.0,1
8113.0,0
8115.0,0
8117.0,1
8119.0,0
8121.0,1
8123.0,3
8125.0,2
8127.0,1
8129.0,1
8131.0,0
8133.0,3
8135.0,1
8137.0,0
8139.0,1
8141.0,2
8143.0,2
8145.0,2
8147.0,1
8149.0,4
8151.0,5
8153.0,1
8155.0,1
8157.0,2
8159.0,1
8161.0,1
8163.0,1
8165.0,0
8167.0,1
8169.0,4
8171.0,2
8173.0,0
8175.0,2
8177.0,2
8179.0,0
8181.0,2
8183.0,0
8185.0,0
8187.0,0
8189.0,1
8191.0,2
8193.0,2
8195.0,3
8197.0,4
8199.0,3
8201.0,4
8203.0,6
8205.0,4
8207.0,3
8209.0,4
8211.0,1
8213.0,3
8215.0,4
8217.0,1
8219.0,4
8221.0,3
8223.0,3
8225.0,6
8227.0,5
8229.0,5
8231.0,5
8233.0,3
8235.0,4
8237.0,4
8239.0,1
8241.0,4
8243.0,1
8245.0,8
8247.0,7
8249.0,9
8251.0,7
8253.0,7
8255.0,4
8257.0,6
8259.0,10
8261.0,10
8263.0,13
8265.0,11
8267.0,6
8269.0,0
8271.0,1
8273.0,3
8275.0,1
8277.0,2
8279.0,3
8281.0,4
8283.0,4
8285.0,2
8287.0,5
8289.0,3
8291.0,2
8293.0,6
8295.0,10
8297.0,20
8299.0,42
8301.0,61
8303.0,44
8305.0,39
8307.0,75
8309.0,102
8311.0,79
8313.0,29
8315.0,9
8317.0,8
8319.0,7
8321.0,3
8323.0,4
8325.0,2
8327.0,1
8329.0,0
8331.0,2
8333.0,0
8335.0,1
8337.0,1
8339.0,0
8341.0,0
8343.0,0
8345.0,0
8347.0,0
8349.0,1
8351.0,1
8353.0,0
8355.0,0
8357.0,1
8359.0,0
8361.0,0
8363.0,0
8365.0,1
8367.0,0
8369.0,0
8371.0,0
8373.0,0
8375.0,0
8377.0,0
8379.0,0
8381.0,0
8383.0,1
8385.0,1
8387.0,2
8389.0,1
8391.0,1
8393.0,0
8395.0,1
8397.0,1
8399.0,1
8401.0,3
8403.0,3
8405.0,0
8407.0,1
8409.0,1
8411.0,1
8413.0,0
8415.0,0
8417.0,1
8419.0,2
8421.0,0
8423.0,1
8425.0,0
8427.0,0
8429.0,0
8431.0,1
8433.0,0
8435.0,0
8437.0,1
8439.0,1
8441.0,3
8443.0,2
8445.0,1
8447.0,6
8449.0,19
8451.0,31
8453.0,21
8455.0,2
8457.0,0
8459.0,1
8461.0,0
8463.0,2
8465.0,0
8467.0,0
8469.0,1
8471.0,0
8473.0,0
8475.0,0
8477.0,1
8479.0,0
8481.0,0
8483.0,2
8485.0,0
8487.0,0
8489.0,0
8491.0,0
8493.0,0
8495.0,1
8497.0,0
8499.0,0
8501.0,2
8503.0,1
8505.0,0
8507.0,1
8509.0,0
8511.0,0
8513.0,1
8515.0,1
8517.0,0
8519.0,0
8521.0,0
8523.0,1
8525.0,0
8527.0,1
8529.0,0
8531.0,0
8533.0,0
8535.0,1
8537.0,0
8539.0,1
8541.0,0
8543.0,0
8545.0,0
8547.0,0
8549.0,1
8551.0,1
8553.0,0
8555.0,0
8557.0,1
8559.0,1
8561.0,0
8563.0,1
8565.0,2
8567.0,0
8569.0,0
8571.0,0
8573.0,0
8575.0,0
8577.0,0
8579.0,1
8581.0,1
8583.0,1
8585.0,0
8587.0,0
8589.0,1
8591.0,0
8593.0,2
8595.0,0
8597.0,0
8599.0,1
8601.0,0
8603.0,1
8605.0,1
8607.0,0
8609.0,0
8611.0,0
8613.0,0
8615.0,0
8617.0,0
8619.0,1
8621.0,0
8623.0,0
8625.0,0
8627.0,0
8629.0,0
8631.0,0
8633.0,0
8635.0,0
8637.0,0
8639.0,0
8641.0,1
8643.0,0
8645.0,0
8647.0,0
8649.0,0
8651.0,0
8653.0,0
8655.0,1
8657.0,0
8659.0,0
8661.0,1
8663.0,0
8665.0,0
8667.0,0
8669.0,1
8671.0,0
8673.0,0
8675.0,0
8677.0,0
8679.0,0
8681.0,0
8683.0,0
8685.0,1
8687.0,1
8689.0,0
8691.0,0
8693.0,1
8695.0,0
8697.0,0
8699.0,0
8701.0,1
8703.0,1
8705.0,1
8707.0,0
8709.0,0
8711.0,0
8713.0,1
8715.0,1
8717.0,0
8719.0,0
8721.0,0
8723.0,0
8725.0,0
8727.0,1
8729.0,0
8731.0,0
8733.0,0
8735.0,0
8737.0,1
8739.0,1
8741.0,0
8743.0,0
8745.0,1
8747.0,0
8749.0,0
8751.0,1
8753.0,1
8755.0,0
8757.0,1
8759.0,1
8761.0,5
8763.0,1
8765.0,0
8767.0,1
8769.0,4
8771.0,1
8773.0,0
8775.0,1
8777.0,0
8779.0,0
8781.0,0
8783.0,1
8785.0,0
8787.0,1
8789.0,1
8791.0,1
8793.0,1
8795.0,0
8797.0,0
8799.0,0
8801.0,2
8803.0,1
8805.0,0
8807.0,0
8809.0,0
8811.0,1
8813.0,1
8815.0,0
8817.0,0
8819.0,0
8821.0,0
8823.0,0
8825.0,0
8827.0,0
8829.0,0
8831.0,0
8833.0,0
8835.0,0
8837.0,1
8839.0,2
8841.0,6
8843.0,9
8845.0,3
8847.0,1
8849.0,3
8851.0,0
8853.0,3
8855.0,0
8857.0,1
8859.0,0
8861.0,1
8863.0,0
8865.0,1
8867.0,0
8869.0,0
8871.0,2
8873.0,1
8875.0,1
8877.0,0
8879.0,0
8881.0,0
8883.0,1
8885.0,1
8887.0,1
8889.0,1
8891.0,2
8893.0,1
8895.0,2
8897.0,0
8899.0,0
8901.0,1
8903.0,1
8905.0,1
8907.0,1
8909.0,2
8911.0,1
8913.0,2
8915.0,2
8917.0,1
8919.0,1
8921.0,0
8923.0,0
8925.0,1
8927.0,3
8929.0,3
8931.0,0
8933.0,1
8935.0,1
8937.0,1
8939.0,2
8941.0,4
8943.0,4
8945.0,3
8947.0,1
8949.0,1
8951.0,1
8953.0,2
8955.0,1
8957.0,0
8959.0,1
8961.0,3
8963.0,5
8965.0,2
8967.0,1
8969.0,0
8971.0,2
8973.0,3
8975.0,7
8977.0,6
8979.0,6
8981.0,1
8983.0,2
8985.0,0
8987.0,1
8989.0,1
8991.0,0
8993.0,1
8995.0,1
8997.0,7
8999.0,8
9001.0,3
9003.0,0
9005.0,1
9007.0,0
9009.0,2
9011.0,1
9013.0,2
9015.0,5
9017.0,7
9019.0,4
9021.0,5
9023.0,8
9025.0,1
9027.0,1
9029.0,1
9031.0,0
9033.0,1
9035.0,0
9037.0,0
9039.0,0
9041.0,0
9043.0,1
9045.0,2
9047.0,2
9049.0,2
9051.0,1
9053.0,2
9055.0,6
9057.0,3
9059.0,7
9061.0,13
9063.0,12
9065.0,9
9067.0,2
9069.0,1
9071.0,3
9073.0,0
9075.0,5
9077.0,2
9079.0,0
9081.0,1
9083.0,2
9085.0,1
9087.0,6
9089.0,5
9091.0,13
9093.0,22
9095.0,29
9097.0,23
9099.0,24
9101.0,13
9103.0,12
9105.0,4
9107.0,0
9109.0,1
9111.0,1
9113.0,1
9115.0,3
9117.0,0
9119.0,2
9121.0,6
9123.0,11
9125.0,20
9127.0,60
9129.0,85
9131.0,78
9133.0,64
9135.0,32
9137.0,10
9139.0,9
9141.0,10
9143.0,8
9145.0,4
9147.0,2
9149.0,1
9151.0,1
9153.0,1
9155.0,2
9157.0,1
9159.0,2
9161.0,2
9163.0,7
9165.0,0
9167.0,1
9169.0,0
9171.0,0
9173.0,0
9175.0,0
9177.0,0
9179.0,0
9181.0,1
9183.0,0
9185.0,0
9187.0,0
9189.0,0
9191.0,0
9193.0,2
9195.0,0
9197.0,0
9199.0,0
9201.0,0
9203.0,1
9205.0,0
9207.0,0
9209.0,0
9211.0,0
9213.0,0
9215.0,0
9217.0,0
9219.0,0
9221.0,1
9223.0,0
9225.0,0
9227.0,1
9229.0,0
9231.0,0
9233.0,0
9235.0,0
9237.0,0
9239.0,0
9241.0,0
9243.0,0
9245.0,1
9247.0,1
9249.0,2
9251.0,0
9253.0,0
9255.0,0
9257.0,1
9259.0,1
9261.0,0
9263.0,0
9265.0,0
9267.0,1
9269.0,0
9271.0,1
9273.0,0
9275.0,0
9277.0,0
9279.0,0
9281.0,0
9283.0,0
9285.0,0
9287.0,1
9289.0,0
9291.0,0
9293.0,0
9295.0,0
9297.0,1
9299.0,0
9301.0,0
9303.0,0
9305.0,0
9307.0,0
9309.0,0
9311.0,1
9313.0,0
9315.0,1
9317.0,0
9319.0,2
9321.0,0
9323.0,0
9325.0,2
9327.0,0
9329.0,0
9331.0,0
9333.0,0
9335.0,0
9337.0,0
9339.0,0
9341.0,0
9343.0,0
9345.0,0
9347.0,0
9349.0,0
9351.0,1
9353.0,1
9355.0,0
9357.0,0
9359.0,0
9361.0,1
9363.0,1
9365.0,0
9367.0,1
9369.0,0
9371.0,0
9373.0,0
9375.0,1
9377.0,0
9379.0,0
9381.0,1
9383.0,2
9385.0,1
9387.0,1
9389.0,0
9391.0,1
9393.0,0
9395.0,0
9397.0,1
9399.0,0
9401.0,0
9403.0,0
9405.0,0
9407.0,1
9409.0,0
9411.0,0
9413.0,0
9415.0,1
9417.0,0
9419.0,1
9421.0,0
9423.0,0
9425.0,0
9427.0,0
9429.0,0
9431.0,0
9433.0,2
9435.0,1
9437.0,0
9439.0,0
9441.0,0
9443.0,0
9445.0,1
9447.0,2
9449.0,0
9451.0,0
9453.0,0
9455.0,2
9457.0,0
9459.0,0
9461.0,1
9463.0,0
9465.0,0
9467.0,1
9469.0,0
9471.0,0
9473.0,2
9475.0,0
9477.0,1
9479.0,0
9481.0,0
9483.0,0
9485.0,0
9487.0,0
9489.0,0
9491.0,0
9493.0,0
9495.0,0
9497.0,0
9499.0,1
9501.0,0
9503.0,1
9505.0,0
9507.0,1
9509.0,0
9511.0,1
9513.0,0
9515.0,2
9517.0,1
9519.0,1
9521.0,1
9523.0,0
9525.0,0
9527.0,0
9529.0,0
9531.0,1
9533.0,0
9535.0,2
9537.0,0
9539.0,0
9541.0,1
9543.0,0
9545.0,0
9547.0,0
9549.0,2
9551.0,1
9553.0,0
9555.0,0
9557.0,0
9559.0,1
9561.0,2
9563.0,0
9565.0,0
9567.0,0
9569.0,0
9571.0,0
9573.0,0
9575.0,1
9577.0,1
9579.0,1
9581.0,0
9583.0,0
9585.0,0
9587.0,0
9589.0,0
9591.0,0
9593.0,0
9595.0,0
9597.0,1
9599.0,0
9601.0,1
9603.0,1
9605.0,0
9607.0,1
9609.0,1
9611.0,0
9613.0,4
9615.0,0
9617.0,1
9619.0,2
9621.0,2
9623.0,0
9625.0,1
9627.0,2
9629.0,3
9631.0,1
9633.0,1
9635.0,2
9637.0,4
9639.0,0
9641.0,1
9643.0,1
9645.0,3
9647.0,2
9649.0,2
9651.0,1
9653.0,0
9655.0,2
9657.0,0
9659.0,0
9661.0,0
9663.0,1
9665.0,1
9667.0,2
9669.0,0
9671.0,1
9673.0,0
9675.0,0
9677.0,1
9679.0,1
9681.0,1
9683.0,0
9685.0,2
9687.0,1
9689.0,5
9691.0,9
9693.0,17
9695.0,5
9697.0,4
9699.0,2
9701.0,5
9703.0,2
9705.0,0
9707.0,2
9709.0,1
9711.0,0
9713.0,2
9715.0,1
9717.0,0
9719.0,0
9721.0,1
9723.0,0
9725.0,0
9727.0,0
9729.0,2
9731.0,0
9733.0,1
9735.0,0
9737.0,0
9739.0,1
9741.0,0
9743.0,0
9745.0,0
9747.0,2
9749.0,2
9751.0,1
9753.0,0
9755.0,0
9757.0,0
9759.0,0
9761.0,0
9763.0,0
9765.0,0
9767.0,0
9769.0,1
9771.0,0
9773.0,0
9775.0,0
9777.0,0
9779.0,0
9781.0,1
9783.0,0
9785.0,0
9787.0,0
9789.0,0
9791.0,1
9793.0,0
9795.0,0
9797.0,0
9799.0,0
9801.0,0
9803.0,0
9805.0,0
9807.0,0
9809.0,0
9811.0,0
9813.0,1
9815.0,1
9817.0,1
9819.0,0
9821.0,0
9823.0,0
9825.0,0
9827.0,0
9829.0,0
9831.0,0
9833.0,0
9835.0,0
9837.0,0
9839.0,0
9841.0,0
9843.0,1
9845.0,0
9847.0,0
9849.0,0
9851.0,1
9853.0,0
9855.0,1
9857.0,1
9859.0,0
9861.0,1
9863.0,0
9865.0,1
9867.0,0
9869.0,0
9871.0,0
9873.0,1
9875.0,1
9877.0,0
9879.0,3
9881.0,1
9883.0,0
9885.0,0
9887.0,0
9889.0,1
9891.0,0
9893.0,1
9895.0,1
9897.0,0
9899.0,0
9901.0,0
9903.0,0
9905.0,0
9907.0,0
9909.0,1
9911.0,0
9913.0,0
9915.0,0
9917.0,0
9919.0,0
9921.0,1
9923.0,1
9925.0,0
9927.0,1
9929.0,0
9931.0,0
9933.0,3
9935.0,1
9937.0,0
9939.0,0
9941.0,1
9943.0,0
9945.0,0
9947.0,1
9949.0,0
9951.0,0
9953.0,0
9955.0,0
9957.0,0
9959.0,0
9961.0,0
9963.0,0
9965.0,0
9967.0,0
9969.0,0
9971.0,0
9973.0,0
9975.0,1
9977.0,0
9979.0,0
9981.0,1
9983.0,1
9985.0,0
9987.0,0
9989.0,2
9991.0,0
9993.0,0
9995.0,0
9997.0,1
9999.0,1
10001.0,0
10003.0,1
10005.0,1
10007.0,0
10009.0,1
10011.0,1
10013.0,0
10015.0,0
10017.0,0
10019.0,0
10021.0,1
10023.0,1
10025.0,0
10027.0,0
10029.0,0
10031.0,0
10033.0,0
10035.0,0
10037.0,0
10039.0,1
10041.0,1
10043.0,2
10045.0,0
10047.0,0
10049.0,0
10051.0,0
10053.0,2
10055.0,1
10057.0,0
10059.0,0
10061.0,0
10063.0,0
10065.0,0
10067.0,0
10069.0,0
10071.0,0
10073.0,0
10075.0,0
10077.0,2
10079.0,2
10081.0,0
10083.0,1
10085.0,0
10087.0,0
10089.0,0
10091.0,2
10093.0,0
10095.0,0
10097.0,0
10099.0,0
10101.0,1
10103.0,1
10105.0,0
10107.0,2
10109.0,1
10111.0,1
10113.0,2
10115.0,1
10117.0,0
10119.0,0
10121.0,1
10123.0,0
10125.0,2
10127.0,2
10129.0,1
10131.0,2
10133.0,0
10135.0,0
10137.0,0
10139.0,0
10141.0,1
10143.0,0
10145.0,2
10147.0,1
10149.0,2
10151.0,0
10153.0,0
10155.0,0
10157.0,0
10159.0,1
10161.0,2
10163.0,0
10165.0,0
10167.0,0
10169.0,0
10171.0,1
10173.0,3
10175.0,2
10177.0,1
10179.0,1
10181.0,0
10183.0,2
10185.0,0
10187.0,2
10189.0,3
10191.0,1
10193.0,0
10195.0,0
10197.0,3
10199.0,1
10201.0,0
10203.0,0
10205.0,1
10207.0,1
10209.0,2
10211.0,1
10213.0,2
10215.0,1
10217.0,4
10219.0,3
10221.0,2
10223.0,1
10225.0,3
10227.0,0
10229.0,1
10231.0,0
10233.0,1
10235.0,0
10237.0,2
10239.0,1
10241.0,1
10243.0,1
10245.0,1
10247.0,1
10249.0,2
10251.0,2
10253.0,0
10255.0,2
10257.0,2
10259.0,1
10261.0,2
10263.0,5
10265.0,2
10267.0,3
10269.0,4
10271.0,2
10273.0,3
10275.0,2
10277.0,1
10279.0,4
10281.0,1
10283.0,2
10285.0,1
10287.0,1
10289.0,2
10291.0,2
10293.0,0
10295.0,1
10297.0,2
10299.0,3
10301.0,2
10303.0,1
10305.0,3
10307.0,2
10309.0,3
10311.0,2
10313.0,1
10315.0,6
10317.0,10
10319.0,9
10321.0,3
10323.0,7
10325.0,7
10327.0,2
10329.0,1
10331.0,1
10333.0,2
10335.0,5
10337.0,2
10339.0,1
10341.0,4
10343.0,0
10345.0,2
10347.0,0
10349.0,5
10351.0,4
10353.0,2
10355.0,2
10357.0,1
10359.0,4
10361.0,4
10363.0,2
10365.0,0
10367.0,5
10369.0,3
10371.0,2
10373.0,4
10375.0,3
10377.0,1
10379.0,8
10381.0,5
10383.0,2
10385.0,4
10387.0,1
10389.0,2
10391.0,4
10393.0,1
10395.0,2
10397.0,2
10399.0,4
10401.0,3
10403.0,2
10405.0,6
10407.0,21
10409.0,19
10411.0,8
10413.0,11
10415.0,11
10417.0,7
10419.0,3
10421.0,4
10423.0,6
10425.0,4
10427.0,3
10429.0,5
10431.0,2
10433.0,2
10435.0,0
10437.0,4
10439.0,3
10441.0,2
10443.0,2
10445.0,3
10447.0,6
10449.0,4
10451.0,3
10453.0,4
10455.0,2
10457.0,3
10459.0,3
10461.0,2
10463.0,0
10465.0,2
10467.0,1
10469.0,0
10471.0,2
10473.0,0
10475.0,2
10477.0,1
10479.0,0
10481.0,1
10483.0,0
10485.0,0
10487.0,0
10489.0,1
10491.0,3
10493.0,1
10495.0,1
10497.0,0
10499.0,3
10501.0,3
10503.0,4
10505.0,4
10507.0,5
10509.0,1
10511.0,5
10513.0,2
10515.0,4
10517.0,0
10519.0,1
10521.0,3
10523.0,0
10525.0,0
10527.0,1
10529.0,3
10531.0,1
10533.0,2
10535.0,1
10537.0,1
10539.0,1
10541.0,2
10543.0,0
10545.0,0
10547.0,0
10549.0,1
10551.0,1
10553.0,0
10555.0,0
10557.0,1
10559.0,2
10561.0,0
10563.0,0
10565.0,1
10567.0,0
10569.0,0
10571.0,1
10573.0,0
10575.0,1
10577.0,0
10579.0,0
10581.0,0
10583.0,0
10585.0,0
10587.0,0
10589.0,0
10591.0,0
10593.0,0
10595.0,1
10597.0,0
10599.0,0
10601.0,0
10603.0,1
10605.0,1
10607.0,1
10609.0,0
10611.0,2
10613.0,0
10615.0,0
10617.0,0
10619.0,1
10621.0,1
10623.0,0
10625.0,0
10627.0,0
10629.0,2
10631.0,0
10633.0,0
10635.0,0
10637.0,1
10639.0,0
10641.0,0
10643.0,0
10645.0,2
10647.0,2
10649.0,0
10651.0,0
10653.0,1
10655.0,1
10657.0,2
10659.0,0
10661.0,2
10663.0,1
10665.0,0
10667.0,0
10669.0,0
10671.0,0
10673.0,1
10675.0,2
10677.0,1
10679.0,2
10681.0,3
10683.0,2
10685.0,0
10687.0,1
10689.0,0
10691.0,1
10693.0,0
10695.0,1
10697.0,0
10699.0,2
10701.0,0
10703.0,0
10705.0,2
10707.0,3
10709.0,6
10711.0,2
10713.0,0
10715.0,0
10717.0,0
10719.0,2
10721.0,2
10723.0,0
10725.0,0
10727.0,1
10729.0,2
10731.0,1
10733.0,0
10735.0,0
10737.0,0
10739.0,1
10741.0,0
10743.0,1
10745.0,0
10747.0,2
10749.0,1
10751.0,1
10753.0,1
10755.0,0
10757.0,0
10759.0,1
10761.0,0
10763.0,1
10765.0,1
10767.0,0
10769.0,0
10771.0,1
10773.0,0
10775.0,0
10777.0,1
10779.0,1
10781.0,0
10783.0,0
10785.0,1
10787.0,0
10789.0,1
10791.0,0
10793.0,1
10795.0,0
10797.0,0
10799.0,1
10801.0,0
10803.0,1
10805.0,1
10807.0,0
10809.0,0
10811.0,0
10813.0,0
10815.0,1
10817.0,2
10819.0,0
10821.0,0
10823.0,1
10825.0,1
10827.0,1
10829.0,1
10831.0,0
10833.0,0
10835.0,0
10837.0,1
10839.0,1
10841.0,0
10843.0,1
10845.0,0
10847.0,0
10849.0,1
10851.0,0
10853.0,0
10855.0,0
10857.0,0
10859.0,1
10861.0,0
10863.0,0
10865.0,1
10867.0,1
10869.0,0
10871.0,0
10873.0,3
10875.0,0
10877.0,0
10879.0,1
10881.0,0
10883.0,1
10885.0,2
10887.0,0
10889.0,1
10891.0,0
10893.0,1
10895.0,0
10897.0,0
10899.0,0
10901.0,0
10903.0,1
10905.0,1
10907.0,0
10909.0,0
10911.0,0
10913.0,1
10915.0,0
10917.0,1
10919.0,0
10921.0,0
10923.0,0
10925.0,0
10927.0,0
10929.0,0
10931.0,1
10933.0,0
10935.0,1
10937.0,0
10939.0,0
10941.0,0
10943.0,0
10945.0,0
10947.0,0
10949.0,0
10951.0,0
10953.0,1
10955.0,1
10957.0,0
10959.0,0
10961.0,0
10963.0,1
10965.0,2
10967.0,2
10969.0,1
10971.0,0
10973.0,0
10975.0,2
10977.0,1
10979.0,0
10981.0,0
10983.0,0
10985.0,0
10987.0,0
10989.0,0
10991.0,0
10993.0,1
10995.0,0
10997.0,0
10999.0,0
11001.0,0
11003.0,0
11005.0,0
11007.0,0
11009.0,1
11011.0,2
11013.0,1
11015.0,0
11017.0,2
11019.0,1
11021.0,0
11023.0,0
11025.0,0
11027.0,0
11029.0,0
11031.0,1
11033.0,2
11035.0,0
11037.0,2
11039.0,0
11041.0,1
11043.0,0
11045.0,0
11047.0,0
11049.0,0
11051.0,0
11053.0,0
11055.0,0
11057.0,0
11059.0,0
11061.0,0
11063.0,1
11065.0,0
11067.0,2
11069.0,0
11071.0,0
11073.0,0
11075.0,0
11077.0,0
11079.0,1
11081.0,0
11083.0,0
11085.0,0
11087.0,0
11089.0,1
11091.0,0
11093.0,0
11095.0,0
11097.0,0
11099.0,1
11101.0,1
11103.0,1
11105.0,0
11107.0,1
11109.0,1
11111.0,0
11113.0,0
11115.0,0
11117.0,0
11119.0,1
11121.0,0
11123.0,0
11125.0,0
11127.0,0
11129.0,0
11131.0,0
11133.0,0
11135.0,0
11137.0,0
11139.0,0
11141.0,0
11143.0,0
11145.0,0
11147.0,0
11149.0,0
11151.0,0
11153.0,0
11155.0,0
11157.0,0
11159.0,0
11161.0,0
11163.0,0
11165.0,0
11167.0,0
11169.0,0
11171.0,0
11173.0,0
11175.0,0
11177.0,0
11179.0,0
11181.0,1
11183.0,0
11185.0,0
11187.0,1
11189.0,1
11191.0,0
11193.0,0
11195.0,0
11197.0,0
11199.0,1
11201.0,0
11203.0,0
11205.0,1
11207.0,0
11209.0,1
11211.0,0
11213.0,1
11215.0,0
11217.0,0
11219.0,1
11221.0,0
11223.0,0
11225.0,0
11227.0,0
11229.0,0
11231.0,0
11233.0,0
11235.0,0
11237.0,1
11239.0,0
11241.0,0
11243.0,0
11245.0,1
11247.0,0
11249.0,0
11251.0,0
11253.0,0
11255.0,0
11257.0,1
11259.0,1
11261.0,0
11263.0,0
11265.0,0
11267.0,1
11269.0,0
11271.0,1
11273.0,0
11275.0,0
11277.0,0
11279.0,0
11281.0,1
11283.0,1
11285.0,1
11287.0,1
11289.0,0
11291.0,0
11293.0,1
11295.0,0
11297.0,0
11299.0,0
11301.0,0
11303.0,1
11305.0,0
11307.0,0
11309.0,0
11311.0,0
11313.0,0
11315.0,1
11317.0,0
11319.0,0
11321.0,1
11323.0,0
11325.0,1
11327.0,0
11329.0,0
11331.0,1
11333.0,1
11335.0,0
11337.0,0
11339.0,0
11341.0,0
11343.0,0
11345.0,1
11347.0,0
11349.0,1
11351.0,3
11353.0,0
11355.0,1
11357.0,0
11359.0,0
11361.0,1
11363.0,1
11365.0,0
11367.0,1
11369.0,0
11371.0,2
11373.0,0
11375.0,0
11377.0,1
11379.0,1
11381.0,1
11383.0,0
11385.0,1
11387.0,1
11389.0,1
11391.0,0
11393.0,1
11395.0,0
11397.0,0
11399.0,1
11401.0,1
11403.0,0
11405.0,0
11407.0,0
11409.0,1
11411.0,0
11413.0,0
11415.0,0
11417.0,0
11419.0,0
11421.0,0
11423.0,1
11425.0,0
11427.0,0
11429.0,0
11431.0,0
11433.0,0
11435.0,0
11437.0,1
11439.0,0
11441.0,1
11443.0,1
11445.0,2
11447.0,0
11449.0,0
11451.0,1
11453.0,0
11455.0,1
11457.0,0
11459.0,1
11461.0,0
11463.0,1
11465.0,1
11467.0,0
11469.0,0
11471.0,0
11473.0,1
11475.0,0
11477.0,0
11479.0,0
11481.0,1
11483.0,2
11485.0,2
11487.0,1
11489.0,1
11491.0,2
11493.0,0
11495.0,1
11497.0,0
11499.0,0
11501.0,0
11503.0,0
11505.0,0
11507.0,0
11509.0,0
11511.0,4
11513.0,1
11515.0,0
11517.0,1
11519.0,0
11521.0,0
11523.0,0
11525.0,1
11527.0,0
11529.0,2
11531.0,0
11533.0,0
11535.0,1
11537.0,1
11539.0,0
11541.0,0
11543.0,1
11545.0,0
11547.0,3
11549.0,2
11551.0,0
11553.0,1
11555.0,0
11557.0,1
11559.0,0
11561.0,1
11563.0,1
11565.0,0
11567.0,0
11569.0,0
11571.0,0
11573.0,0
11575.0,0
11577.0,1
11579.0,0
11581.0,0
11583.0,2
11585.0,1
11587.0,1
11589.0,1
11591.0,0
11593.0,3
11595.0,3
11597.0,1
11599.0,2
11601.0,1
11603.0,2
11605.0,1
11607.0,1
11609.0,0
11611.0,0
11613.0,0
11615.0,0
11617.0,0
11619.0,1
11621.0,1
11623.0,1
11625.0,2
11627.0,0
11629.0,0
11631.0,0
11633.0,1
11635.0,2
11637.0,0
11639.0,2
11641.0,2
11643.0,2
11645.0,2
11647.0,0
11649.0,3
11651.0,3
11653.0,1
11655.0,2
11657.0,3
11659.0,2
11661.0,0
11663.0,1
11665.0,0
11667.0,0
11669.0,0
11671.0,0
11673.0,0
11675.0,0
11677.0,0
11679.0,1
11681.0,1
11683.0,0
11685.0,3
11687.0,1
11689.0,2
11691.0,0
11693.0,0
11695.0,2
11697.0,0
11699.0,0
11701.0,0
11703.0,1
11705.0,0
11707.0,1
11709.0,0
11711.0,2
11713.0,0
11715.0,1
11717.0,1
11719.0,1
11721.0,0
11723.0,3
11725.0,1
11727.0,4
11729.0,0
11731.0,3
11733.0,3
11735.0,0
11737.0,0
11739.0,0
11741.0,1
11743.0,1
11745.0,0
11747.0,0
11749.0,0
11751.0,0
11753.0,0
11755.0,0
11757.0,1
11759.0,0
11761.0,0
11763.0,0
11765.0,1
11767.0,1
11769.0,0
11771.0,0
11773.0,1
11775.0,0
11777.0,1
11779.0,0
11781.0,0
11783.0,0
11785.0,0
11787.0,0
11789.0,1
11791.0,0
11793.0,0
11795.0,2
11797.0,0
11799.0,0
11801.0,0
11803.0,0
11805.0,0
11807.0,0
11809.0,0
11811.0,0
11813.0,0
11815.0,0
11817.0,0
11819.0,0
11821.0,0
11823.0,0
11825.0,0
11827.0,0
11829.0,0
11831.0,0
11833.0,1
11835.0,0
11837.0,0
11839.0,0
11841.0,0
11843.0,0
11845.0,0
11847.0,0
11849.0,1
11851.0,0
11853.0,0
11855.0,0
11857.0,0
11859.0,0
11861.0,0
11863.0,0
11865.0,1
11867.0,1
11869.0,1
11871.0,1
11873.0,0
11875.0,0
11877.0,0
11879.0,1
11881.0,1
11883.0,0
11885.0,2
11887.0,1
11889.0,1
11891.0,0
11893.0,1
11895.0,0
11897.0,0
11899.0,0
11901.0,0
11903.0,0
11905.0,0
11907.0,0
11909.0,0
11911.0,0
11913.0,0
11915.0,1
11917.0,0
11919.0,0
11921.0,0
11923.0,0
11925.0,0
11927.0,0
11929.0,1
11931.0,1
11933.0,0
11935.0,1
11937.0,0
11939.0,2
11941.0,1
11943.0,2
11945.0,0
11947.0,0
11949.0,0
11951.0,0
11953.0,2
11955.0,3
11957.0,2
11959.0,6
11961.0,5
11963.0,2
11965.0,1
11967.0,1
11969.0,2
11971.0,0
11973.0,2
11975.0,0
11977.0,1
11979.0,1
11981.0,0
11983.0,1
11985.0,0
11987.0,0
11989.0,0
11991.0,0
11993.0,0
11995.0,0
11997.0,1
11999.0,0
12001.0,0
12003.0,0
12005.0,0
12007.0,0
12009.0,0
12011.0,0
12013.0,0
12015.0,1
12017.0,0
12019.0,0
12021.0,0
12023.0,1
12025.0,0
12027.0,0
12029.0,1
12031.0,0
12033.0,0
12035.0,0
12037.0,0
12039.0,0
12041.0,0
12043.0,0
12045.0,0
12047.0,0
12049.0,1
12051.0,0
12053.0,0
12055.0,0
12057.0,0
12059.0,0
12061.0,0
12063.0,0
12065.0,0
12067.0,0
12069.0,0
12071.0,0
12073.0,1
12075.0,0
12077.0,0
12079.0,0
12081.0,0
12083.0,0
12085.0,0
12087.0,1
12089.0,1
12091.0,0
12093.0,1
12095.0,0
12097.0,0
12099.0,0
12101.0,1
12103.0,1
12105.0,0
12107.0,0
12109.0,0
12111.0,0
12113.0,0
12115.0,0
12117.0,0
12119.0,1
12121.0,0
12123.0,1
12125.0,0
12127.0,0
12129.0,0
12131.0,0
12133.0,0
12135.0,0
12137.0,0
12139.0,0
12141.0,0
12143.0,1
12145.0,0
12147.0,0
12149.0,0
12151.0,0
12153.0,0
12155.0,0
12157.0,0
12159.0,0
12161.0,0
12163.0,0
12165.0,0
12167.0,0
12169.0,0
12171.0,0
12173.0,0
12175.0,0
12177.0,1
12179.0,0
12181.0,0
12183.0,0
12185.0,0
12187.0,0
12189.0,0
12191.0,0
12193.0,0
12195.0,0
12197.0,0
12199.0,0
12201.0,0
12203.0,0
12205.0,0
12207.0,1
12209.0,0
12211.0,1
12213.0,0
12215.0,0
12217.0,1
12219.0,0
12221.0,0
12223.0,0
12225.0,1
12227.0,0
12229.0,0
12231.0,0
12233.0,0
12235.0,0
12237.0,0
12239.0,1
12241.0,0
12243.0,0
12245.0,0
12247.0,0
12249.0,0
12251.0,0
12253.0,1
12255.0,0
12257.0,0
12259.0,0
12261.0,0
12263.0,0
12265.0,0
12267.0,0
12269.0,1
12271.0,0
12273.0,0
12275.0,1
12277.0,0
12279.0,0
12281.0,0
12283.0,0
12285.0,0
12287.0,1
12289.0,0
12291.0,1
12293.0,0
12295.0,0
12297.0,0
12299.0,0
12301.0,0
12303.0,0
12305.0,0
12307.0,0
12309.0,0
12311.0,0
12313.0,0
12315.0,0
12317.0,0
12319.0,0
12321.0,0
12323.0,0
12325.0,0
12327.0,0
12329.0,0
12331.0,0
12333.0,0
12335.0,0
12337.0,0
12339.0,0
12341.0,1
12343.0,0
12345.0,0
12347.0,0
12349.0,0
12351.0,0
12353.0,0
12355.0,0
12357.0,0
12359.0,0
12361.0,0
12363.0,0
12365.0,0
12367.0,0
12369.0,0
12371.0,0
12373.0,0
12375.0,1
12377.0,0
12379.0,0
12381.0,1
12383.0,0
12385.0,0
12387.0,0
12389.0,0
12391.0,0
12393.0,1
12395.0,0
12397.0,0
12399.0,1
12401.0,0
12403.0,0
12405.0,0
12407.0,0
12409.0,0
12411.0,0
12413.0,0
12415.0,0
12417.0,0
12419.0,0
12421.0,0
12423.0,0
12425.0,0
12427.0,0
12429.0,0
12431.0,1
12433.0,0
12435.0,0
12437.0,0
12439.0,0
12441.0,0
12443.0,0
12445.0,0
12447.0,0
12449.0,0
12451.0,0
12453.0,1
12455.0,0
12457.0,0
12459.0,1
12461.0,0
12463.0,0
12465.0,0
12467.0,0
12469.0,1
12471.0,0
12473.0,0
12475.0,0
12477.0,0
12479.0,0
12481.0,0
12483.0,0
12485.0,0
12487.0,0
12489.0,0
12491.0,0
12493.0,0
12495.0,0
12497.0,0
12499.0,0
12501.0,0
12503.0,0
12505.0,0
12507.0,0
12509.0,0
12511.0,1
12513.0,0
12515.0,0
12517.0,0
12519.0,0
12521.0,0
12523.0,0
12525.0,0
12527.0,0
12529.0,0
12531.0,0
12533.0,0
12535.0,1
12537.0,0
12539.0,1
12541.0,0
12543.0,0
12545.0,0
12547.0,1
12549.0,0
12551.0,0
12553.0,0
12555.0,0
12557.0,0
12559.0,0
12561.0,0
12563.0,0
12565.0,0
12567.0,0
12569.0,0
12571.0,0
12573.0,0
12575.0,0
12577.0,0
12579.0,0
12581.0,0
12583.0,0
12585.0,0
12587.0,0
12589.0,0
12591.0,0
12593.0,0
12595.0,0
12597.0,1
12599.0,0
12601.0,0
12603.0,0
12605.0,0
12607.0,0
12609.0,0
12611.0,0
12613.0,0
12615.0,0
12617.0,0
12619.0,0
12621.0,0
12623.0,0
12625.0,1
12627.0,0
12629.0,0
12631.0,0
12633.0,0
12635.0,0
12637.0,0
12639.0,0
12641.0,0
12643.0,0
12645.0,0
12647.0,0
12649.0,1
12651.0,0
12653.0,0
12655.0,0
12657.0,0
12659.0,0
12661.0,1
12663.0,1
12665.0,0
12667.0,0
12669.0,0
12671.0,0
12673.0,0
12675.0,0
12677.0,0
12679.0,0
12681.0,1
12683.0,0
12685.0,0
12687.0,0
12689.0,0
12691.0,0
12693.0,0
12695.0,0
12697.0,0
12699.0,0
12701.0,0
12703.0,0
12705.0,0
12707.0,1
12709.0,0
12711.0,0
12713.0,0
12715.0,0
12717.0,0
12719.0,0
12721.0,0
12723.0,0
12725.0,0
12727.0,0
12729.0,0
12731.0,0
12733.0,0
12735.0,0
12737.0,2
12739.0,0
12741.0,0
12743.0,0
12745.0,0
12747.0,0
12749.0,0
12751.0,0
12753.0,0
12755.0,2
12757.0,0
12759.0,0
12761.0,0
12763.0,0
12765.0,0
12767.0,0
12769.0,0
12771.0,0
12773.0,0
12775.0,0
12777.0,0
12779.0,0
12781.0,0
12783.0,0
12785.0,0
12787.0,0
12789.0,1
12791.0,0
12793.0,0
12795.0,1
12797.0,0
12799.0,0
12801.0,0
12803.0,0
12805.0,0
12807.0,1
12809.0,0
12811.0,0
12813.0,0
12815.0,0
12817.0,0
12819.0,0
12821.0,1
12823.0,1
12825.0,0
12827.0,0
12829.0,0
12831.0,0
12833.0,1
12835.0,0
12837.0,0
12839.0,0
12841.0,0
12843.0,1
12845.0,0
12847.0,0
12849.0,0
12851.0,0
12853.0,0
12855.0,0
12857.0,0
12859.0,1
12861.0,0
12863.0,0
12865.0,0
12867.0,0
12869.0,0
12871.0,0
12873.0,0
12875.0,0
12877.0,0
12879.0,0
12881.0,0
12883.0,0
12885.0,0
12887.0,0
12889.0,0
12891.0,0
12893.0,0
12895.0,0
12897.0,0
12899.0,0
12901.0,0
12903.0,0
12905.0,0
12907.0,0
12909.0,0
12911.0,0
12913.0,0
12915.0,0
12917.0,1
12919.0,0
12921.0,0
12923.0,0
12925.0,0
12927.0,0
12929.0,0
12931.0,0
12933.0,0
12935.0,0
12937.0,0
12939.0,0
12941.0,0
12943.0,0
12945.0,0
12947.0,0
12949.0,0
12951.0,0
12953.0,0
12955.0,1
12957.0,0
12959.0,0
12961.0,0
12963.0,0
12965.0,0
12967.0,0
12969.0,0
12971.0,0
12973.0,0
12975.0,0
12977.0,0
12979.0,0
12981.0,0
12983.0,0
12985.0,0
12987.0,0
12989.0,0
12991.0,0
12993.0,0
12995.0,0
12997.0,0
