Bin center (eV),Counts per 2 eV bin
801.0,14
803.0,19
805.0,21
807.0,15
809.0,22
811.0,30
813.0,38
815.0,39
817.0,38
819.0,29
821.0,45
823.0,37
825.0,44
827.0,27
829.0,44
831.0,66
833.0,84
835.0,136
837.0,187
839.0,233
841.0,241
843.0,225
845.0,212
847.0,263
849.0,285
851.0,339
853.0,310
855.0,287
857.0,251
859.0,138
861.0,90
863.0,75
865.0,54
867.0,49
869.0,46
871.0,36
873.0,29
875.0,24
877.0,28
879.0,28
881.0,23
883.0,28
885.0,26
887.0,29
889.0,27
891.0,34
893.0,24
895.0,25
897.0,28
899.0,56
901.0,110
903.0,142
905.0,191
907.0,181
909.0,166
911.0,111
913.0,85
915.0,122
917.0,175
919.0,232
921.0,240
923.0,214
925.0,210
927.0,164
929.0,161
931.0,170
933.0,157
935.0,93
937.0,101
939.0,63
941.0,46
943.0,56
945.0,39
947.0,34
949.0,39
951.0,44
953.0,57
955.0,37
957.0,25
959.0,24
961.0,27
963.0,28
965.0,21
967.0,28
969.0,18
971.0,27
973.0,24
975.0,18
977.0,26
979.0,27
981.0,14
983.0,21
985.0,24
987.0,16
989.0,17
991.0,12
993.0,22
995.0,4
997.0,22
999.0,15
1001.0,15
1003.0,15
1005.0,15
1007.0,17
1009.0,17
1011.0,17
1013.0,20
1015.0,17
1017.0,12
1019.0,11
1021.0,10
1023.0,19
1025.0,20
1027.0,16
1029.0,32
1031.0,35
1033.0,32
1035.0,30
1037.0,13
1039.0,19
1041.0,13
1043.0,10
1045.0,12
1047.0,9
1049.0,14
1051.0,17
1053.0,19
1055.0,13
1057.0,8
1059.0,15
1061.0,13
1063.0,8
1065.0,9
1067.0,17
1069.0,10
1071.0,7
1073.0,22
1075.0,14
1077.0,13
1079.0,19
1081.0,12
1083.0,18
1085.0,7
1087.0,20
1089.0,16
1091.0,19
1093.0,11
1095.0,10
1097.0,17
1099.0,17
1101.0,8
1103.0,16
1105.0,16
1107.0,17
1109.0,23
1111.0,10
1113.0,13
1115.0,15
1117.0,18
1119.0,14
1121.0,12
1123.0,11
1125.0,14
1127.0,20
1129.0,16
1131.0,17
1133.0,10
1135.0,10
1137.0,9
1139.0,14
1141.0,13
1143.0,22
1145.0,21
1147.0,15
1149.0,18
1151.0,17
1153.0,12
1155.0,12
1157.0,19
1159.0,15
1161.0,19
1163.0,9
1165.0,16
1167.0,12
1169.0,13
1171.0,11
1173.0,15
1175.0,8
1177.0,13
1179.0,16
1181.0,16
1183.0,17
1185.0,18
1187.0,17
1189.0,14
1191.0,13
1193.0,15
1195.0,16
1197.0,16
1199.0,11
1201.0,9
1203.0,15
1205.0,14
1207.0,13
1209.0,11
1211.0,18
1213.0,13
1215.0,14
1217.0,18
1219.0,21
1221.0,23
1223.0,16
1225.0,18
1227.0,14
1229.0,15
1231.0,12
1233.0,10
1235.0,13
1237.0,7
1239.0,9
1241.0,12
1243.0,17
1245.0,14
1247.0,17
1249.0,15
1251.0,23
1253.0,18
1255.0,21
1257.0,16
1259.0,15
1261.0,18
1263.0,8
1265.0,16
1267.0,16
1269.0,18
1271.0,21
1273.0,14
1275.0,22
1277.0,13
1279.0,16
1281.0,14
1283.0,20
1285.0,13
1287.0,21
1289.0,24
1291.0,19
1293.0,17
1295.0,24
1297.0,12
1299.0,21
1301.0,12
1303.0,17
1305.0,16
1307.0,19
1309.0,14
1311.0,20
1313.0,10
1315.0,17
1317.0,12
1319.0,19
1321.0,16
1323.0,21
1325.0,17
1327.0,21
1329.0,13
1331.0,12
1333.0,21
1335.0,12
1337.0,19
1339.0,25
1341.0,26
1343.0,19
1345.0,24
1347.0,27
1349.0,16
1351.0,15
1353.0,16
1355.0,15
1357.0,17
1359.0,21
1361.0,15
1363.0,14
1365.0,13
1367.0,15
1369.0,16
1371.0,14
1373.0,12
1375.0,18
1377.0,13
1379.0,21
1381.0,16
1383.0,26
1385.0,21
1387.0,21
1389.0,29
1391.0,19
1393.0,20
1395.0,22
1397.0,23
1399.0,31
1401.0,20
1403.0,16
1405.0,14
1407.0,14
1409.0,15
1411.0,13
1413.0,19
1415.0,27
1417.0,26
1419.0,11
1421.0,17
1423.0,11
1425.0,17
1427.0,15
1429.0,11
1431.0,23
1433.0,13
1435.0,14
1437.0,21
1439.0,18
1441.0,21
1443.0,25
1445.0,17
1447.0,18
1449.0,18
1451.0,14
1453.0,22
1455.0,25
1457.0,13
1459.0,13
1461.0,21
1463.0,19
1465.0,30
1467.0,17
1469.0,19
1471.0,18
1473.0,18
1475.0,21
1477.0,22
1479.0,14
1481.0,16
1483.0,16
1485.0,16
1487.0,20
1489.0,22
1491.0,20
1493.0,15
1495.0,20
1497.0,16
1499.0,18
1501.0,18
1503.0,19
1505.0,23
1507.0,18
1509.0,21
1511.0,16
1513.0,19
1515.0,11
1517.0,20
1519.0,15
1521.0,12
1523.0,22
1525.0,18
1527.0,26
1529.0,16
1531.0,13
1533.0,20
1535.0,14
1537.0,22
1539.0,23
1541.0,16
1543.0,21
1545.0,19
1547.0,17
1549.0,14
1551.0,19
1553.0,17
1555.0,22
1557.0,19
1559.0,13
1561.0,12
1563.0,17
1565.0,11
1567.0,8
1569.0,9
1571.0,7
1573.0,10
1575.0,11
1577.0,12
1579.0,13
1581.0,9
1583.0,8
1585.0,10
1587.0,12
1589.0,9
1591.0,17
1593.0,12
1595.0,9
1597.0,11
1599.0,6
1601.0,5
1603.0,11
1605.0,5
1607.0,10
1609.0,10
1611.0,7
1613.0,10
1615.0,7
1617.0,9
1619.0,7
1621.0,10
1623.0,8
1625.0,9
1627.0,20
1629.0,21
1631.0,7
1633.0,14
1635.0,10
1637.0,12
1639.0,12
1641.0,17
1643.0,8
1645.0,12
1647.0,10
1649.0,13
1651.0,9
1653.0,10
1655.0,11
1657.0,15
1659.0,14
1661.0,15
1663.0,16
1665.0,14
1667.0,12
1669.0,22
1671.0,14
1673.0,11
1675.0,13
1677.0,10
1679.0,13
1681.0,13
1683.0,11
1685.0,15
1687.0,14
1689.0,9
1691.0,6
1693.0,14
1695.0,6
1697.0,14
1699.0,16
1701.0,19
1703.0,10
1705.0,8
1707.0,12
1709.0,17
1711.0,9
1713.0,14
1715.0,18
1717.0,8
1719.0,13
1721.0,19
1723.0,18
1725.0,15
1727.0,13
1729.0,6
1731.0,7
1733.0,18
1735.0,21
1737.0,24
1739.0,28
1741.0,22
1743.0,14
1745.0,9
1747.0,7
1749.0,6
1751.0,11
1753.0,9
1755.0,9
1757.0,9
1759.0,6
1761.0,3
1763.0,11
1765.0,9
1767.0,14
1769.0,6
1771.0,8
1773.0,12
1775.0,11
1777.0,9
1779.0,14
1781.0,13
1783.0,14
1785.0,10
1787.0,10
1789.0,10
1791.0,15
1793.0,9
1795.0,10
1797.0,9
1799.0,9
1801.0,17
1803.0,7
1805.0,10
1807.0,16
1809.0,17
1811.0,7
1813.0,8
1815.0,11
1817.0,15
1819.0,22
1821.0,15
1823.0,10
1825.0,10
1827.0,8
1829.0,11
1831.0,12
1833.0,16
1835.0,14
1837.0,12
1839.0,14
1841.0,15
1843.0,13
1845.0,9
1847.0,10
1849.0,6
1851.0,9
1853.0,13
1855.0,13
1857.0,9
1859.0,21
1861.0,13
1863.0,17
1865.0,16
1867.0,11
1869.0,16
1871.0,21
1873.0,9
1875.0,6
1877.0,10
1879.0,19
1881.0,15
1883.0,20
1885.0,10
1887.0,14
1889.0,13
1891.0,16
1893.0,7
1895.0,23
1897.0,12
1899.0,14
1901.0,12
1903.0,12
1905.0,11
1907.0,9
1909.0,10
1911.0,8
1913.0,10
1915.0,9
1917.0,6
1919.0,11
1921.0,14
1923.0,18
1925.0,8
1927.0,13
1929.0,4
1931.0,11
1933.0,7
1935.0,11
1937.0,10
1939.0,9
1941.0,10
1943.0,7
1945.0,13
1947.0,12
1949.0,7
1951.0,3
1953.0,7
1955.0,9
1957.0,11
1959.0,10
1961.0,9
1963.0,14
1965.0,5
1967.0,10
1969.0,9
1971.0,14
1973.0,13
1975.0,12
1977.0,14
1979.0,11
1981.0,10
1983.0,17
1985.0,7
1987.0,11
1989.0,14
1991.0,5
1993.0,12
1995.0,6
1997.0,13
1999.0,3
2001.0,9
2003.0,5
2005.0,10
2007.0,7
2009.0,6
2011.0,10
2013.0,11
2015.0,9
2017.0,12
2019.0,15
2021.0,15
2023.0,8
2025.0,11
2027.0,13
2029.0,4
2031.0,7
2033.0,14
2035.0,10
2037.0,14
2039.0,10
2041.0,13
2043.0,4
2045.0,18
2047.0,10
2049.0,8
2051.0,8
2053.0,6
2055.0,7
2057.0,11
2059.0,6
2061.0,10
2063.0,4
2065.0,8
2067.0,6
2069.0,4
2071.0,8
2073.0,12
2075.0,9
2077.0,18
2079.0,14
2081.0,15
2083.0,16
2085.0,17
2087.0,21
2089.0,15
2091.0,17
2093.0,26
2095.0,15
2097.0,13
2099.0,10
2101.0,15
2103.0,14
2105.0,23
2107.0,17
2109.0,23
2111.0,11
2113.0,11
2115.0,11
2117.0,14
2119.0,19
2121.0,9
2123.0,9
2125.0,11
2127.0,17
2129.0,10
2131.0,15
2133.0,16
2135.0,11
2137.0,16
2139.0,9
2141.0,10
2143.0,21
2145.0,9
2147.0,18
2149.0,13
2151.0,14
2153.0,15
2155.0,12
2157.0,16
2159.0,12
2161.0,11
2163.0,12
2165.0,17
2167.0,24
2169.0,19
2171.0,18
2173.0,37
2175.0,31
2177.0,56
2179.0,51
2181.0,47
2183.0,31
2185.0,29
2187.0,16
2189.0,27
2191.0,20
2193.0,21
2195.0,23
2197.0,17
2199.0,15
2201.0,22
2203.0,33
2205.0,26
2207.0,30
2209.0,26
2211.0,30
2213.0,17
2215.0,16
2217.0,19
2219.0,14
2221.0,10
2223.0,22
2225.0,10
2227.0,17
2229.0,14
2231.0,13
2233.0,18
2235.0,16
2237.0,8
2239.0,12
2241.0,10
2243.0,9
2245.0,18
2247.0,15
2249.0,13
2251.0,12
2253.0,15
2255.0,17
2257.0,13
2259.0,23
2261.0,17
2263.0,16
2265.0,16
2267.0,11
2269.0,18
2271.0,8
2273.0,7
2275.0,14
2277.0,15
2279.0,15
2281.0,21
2283.0,13
2285.0,21
2287.0,23
2289.0,18
2291.0,14
2293.0,12
2295.0,16
2297.0,17
2299.0,19
2301.0,12
2303.0,16
2305.0,13
2307.0,28
2309.0,14
2311.0,17
2313.0,9
2315.0,24
2317.0,20
2319.0,17
2321.0,19
2323.0,18
2325.0,17
2327.0,13
2329.0,10
2331.0,18
2333.0,23
2335.0,19
2337.0,15
2339.0,20
2341.0,13
2343.0,31
2345.0,21
2347.0,19
2349.0,18
2351.0,33
2353.0,12
2355.0,18
2357.0,14
2359.0,18
2361.0,12
2363.0,17
2365.0,19
2367.0,22
2369.0,19
2371.0,34
2373.0,18
2375.0,18
2377.0,19
2379.0,14
2381.0,22
2383.0,20
2385.0,24
2387.0,27
2389.0,23
2391.0,9
2393.0,20
2395.0,20
2397.0,21
2399.0,8
2401.0,15
2403.0,23
2405.0,10
2407.0,29
2409.0,27
2411.0,32
2413.0,22
2415.0,37
2417.0,31
2419.0,27
2421.0,23
2423.0,33
2425.0,35
2427.0,38
2429.0,41
2431.0,41
2433.0,31
2435.0,23
2437.0,30
2439.0,17
2441.0,18
2443.0,14
2445.0,11
2447.0,21
2449.0,24
2451.0,25
2453.0,20
2455.0,22
2457.0,25
2459.0,30
2461.0,23
2463.0,29
2465.0,37
2467.0,26
2469.0,37
2471.0,23
2473.0,28
2475.0,32
2477.0,32
2479.0,29
2481.0,32
2483.0,28
2485.0,26
2487.0,16
2489.0,14
2491.0,21
2493.0,16
2495.0,11
2497.0,14
2499.0,18
2501.0,17
2503.0,15
2505.0,20
2507.0,5
2509.0,14
2511.0,17
2513.0,22
2515.0,21
2517.0,15
2519.0,17
2521.0,33
2523.0,40
2525.0,34
2527.0,37
2529.0,34
2531.0,19
2533.0,25
2535.0,16
2537.0,32
2539.0,21
2541.0,15
2543.0,17
2545.0,23
2547.0,16
2549.0,15
2551.0,12
2553.0,21
2555.0,12
2557.0,15
2559.0,12
2561.0,13
2563.0,28
2565.0,23
2567.0,18
2569.0,34
2571.0,34
2573.0,34
2575.0,28
2577.0,30
2579.0,33
2581.0,15
2583.0,30
2585.0,17
2587.0,35
2589.0,24
2591.0,21
2593.0,26
2595.0,18
2597.0,25
2599.0,19
2601.0,18
2603.0,16
2605.0,18
2607.0,26
2609.0,22
2611.0,19
2613.0,33
2615.0,29
2617.0,33
2619.0,28
2621.0,27
2623.0,26
2625.0,28
2627.0,26
2629.0,33
2631.0,21
2633.0,24
2635.0,11
2637.0,32
2639.0,17
2641.0,25
2643.0,19
2645.0,13
2647.0,14
2649.0,27
2651.0,19
2653.0,20
2655.0,24
2657.0,37
2659.0,22
2661.0,28
2663.0,24
2665.0,26
2667.0,31
2669.0,24
2671.0,37
2673.0,34
2675.0,28
2677.0,22
2679.0,25
2681.0,19
2683.0,22
2685.0,25
2687.0,9
2689.0,19
2691.0,15
2693.0,12
2695.0,17
2697.0,22
2699.0,23
2701.0,13
2703.0,22
2705.0,25
2707.0,21
2709.0,24
2711.0,28
2713.0,24
2715.0,24
2717.0,28
2719.0,26
2721.0,36
2723.0,33
2725.0,33
2727.0,24
2729.0,29
2731.0,26
2733.0,12
2735.0,16
2737.0,14
2739.0,17
2741.0,15
2743.0,15
2745.0,23
2747.0,21
2749.0,22
2751.0,24
2753.0,13
2755.0,27
2757.0,22
2759.0,33
2761.0,29
2763.0,18
2765.0,31
2767.0,25
2769.0,36
2771.0,26
2773.0,32
2775.0,21
2777.0,22
2779.0,21
2781.0,24
2783.0,26
2785.0,36
2787.0,32
2789.0,24
2791.0,27
2793.0,30
2795.0,22
2797.0,28
2799.0,18
2801.0,26
2803.0,30
2805.0,29
2807.0,25
2809.0,25
2811.0,18
2813.0,25
2815.0,34
2817.0,32
2819.0,24
2821.0,36
2823.0,27
2825.0,21
2827.0,26
2829.0,19
2831.0,31
2833.0,23
2835.0,38
2837.0,31
2839.0,49
2841.0,34
2843.0,34
2845.0,24
2847.0,24
2849.0,21
2851.0,30
2853.0,28
2855.0,42
2857.0,41
2859.0,25
2861.0,34
2863.0,25
2865.0,29
2867.0,30
2869.0,23
2871.0,24
2873.0,31
2875.0,29
2877.0,18
2879.0,29
2881.0,36
2883.0,32
2885.0,38
2887.0,39
2889.0,37
2891.0,38
2893.0,29
2895.0,22
2897.0,27
2899.0,30
2901.0,31
2903.0,31
2905.0,42
2907.0,39
2909.0,25
2911.0,39
2913.0,38
2915.0,48
2917.0,24
2919.0,35
2921.0,35
2923.0,32
2925.0,33
2927.0,31
2929.0,33
2931.0,35
2933.0,30
2935.0,39
2937.0,41
2939.0,40
2941.0,36
2943.0,35
2945.0,37
2947.0,42
2949.0,43
2951.0,43
2953.0,40
2955.0,47
2957.0,47
2959.0,44
2961.0,44
2963.0,73
2965.0,60
2967.0,53
2969.0,35
2971.0,38
2973.0,25
2975.0,29
2977.0,28
2979.0,23
2981.0,25
2983.0,39
2985.0,30
2987.0,27
2989.0,32
2991.0,30
2993.0,27
2995.0,33
2997.0,24
2999.0,26
3001.0,31
3003.0,28
3005.0,26
3007.0,40
3009.0,25
3011.0,33
3013.0,29
3015.0,30
3017.0,41
3019.0,49
3021.0,36
3023.0,49
3025.0,32
3027.0,33
3029.0,16
3031.0,22
3033.0,30
3035.0,35
3037.0,28
3039.0,30
3041.0,32
3043.0,29
3045.0,26
3047.0,42
3049.0,41
3051.0,33
3053.0,40
3055.0,46
3057.0,32
3059.0,23
3061.0,30
3063.0,27
3065.0,44
3067.0,43
3069.0,36
3071.0,33
3073.0,35
3075.0,34
3077.0,15
3079.0,26
3081.0,31
3083.0,17
3085.0,17
3087.0,38
3089.0,30
3091.0,35
3093.0,29
3095.0,31
3097.0,43
3099.0,37
3101.0,32
3103.0,46
3105.0,37
3107.0,38
3109.0,43
3111.0,45
3113.0,34
3115.0,38
3117.0,34
3119.0,29
3121.0,24
3123.0,39
3125.0,38
3127.0,33
3129.0,34
3131.0,27
3133.0,22
3135.0,24
3137.0,28
3139.0,24
3141.0,26
3143.0,24
3145.0,34
3147.0,35
3149.0,35
3151.0,38
3153.0,46
3155.0,30
3157.0,34
3159.0,27
3161.0,21
3163.0,33
3165.0,18
3167.0,24
3169.0,25
3171.0,36
3173.0,34
3175.0,31
3177.0,40
3179.0,37
3181.0,49
3183.0,38
3185.0,34
3187.0,24
3189.0,20
3191.0,32
3193.0,39
3195.0,25
3197.0,24
3199.0,30
3201.0,36
3203.0,29
3205.0,18
3207.0,27
3209.0,23
3211.0,20
3213.0,30
3215.0,39
3217.0,32
3219.0,34
3221.0,41
3223.0,41
3225.0,36
3227.0,35
3229.0,38
3231.0,41
3233.0,45
3235.0,26
3237.0,38
3239.0,19
3241.0,18
3243.0,27
3245.0,17
3247.0,19
3249.0,23
3251.0,17
3253.0,18
3255.0,15
3257.0,14
3259.0,22
3261.0,16
3263.0,16
3265.0,15
3267.0,19
3269.0,25
3271.0,37
3273.0,28
3275.0,26
3277.0,35
3279.0,37
3281.0,44
3283.0,44
3285.0,47
3287.0,27
3289.0,31
3291.0,17
3293.0,18
3295.0,14
3297.0,33
3299.0,27
3301.0,25
3303.0,17
3305.0,22
3307.0,20
3309.0,16
3311.0,12
3313.0,17
3315.0,13
3317.0,9
3319.0,16
3321.0,26
3323.0,24
3325.0,12
3327.0,30
3329.0,34
3331.0,33
3333.0,46
3335.0,49
3337.0,55
3339.0,48
3341.0,67
3343.0,31
3345.0,22
3347.0,28
3349.0,30
3351.0,19
3353.0,26
3355.0,16
3357.0,12
3359.0,11
3361.0,22
3363.0,18
3365.0,17
3367.0,14
3369.0,19
3371.0,25
3373.0,29
3375.0,21
3377.0,22
3379.0,20
3381.0,35
3383.0,30
3385.0,43
3387.0,36
3389.0,34
3391.0,28
3393.0,42
3395.0,28
3397.0,30
3399.0,19
3401.0,25
3403.0,25
3405.0,35
3407.0,34
3409.0,35
3411.0,31
3413.0,36
3415.0,32
3417.0,27
3419.0,57
3421.0,44
3423.0,33
3425.0,20
3427.0,18
3429.0,18
3431.0,20
3433.0,32
3435.0,24
3437.0,31
3439.0,35
3441.0,38
3443.0,28
3445.0,19
3447.0,18
3449.0,19
3451.0,21
3453.0,13
3455.0,19
3457.0,23
3459.0,18
3461.0,28
3463.0,27
3465.0,23
3467.0,25
3469.0,19
3471.0,27
3473.0,32
3475.0,25
3477.0,26
3479.0,30
3481.0,17
3483.0,23
3485.0,26
3487.0,17
3489.0,22
3491.0,22
3493.0,13
3495.0,20
3497.0,14
3499.0,13
3501.0,24
3503.0,15
3505.0,16
3507.0,19
3509.0,12
3511.0,16
3513.0,16
3515.0,9
3517.0,16
3519.0,22
3521.0,14
3523.0,17
3525.0,19
3527.0,25
3529.0,21
3531.0,32
3533.0,24
3535.0,15
3537.0,20
3539.0,23
3541.0,30
3543.0,18
3545.0,9
3547.0,5
3549.0,13
3551.0,12
3553.0,7
3555.0,19
3557.0,14
3559.0,13
3561.0,20
3563.0,15
3565.0,16
3567.0,24
3569.0,21
3571.0,25
3573.0,33
3575.0,36
3577.0,21
3579.0,22
3581.0,19
3583.0,22
3585.0,19
3587.0,18
3589.0,19
3591.0,16
3593.0,14
3595.0,13
3597.0,11
3599.0,12
3601.0,12
3603.0,15
3605.0,14
3607.0,9
3609.0,15
3611.0,26
3613.0,21
3615.0,30
3617.0,27
3619.0,41
3621.0,52
3623.0,51
3625.0,65
3627.0,37
3629.0,31
3631.0,23
3633.0,14
3635.0,20
3637.0,7
3639.0,14
3641.0,11
3643.0,9
3645.0,8
3647.0,10
3649.0,12
3651.0,16
3653.0,22
3655.0,21
3657.0,23
3659.0,19
3661.0,19
3663.0,10
3665.0,16
3667.0,31
3669.0,30
3671.0,38
3673.0,31
3675.0,39
3677.0,26
3679.0,21
3681.0,21
3683.0,23
3685.0,32
3687.0,24
3689.0,20
3691.0,11
3693.0,15
3695.0,13
3697.0,18
3699.0,12
3701.0,9
3703.0,15
3705.0,21
3707.0,31
3709.0,26
3711.0,30
3713.0,28
3715.0,28
3717.0,22
3719.0,12
3721.0,19
3723.0,9
3725.0,17
3727.0,14
3729.0,20
3731.0,19
3733.0,19
3735.0,22
3737.0,24
3739.0,13
3741.0,13
3743.0,27
3745.0,23
3747.0,27
3749.0,18
3751.0,22
3753.0,12
3755.0,16
3757.0,23
3759.0,28
3761.0,25
3763.0,18
3765.0,15
3767.0,18
3769.0,10
3771.0,15
3773.0,9
3775.0,4
3777.0,4
3779.0,8
3781.0,10
3783.0,20
3785.0,17
3787.0,22
3789.0,31
3791.0,20
3793.0,15
3795.0,24
3797.0,28
3799.0,28
3801.0,30
3803.0,32
3805.0,28
3807.0,20
3809.0,14
3811.0,11
3813.0,17
3815.0,9
3817.0,6
3819.0,9
3821.0,15
3823.0,14
3825.0,20
3827.0,19
3829.0,13
3831.0,15
3833.0,18
3835.0,21
3837.0,31
3839.0,31
3841.0,41
3843.0,20
3845.0,19
3847.0,21
3849.0,17
3851.0,16
3853.0,10
3855.0,16
3857.0,5
3859.0,10
3861.0,9
3863.0,4
3865.0,11
3867.0,7
3869.0,7
3871.0,8
3873.0,7
3875.0,9
3877.0,13
3879.0,8
3881.0,4
3883.0,7
3885.0,4
3887.0,9
3889.0,9
3891.0,9
3893.0,20
3895.0,11
3897.0,28
3899.0,35
3901.0,37
3903.0,18
3905.0,14
3907.0,10
3909.0,12
3911.0,9
3913.0,14
3915.0,10
3917.0,10
3919.0,12
3921.0,8
3923.0,9
3925.0,12
3927.0,16
3929.0,26
3931.0,19
3933.0,8
3935.0,8
3937.0,8
3939.0,10
3941.0,12
3943.0,9
3945.0,8
3947.0,9
3949.0,3
3951.0,13
3953.0,9
3955.0,12
3957.0,10
3959.0,19
3961.0,28
3963.0,25
3965.0,23
3967.0,5
3969.0,5
3971.0,6
3973.0,9
3975.0,10
3977.0,11
3979.0,10
3981.0,7
3983.0,5
3985.0,7
3987.0,9
3989.0,4
3991.0,5
3993.0,7
3995.0,4
3997.0,6
3999.0,3
4001.0,11
4003.0,5
4005.0,3
4007.0,7
4009.0,7
4011.0,2
4013.0,5
4015.0,4
4017.0,5
4019.0,4
4021.0,7
4023.0,8
4025.0,14
4027.0,6
4029.0,4
4031.0,6
4033.0,6
4035.0,6
4037.0,5
4039.0,12
4041.0,8
4043.0,10
4045.0,10
4047.0,8
4049.0,8
4051.0,6
4053.0,4
4055.0,6
4057.0,1
4059.0,3
4061.0,3
4063.0,3
4065.0,5
4067.0,6
4069.0,1
4071.0,7
4073.0,6
4075.0,3
4077.0,6
4079.0,7
4081.0,17
4083.0,12
4085.0,4
4087.0,3
4089.0,7
4091.0,4
4093.0,4
4095.0,5
4097.0,4
4099.0,4
4101.0,5
4103.0,6
4105.0,5
4107.0,9
4109.0,3
4111.0,5
4113.0,9
4115.0,6
4117.0,14
4119.0,20
4121.0,10
4123.0,6
4125.0,10
4127.0,3
4129.0,2
4131.0,7
4133.0,4
4135.0,6
4137.0,3
4139.0,2
4141.0,4
4143.0,3
4145.0,6
4147.0,4
4149.0,5
4151.0,3
4153.0,7
4155.0,4
4157.0,8
4159.0,4
4161.0,4
4163.0,4
4165.0,4
4167.0,8
4169.0,6
4171.0,4
4173.0,2
4175.0,5
4177.0,1
4179.0,3
4181.0,8
4183.0,6
4185.0,6
4187.0,6
4189.0,8
4191.0,5
4193.0,6
4195.0,6
4197.0,6
4199.0,9
4201.0,5
4203.0,6
4205.0,6
4207.0,5
4209.0,4
4211.0,7
4213.0,4
4215.0,3
4217.0,10
4219.0,12
4221.0,5
4223.0,13
4225.0,6
4227.0,6
4229.0,5
4231.0,7
4233.0,2
4235.0,4
4237.0,9
4239.0,3
4241.0,4
4243.0,3
4245.0,7
4247.0,4
4249.0,6
4251.0,10
4253.0,6
4255.0,12
4257.0,9
4259.0,7
4261.0,9
4263.0,4
4265.0,7
4267.0,5
4269.0,3
4271.0,8
4273.0,3
4275.0,9
4277.0,5
4279.0,6
4281.0,6
4283.0,2
4285.0,4
4287.0,11
4289.0,5
4291.0,8
4293.0,15
4295.0,12
4297.0,11
4299.0,7
4301.0,8
4303.0,7
4305.0,10
4307.0,4
4309.0,5
4311.0,8
4313.0,5
4315.0,8
4317.0,12
4319.0,11
4321.0,9
4323.0,14
4325.0,9
4327.0,4
4329.0,4
4331.0,4
4333.0,8
4335.0,7
4337.0,17
4339.0,19
4341.0,18
4343.0,8
4345.0,4
4347.0,10
4349.0,8
4351.0,8
4353.0,6
4355.0,4
4357.0,6
4359.0,10
4361.0,2
4363.0,9
4365.0,8
4367.0,7
4369.0,8
4371.0,8
4373.0,1
4375.0,7
4377.0,10
4379.0,6
4381.0,12
4383.0,11
4385.0,14
4387.0,24
4389.0,17
4391.0,17
4393.0,12
4395.0,5
4397.0,1
4399.0,8
4401.0,7
4403.0,4
4405.0,16
4407.0,23
4409.0,18
4411.0,10
4413.0,11
4415.0,5
4417.0,4
4419.0,1
4421.0,4
4423.0,7
4425.0,3
4427.0,7
4429.0,6
4431.0,8
4433.0,8
4435.0,6
4437.0,6
4439.0,5
4441.0,3
4443.0,7
4445.0,7
4447.0,8
4449.0,10
4451.0,10
4453.0,7
4455.0,7
4457.0,10
4459.0,6
4461.0,16
4463.0,18
4465.0,21
4467.0,24
4469.0,14
4471.0,7
4473.0,7
4475.0,6
4477.0,10
4479.0,12
4481.0,9
4483.0,4
4485.0,7
4487.0,4
4489.0,3
4491.0,13
4493.0,7
4495.0,11
4497.0,15
4499.0,19
4501.0,18
4503.0,14
4505.0,6
4507.0,6
4509.0,15
4511.0,15
4513.0,18
4515.0,8
4517.0,4
4519.0,2
4521.0,8
4523.0,2
4525.0,5
4527.0,7
4529.0,4
4531.0,3
4533.0,3
4535.0,3
4537.0,7
4539.0,16
4541.0,8
4543.0,6
4545.0,12
4547.0,10
4549.0,10
4551.0,8
4553.0,17
4555.0,20
4557.0,2
4559.0,12
4561.0,10
4563.0,11
4565.0,9
4567.0,4
4569.0,0
4571.0,8
4573.0,6
4575.0,4
4577.0,7
4579.0,3
4581.0,12
4583.0,6
4585.0,11
4587.0,7
4589.0,4
4591.0,5
4593.0,8
4595.0,6
4597.0,6
4599.0,8
4601.0,17
4603.0,17
4605.0,14
4607.0,9
4609.0,2
4611.0,8
4613.0,8
4615.0,5
4617.0,7
4619.0,4
4621.0,7
4623.0,4
4625.0,3
4627.0,6
4629.0,5
4631.0,5
4633.0,10
4635.0,7
4637.0,4
4639.0,7
4641.0,3
4643.0,6
4645.0,8
4647.0,3
4649.0,10
4651.0,23
4653.0,24
4655.0,11
4657.0,12
4659.0,7
4661.0,4
4663.0,8
4665.0,6
4667.0,3
4669.0,7
4671.0,10
4673.0,2
4675.0,6
4677.0,1
4679.0,2
4681.0,5
4683.0,6
4685.0,3
4687.0,7
4689.0,7
4691.0,6
4693.0,4
4695.0,4
4697.0,3
4699.0,2
4701.0,2
4703.0,3
4705.0,3
4707.0,1
4709.0,4
4711.0,4
4713.0,7
4715.0,6
4717.0,1
4719.0,3
4721.0,6
4723.0,7
4725.0,3
4727.0,6
4729.0,5
4731.0,4
4733.0,6
4735.0,4
4737.0,7
4739.0,5
4741.0,5
4743.0,4
4745.0,2
4747.0,3
4749.0,4
4751.0,7
4753.0,7
4755.0,10
4757.0,6
4759.0,2
4761.0,6
4763.0,3
4765.0,1
4767.0,3
4769.0,5
4771.0,4
4773.0,6
4775.0,8
4777.0,1
4779.0,1
4781.0,3
4783.0,3
4785.0,6
4787.0,4
4789.0,4
4791.0,1
4793.0,1
4795.0,1
4797.0,3
4799.0,3
4801.0,5
4803.0,3
4805.0,1
4807.0,5
4809.0,2
4811.0,6
4813.0,4
4815.0,2
4817.0,4
4819.0,3
4821.0,8
4823.0,3
4825.0,4
4827.0,3
4829.0,7
4831.0,3
4833.0,2
4835.0,5
4837.0,3
4839.0,3
4841.0,3
4843.0,4
4845.0,5
4847.0,9
4849.0,2
4851.0,7
4853.0,11
4855.0,5
4857.0,3
4859.0,7
4861.0,2
4863.0,1
4865.0,3
4867.0,6
4869.0,0
4871.0,0
4873.0,2
4875.0,1
4877.0,2
4879.0,5
4881.0,5
4883.0,4
4885.0,7
4887.0,4
4889.0,4
4891.0,4
4893.0,4
4895.0,0
4897.0,0
4899.0,3
4901.0,3
4903.0,3
4905.0,5
4907.0,2
4909.0,2
4911.0,4
4913.0,4
4915.0,1
4917.0,7
4919.0,2
4921.0,3
4923.0,5
4925.0,5
4927.0,8
4929.0,4
4931.0,2
4933.0,3
4935.0,5
4937.0,7
4939.0,2
4941.0,9
4943.0,0
4945.0,3
4947.0,2
4949.0,3
4951.0,5
4953.0,4
4955.0,3
4957.0,6
4959.0,5
4961.0,7
4963.0,4
4965.0,6
4967.0,2
4969.0,6
4971.0,0
4973.0,1
4975.0,1
4977.0,1
4979.0,4
4981.0,1
4983.0,3
4985.0,1
4987.0,2
4989.0,3
4991.0,3
4993.0,2
4995.0,1
4997.0,2
4999.0,0
5001.0,7
5003.0,8
5005.0,6
5007.0,9
5009.0,4
5011.0,2
5013.0,5
5015.0,3
5017.0,3
5019.0,3
5021.0,5
5023.0,5
5025.0,3
5027.0,2
5029.0,1
5031.0,6
5033.0,3
5035.0,8
5037.0,10
5039.0,5
5041.0,12
5043.0,5
5045.0,5
5047.0,5
5049.0,3
5051.0,4
5053.0,3
5055.0,2
5057.0,2
5059.0,4
5061.0,3
5063.0,4
5065.0,3
5067.0,2
5069.0,3
5071.0,5
5073.0,6
5075.0,1
5077.0,2
5079.0,2
5081.0,3
5083.0,3
5085.0,5
5087.0,4
5089.0,2
5091.0,5
5093.0,2
5095.0,6
5097.0,6
5099.0,2
5101.0,1
5103.0,3
5105.0,2
5107.0,6
5109.0,8
5111.0,9
5113.0,3
5115.0,4
5117.0,8
5119.0,9
5121.0,4
5123.0,9
5125.0,7
5127.0,10
5129.0,9
5131.0,5
5133.0,3
5135.0,5
5137.0,1
5139.0,4
5141.0,5
5143.0,8
5145.0,8
5147.0,5
5149.0,1
5151.0,1
5153.0,6
5155.0,1
5157.0,4
5159.0,5
5161.0,3
5163.0,4
5165.0,8
5167.0,3
5169.0,3
5171.0,5
5173.0,5
5175.0,4
5177.0,9
5179.0,4
5181.0,5
5183.0,4
5185.0,3
5187.0,5
5189.0,9
5191.0,6
5193.0,2
5195.0,4
5197.0,5
5199.0,2
5201.0,3
5203.0,4
5205.0,3
5207.0,5
5209.0,3
5211.0,4
5213.0,4
5215.0,4
5217.0,7
5219.0,14
5221.0,8
5223.0,12
5225.0,8
5227.0,6
5229.0,10
5231.0,7
5233.0,4
5235.0,12
5237.0,4
5239.0,7
5241.0,7
5243.0,5
5245.0,5
5247.0,5
5249.0,5
5251.0,11
5253.0,6
5255.0,4
5257.0,7
5259.0,4
5261.0,6
5263.0,4
5265.0,5
5267.0,7
5269.0,6
5271.0,5
5273.0,6
5275.0,6
5277.0,2
5279.0,4
5281.0,5
5283.0,3
5285.0,5
5287.0,3
5289.0,4
5291.0,3
5293.0,5
5295.0,3
5297.0,4
5299.0,2
5301.0,2
5303.0,8
5305.0,15
5307.0,8
5309.0,5
5311.0,7
5313.0,6
5315.0,10
5317.0,12
5319.0,11
5321.0,11
5323.0,5
5325.0,5
5327.0,3
5329.0,4
5331.0,13
5333.0,2
5335.0,6
5337.0,2
5339.0,6
5341.0,3
5343.0,5
5345.0,7
5347.0,6
5349.0,7
5351.0,6
5353.0,6
5355.0,2
5357.0,7
5359.0,7
5361.0,3
5363.0,8
5365.0,3
5367.0,5
5369.0,5
5371.0,6
5373.0,4
5375.0,4
5377.0,4
5379.0,4
5381.0,3
5383.0,8
5385.0,0
5387.0,4
5389.0,5
5391.0,6
5393.0,3
5395.0,4
5397.0,11
5399.0,9
5401.0,8
5403.0,6
5405.0,8
5407.0,5
5409.0,13
5411.0,5
5413.0,2
5415.0,2
5417.0,5
5419.0,6
5421.0,5
5423.0,3
5425.0,6
5427.0,3
5429.0,3
5431.0,6
5433.0,4
5435.0,12
5437.0,6
5439.0,8
5441.0,5
5443.0,5
5445.0,3
5447.0,1
5449.0,4
5451.0,8
5453.0,5
5455.0,2
5457.0,2
5459.0,5
5461.0,1
5463.0,4
5465.0,5
5467.0,5
5469.0,11
5471.0,4
5473.0,7
5475.0,5
5477.0,3
5479.0,9
5481.0,3
5483.0,3
5485.0,7
5487.0,8
5489.0,5
5491.0,5
5493.0,6
5495.0,3
5497.0,2
5499.0,4
5501.0,11
5503.0,3
5505.0,5
5507.0,2
5509.0,3
5511.0,4
5513.0,5
5515.0,5
5517.0,5
5519.0,7
5521.0,5
5523.0,1
5525.0,3
5527.0,5
5529.0,8
5531.0,5
5533.0,12
5535.0,2
5537.0,7
5539.0,3
5541.0,9
5543.0,4
5545.0,3
5547.0,6
5549.0,11
5551.0,10
5553.0,12
5555.0,19
5557.0,17
5559.0,5
5561.0,1
5563.0,6
5565.0,4
5567.0,1
5569.0,4
5571.0,3
5573.0,4
5575.0,2
5577.0,3
5579.0,4
5581.0,3
5583.0,4
5585.0,1
5587.0,3
5589.0,3
5591.0,7
5593.0,3
5595.0,2
5597.0,1
5599.0,3
5601.0,7
5603.0,2
5605.0,6
5607.0,3
5609.0,6
5611.0,3
5613.0,5
5615.0,2
5617.0,4
5619.0,3
5621.0,1
5623.0,2
5625.0,9
5627.0,7
5629.0,3
5631.0,3
5633.0,5
5635.0,7
5637.0,5
5639.0,7
5641.0,4
5643.0,4
5645.0,4
5647.0,4
5649.0,9
5651.0,6
5653.0,6
5655.0,6
5657.0,9
5659.0,6
5661.0,5
5663.0,3
5665.0,1
5667.0,3
5669.0,2
5671.0,6
5673.0,2
5675.0,8
5677.0,4
5679.0,5
5681.0,3
5683.0,2
5685.0,5
5687.0,5
5689.0,8
5691.0,4
5693.0,4
5695.0,2
5697.0,2
5699.0,3
5701.0,2
5703.0,1
5705.0,2
5707.0,2
5709.0,3
5711.0,3
5713.0,2
5715.0,3
5717.0,6
5719.0,1
5721.0,3
5723.0,2
5725.0,2
5727.0,4
5729.0,5
5731.0,6
5733.0,3
5735.0,2
5737.0,2
5739.0,5
5741.0,3
5743.0,3
5745.0,3
5747.0,4
5749.0,5
5751.0,4
5753.0,3
5755.0,4
5757.0,5
5759.0,9
5761.0,3
5763.0,6
5765.0,2
5767.0,6
5769.0,4
5771.0,7
5773.0,12
5775.0,8
5777.0,7
5779.0,7
5781.0,5
5783.0,5
5785.0,0
5787.0,2
5789.0,2
5791.0,1
5793.0,4
5795.0,1
5797.0,4
5799.0,3
5801.0,2
5803.0,3
5805.0,2
5807.0,2
5809.0,3
5811.0,2
5813.0,1
5815.0,2
5817.0,3
5819.0,2
5821.0,5
5823.0,3
5825.0,3
5827.0,5
5829.0,1
5831.0,1
5833.0,2
5835.0,7
5837.0,2
5839.0,3
5841.0,3
5843.0,2
5845.0,3
5847.0,2
5849.0,4
5851.0,7
5853.0,7
5855.0,2
5857.0,6
5859.0,3
5861.0,3
5863.0,6
5865.0,5
5867.0,5
5869.0,17
5871.0,7
5873.0,9
5875.0,7
5877.0,6
5879.0,6
5881.0,2
5883.0,2
5885.0,5
5887.0,3
5889.0,1
5891.0,1
5893.0,1
5895.0,1
5897.0,2
5899.0,1
5901.0,2
5903.0,2
5905.0,3
5907.0,3
5909.0,2
5911.0,2
5913.0,2
5915.0,2
5917.0,3
5919.0,5
5921.0,10
5923.0,11
5925.0,6
5927.0,6
5929.0,7
5931.0,2
5933.0,1
5935.0,0
5937.0,2
5939.0,1
5941.0,0
5943.0,6
5945.0,6
5947.0,7
5949.0,5
5951.0,3
5953.0,2
5955.0,0
5957.0,1
5959.0,4
5961.0,3
5963.0,3
5965.0,5
5967.0,2
5969.0,3
5971.0,4
5973.0,3
5975.0,3
5977.0,0
5979.0,1
5981.0,1
5983.0,3
5985.0,0
5987.0,1
5989.0,6
5991.0,4
5993.0,10
5995.0,5
5997.0,7
5999.0,6
6001.0,9
6003.0,6
6005.0,9
6007.0,4
6009.0,3
6011.0,2
6013.0,2
6015.0,3
6017.0,1
6019.0,1
6021.0,2
6023.0,1
6025.0,1
6027.0,1
6029.0,5
6031.0,2
6033.0,4
6035.0,3
6037.0,3
6039.0,5
6041.0,5
6043.0,5
6045.0,2
6047.0,1
6049.0,1
6051.0,2
6053.0,2
6055.0,2
6057.0,1
6059.0,3
6061.0,1
6063.0,1
6065.0,1
6067.0,4
6069.0,2
6071.0,3
6073.0,0
6075.0,2
6077.0,1
6079.0,1
6081.0,4
6083.0,4
6085.0,7
6087.0,2
6089.0,2
6091.0,6
6093.0,9
6095.0,7
6097.0,7
6099.0,8
6101.0,1
6103.0,4
6105.0,2
6107.0,5
6109.0,11
6111.0,6
6113.0,7
6115.0,2
6117.0,2
6119.0,2
6121.0,4
6123.0,2
6125.0,0
6127.0,2
6129.0,2
6131.0,1
6133.0,1
6135.0,2
6137.0,3
6139.0,3
6141.0,3
6143.0,0
6145.0,4
6147.0,2
6149.0,4
6151.0,3
6153.0,7
6155.0,1
6157.0,4
6159.0,2
6161.0,4
6163.0,4
6165.0,4
6167.0,3
6169.0,4
6171.0,2
6173.0,1
6175.0,2
6177.0,3
6179.0,3
6181.0,2
6183.0,3
6185.0,1
6187.0,4
6189.0,2
6191.0,0
6193.0,1
6195.0,3
6197.0,4
6199.0,3
6201.0,4
6203.0,3
6205.0,1
6207.0,1
6209.0,1
6211.0,3
6213.0,2
6215.0,3
6217.0,1
6219.0,1
6221.0,6
6223.0,1
6225.0,6
6227.0,4
6229.0,6
6231.0,9
6233.0,4
6235.0,2
6237.0,0
6239.0,3
6241.0,2
6243.0,1
6245.0,5
6247.0,5
6249.0,4
6251.0,2
6253.0,1
6255.0,5
6257.0,1
6259.0,2
6261.0,3
6263.0,4
6265.0,5
6267.0,2
6269.0,2
6271.0,1
6273.0,1
6275.0,4
6277.0,0
6279.0,1
6281.0,0
6283.0,1
6285.0,6
6287.0,2
6289.0,3
6291.0,2
6293.0,1
6295.0,2
6297.0,2
6299.0,2
6301.0,4
6303.0,5
6305.0,6
6307.0,2
6309.0,6
6311.0,0
6313.0,5
6315.0,2
6317.0,2
6319.0,0
6321.0,0
6323.0,3
6325.0,5
6327.0,4
6329.0,3
6331.0,0
6333.0,0
6335.0,0
6337.0,1
6339.0,3
6341.0,1
6343.0,10
6345.0,7
6347.0,6
6349.0,2
6351.0,4
6353.0,3
6355.0,1
6357.0,5
6359.0,3
6361.0,5
6363.0,2
6365.0,1
6367.0,3
6369.0,3
6371.0,2
6373.0,1
6375.0,1
6377.0,0
6379.0,2
6381.0,2
6383.0,4
6385.0,3
6387.0,2
6389.0,4
6391.0,0
6393.0,2
6395.0,2
6397.0,2
6399.0,4
6401.0,5
6403.0,5
6405.0,0
6407.0,2
6409.0,1
6411.0,2
6413.0,1
6415.0,1
6417.0,5
6419.0,4
6421.0,3
6423.0,5
6425.0,1
6427.0,5
6429.0,2
6431.0,3
6433.0,3
6435.0,3
6437.0,2
6439.0,0
6441.0,0
6443.0,0
6445.0,1
6447.0,2
6449.0,0
6451.0,1
6453.0,5
6455.0,1
6457.0,2
6459.0,9
6461.0,12
6463.0,10
6465.0,5
6467.0,3
6469.0,2
6471.0,4
6473.0,3
6475.0,2
6477.0,2
6479.0,0
6481.0,1
6483.0,1
6485.0,1
6487.0,0
6489.0,1
6491.0,3
6493.0,1
6495.0,1
6497.0,1
6499.0,0
6501.0,4
6503.0,0
6505.0,3
6507.0,1
6509.0,1
6511.0,1
6513.0,0
6515.0,1
6517.0,1
6519.0,0
6521.0,0
6523.0,5
6525.0,2
6527.0,5
6529.0,1
6531.0,0
6533.0,1
6535.0,0
6537.0,2
6539.0,3
6541.0,2
6543.0,3
6545.0,1
6547.0,0
6549.0,0
6551.0,3
6553.0,2
6555.0,2
6557.0,0
6559.0,3
6561.0,2
6563.0,1
6565.0,3
6567.0,2
6569.0,2
6571.0,1
6573.0,0
6575.0,3
6577.0,0
6579.0,2
6581.0,2
6583.0,0
6585.0,2
6587.0,4
6589.0,5
6591.0,4
6593.0,2
6595.0,4
6597.0,0
6599.0,0
6601.0,0
6603.0,0
6605.0,0
6607.0,1
6609.0,0
6611.0,1
6613.0,2
6615.0,1
6617.0,3
6619.0,1
6621.0,0
6623.0,2
6625.0,0
6627.0,1
6629.0,0
6631.0,1
6633.0,0
6635.0,1
6637.0,2
6639.0,2
6641.0,1
6643.0,2
6645.0,1
6647.0,1
6649.0,2
6651.0,0
6653.0,1
6655.0,0
6657.0,0
6659.0,1
6661.0,0
6663.0,0
6665.0,1
6667.0,1
6669.0,0
6671.0,2
6673.0,3
6675.0,1
6677.0,1
6679.0,1
6681.0,2
6683.0,2
6685.0,1
6687.0,4
6689.0,0
6691.0,1
6693.0,1
6695.0,3
6697.0,2
6699.0,2
6701.0,1
6703.0,0
6705.0,0
6707.0,1
6709.0,0
6711.0,1
6713.0,0
6715.0,0
6717.0,1
6719.0,4
6721.0,2
6723.0,1
6725.0,2
6727.0,1
6729.0,1
6731.0,1
6733.0,0
6735.0,0
6737.0,2
6739.0,2
6741.0,0
6743.0,1
6745.0,2
6747.0,1
6749.0,0
6751.0,0
6753.0,0
6755.0,2
6757.0,0
6759.0,1
6761.0,3
6763.0,2
6765.0,2
6767.0,1
6769.0,1
6771.0,0
6773.0,0
6775.0,3
6777.0,3
6779.0,2
6781.0,1
6783.0,1
6785.0,0
6787.0,1
6789.0,0
6791.0,0
6793.0,3
6795.0,1
6797.0,1
6799.0,1
6801.0,1
6803.0,0
6805.0,1
6807.0,4
6809.0,3
6811.0,0
6813.0,1
6815.0,0
6817.0,2
6819.0,2
6821.0,0
6823.0,0
6825.0,2
6827.0,0
6829.0,0
6831.0,1
6833.0,0
6835.0,2
6837.0,0
6839.0,2
6841.0,1
6843.0,2
6845.0,3
6847.0,1
6849.0,1
6851.0,1
6853.0,2
6855.0,1
6857.0,2
6859.0,3
6861.0,1
6863.0,2
6865.0,1
6867.0,1
6869.0,3
6871.0,3
6873.0,1
6875.0,5
6877.0,0
6879.0,0
6881.0,4
6883.0,0
6885.0,1
6887.0,1
6889.0,0
6891.0,2
6893.0,3
6895.0,2
6897.0,2
6899.0,2
6901.0,1
6903.0,0
6905.0,1
6907.0,0
6909.0,0
6911.0,1
6913.0,0
6915.0,1
6917.0,1
6919.0,0
6921.0,0
6923.0,0
6925.0,0
6927.0,3
6929.0,1
6931.0,0
6933.0,0
6935.0,1
6937.0,2
6939.0,0
6941.0,0
6943.0,0
6945.0,0
6947.0,4
6949.0,0
6951.0,0
6953.0,0
6955.0,2
6957.0,0
6959.0,2
6961.0,3
6963.0,4
6965.0,2
6967.0,1
6969.0,1
6971.0,3
6973.0,3
6975.0,2
6977.0,0
6979.0,1
6981.0,1
6983.0,0
6985.0,2
6987.0,0
6989.0,0
6991.0,1
6993.0,0
6995.0,0
6997.0,0
6999.0,1
7001.0,0
7003.0,1
7005.0,0
7007.0,0
7009.0,0
7011.0,2
7013.0,1
7015.0,1
7017.0,0
7019.0,1
7021.0,0
7023.0,0
7025.0,2
7027.0,0
7029.0,0
7031.0,4
7033.0,2
7035.0,0
7037.0,0
7039.0,0
7041.0,2
7043.0,2
7045.0,2
7047.0,0
7049.0,2
7051.0,1
7053.0,0
7055.0,0
7057.0,2
7059.0,2
7061.0,1
7063.0,3
7065.0,0
7067.0,0
7069.0,0
7071.0,4
7073.0,0
7075.0,0
7077.0,5
7079.0,1
7081.0,0
7083.0,1
7085.0,2
7087.0,1
7089.0,1
7091.0,0
7093.0,1
7095.0,0
7097.0,2
7099.0,2
7101.0,2
7103.0,0
7105.0,2
7107.0,3
7109.0,1
7111.0,1
7113.0,0
7115.0,0
7117.0,1
7119.0,1
7121.0,0
7123.0,1
7125.0,0
7127.0,0
7129.0,0
7131.0,1
7133.0,3
7135.0,3
7137.0,0
7139.0,1
7141.0,0
7143.0,0
7145.0,2
7147.0,0
7149.0,0
7151.0,0
7153.0,0
7155.0,2
7157.0,4
7159.0,1
7161.0,1
7163.0,1
7165.0,2
7167.0,3
7169.0,1
7171.0,0
7173.0,2
7175.0,0
7177.0,1
7179.0,0
7181.0,0
7183.0,2
7185.0,2
7187.0,2
7189.0,0
7191.0,1
7193.0,0
7195.0,1
7197.0,0
7199.0,1
7201.0,0
7203.0,1
7205.0,1
7207.0,3
7209.0,1
7211.0,0
7213.0,0
7215.0,0
7217.0,1
7219.0,2
7221.0,2
7223.0,3
7225.0,3
7227.0,2
7229.0,0
7231.0,2
7233.0,2
7235.0,0
7237.0,1
7239.0,1
7241.0,1
7243.0,1
7245.0,3
7247.0,1
7249.0,1
7251.0,0
7253.0,2
7255.0,1
7257.0,1
7259.0,0
7261.0,2
7263.0,1
7265.0,1
7267.0,0
7269.0,0
7271.0,1
7273.0,0
7275.0,0
7277.0,1
7279.0,0
7281.0,1
7283.0,0
7285.0,1
7287.0,1
7289.0,0
7291.0,1
7293.0,1
7295.0,0
7297.0,0
7299.0,0
7301.0,0
7303.0,0
7305.0,1
7307.0,0
7309.0,2
7311.0,0
7313.0,0
7315.0,1
7317.0,1
7319.0,2
7321.0,1
7323.0,0
7325.0,1
7327.0,0
7329.0,1
7331.0,1
7333.0,2
7335.0,1
7337.0,2
7339.0,4
7341.0,1
7343.0,0
7345.0,0
7347.0,0
7349.0,0
7351.0,1
7353.0,1
7355.0,2
7357.0,0
7359.0,1
7361.0,1
7363.0,0
7365.0,0
7367.0,1
7369.0,0
7371.0,1
7373.0,2
7375.0,1
7377.0,2
7379.0,3
7381.0,1
7383.0,1
7385.0,0
7387.0,2
7389.0,2
7391.0,1
7393.0,0
7395.0,2
7397.0,1
7399.0,2
7401.0,1
7403.0,0
7405.0,0
7407.0,1
7409.0,1
7411.0,0
7413.0,1
7415.0,1
7417.0,0
7419.0,1
7421.0,1
7423.0,2
7425.0,2
7427.0,1
7429.0,0
7431.0,0
7433.0,0
7435.0,0
7437.0,1
7439.0,1
7441.0,0
7443.0,2
7445.0,0
7447.0,0
7449.0,0
7451.0,0
7453.0,1
7455.0,0
7457.0,1
7459.0,1
7461.0,0
7463.0,0
7465.0,1
7467.0,1
7469.0,1
7471.0,1
7473.0,0
7475.0,1
7477.0,0
7479.0,1
7481.0,1
7483.0,0
7485.0,1
7487.0,0
7489.0,1
7491.0,2
7493.0,0
7495.0,0
7497.0,2
7499.0,0
7501.0,0
7503.0,1
7505.0,0
7507.0,2
7509.0,1
7511.0,0
7513.0,0
7515.0,1
7517.0,0
7519.0,1
7521.0,1
7523.0,2
7525.0,0
7527.0,0
7529.0,2
7531.0,4
7533.0,1
7535.0,0
7537.0,0
7539.0,1
7541.0,0
7543.0,1
7545.0,1
7547.0,0
7549.0,1
7551.0,0
7553.0,0
7555.0,2
7557.0,1
7559.0,1
7561.0,4
7563.0,2
7565.0,2
7567.0,0
7569.0,0
7571.0,1
7573.0,1
7575.0,0
7577.0,0
7579.0,2
7581.0,0
7583.0,1
7585.0,0
7587.0,0
7589.0,0
7591.0,1
7593.0,0
7595.0,1
7597.0,0
7599.0,5
7601.0,1
7603.0,0
7605.0,1
7607.0,2
7609.0,2
7611.0,0
7613.0,0
7615.0,0
7617.0,0
7619.0,2
7621.0,0
7623.0,1
7625.0,0
7627.0,0
7629.0,1
7631.0,0
7633.0,1
7635.0,1
7637.0,1
7639.0,0
7641.0,0
7643.0,0
7645.0,2
7647.0,0
7649.0,3
7651.0,1
7653.0,0
7655.0,0
7657.0,0
7659.0,5
7661.0,2
7663.0,2
7665.0,0
7667.0,2
7669.0,0
7671.0,0
7673.0,1
7675.0,1
7677.0,2
7679.0,0
7681.0,1
7683.0,1
7685.0,0
7687.0,0
7689.0,1
7691.0,1
7693.0,0
7695.0,0
7697.0,1
7699.0,1
7701.0,0
7703.0,0
7705.0,0
7707.0,1
7709.0,2
7711.0,0
7713.0,2
7715.0,0
7717.0,0
7719.0,1
7721.0,0
7723.0,2
7725.0,1
7727.0,0
7729.0,1
7731.0,0
7733.0,0
7735.0,0
7737.0,2
7739.0,1
7741.0,0
7743.0,1
7745.0,0
7747.0,1
7749.0,1
7751.0,0
7753.0,0
7755.0,1
7757.0,1
7759.0,0
7761.0,0
7763.0,1
7765.0,2
7767.0,3
7769.0,0
7771.0,1
7773.0,0
7775.0,0
7777.0,0
7779.0,0
7781.0,1
7783.0,2
7785.0,1
7787.0,0
7789.0,1
7791.0,1
7793.0,1
7795.0,0
7797.0,0
7799.0,2
7801.0,1
7803.0,0
7805.0,0
7807.0,0
7809.0,0
7811.0,0
7813.0,1
7815.0,1
7817.0,1
7819.0,1
7821.0,0
7823.0,0
7825.0,2
7827.0,2
7829.0,1
7831.0,1
7833.0,0
7835.0,2
7837.0,0
7839.0,0
7841.0,2
7843.0,1
7845.0,0
7847.0,0
7849.0,0
7851.0,4
7853.0,0
7855.0,1
7857.0,1
7859.0,0
7861.0,1
7863.0,0
7865.0,1
7867.0,1
7869.0,0
7871.0,3
7873.0,0
7875.0,0
7877.0,0
7879.0,1
7881.0,0
7883.0,2
7885.0,0
7887.0,0
7889.0,1
7891.0,0
7893.0,0
7895.0,0
7897.0,1
7899.0,1
7901.0,1
7903.0,2
7905.0,1
7907.0,0
7909.0,2
7911.0,3
7913.0,0
7915.0,0
7917.0,0
7919.0,0
7921.0,2
7923.0,1
7925.0,0
7927.0,0
7929.0,1
7931.0,3
7933.0,0
7935.0,0
7937.0,0
7939.0,0
7941.0,2
7943.0,0
7945.0,1
7947.0,0
7949.0,0
7951.0,0
7953.0,1
7955.0,1
7957.0,0
7959.0,2
7961.0,0
7963.0,1
7965.0,0
7967.0,0
7969.0,0
7971.0,1
7973.0,1
7975.0,0
7977.0,1
7979.0,0
7981.0,1
7983.0,0
7985.0,0
7987.0,2
7989.0,1
7991.0,0
7993.0,1
7995.0,1
7997.0,0
7999.0,1
8001.0,0
8003.0,1
8005.0,0
8007.0,2
8009.0,1
8011.0,0
8013.0,0
8015.0,2
8017.0,0
8019.0,1
8021.0,1
8023.0,1
8025.0,1
8027.0,4
8029.0,2
8031.0,1
8033.0,1
8035.0,2
8037.0,0
8039.0,1
8041.0,2
8043.0,1
8045.0,3
8047.0,6
8049.0,3
8051.0,1
8053.0,0
8055.0,1
8057.0,1
8059.0,3
8061.0,3
8063.0,1
8065.0,0
8067.0,0
8069.0,0
8071.0,1
8073.0,2
8075.0,0
8077.0,1
8079.0,1
8081.0,0
8083.0,0
8085.0,1
8087.0,1
8089.0,2
8091.0,2
8093.0,1
8095.0,0
8097.0,0
8099.0,1
8101.0,0
8103.0,1
8105.0,1
8107.0,0
8109.0,0
8111.0,0
8113.0,2
8115.0,1
8117.0,1
8119.0,1
8121.0,0
8123.0,1
8125.0,1
8127.0,3
8129.0,1
8131.0,0
8133.0,1
8135.0,1
8137.0,2
8139.0,3
8141.0,0
8143.0,0
8145.0,0
8147.0,0
8149.0,0
8151.0,0
8153.0,0
8155.0,0
8157.0,0
8159.0,1
8161.0,1
8163.0,1
8165.0,1
8167.0,1
8169.0,0
8171.0,1
8173.0,1
8175.0,0
8177.0,0
8179.0,0
8181.0,1
8183.0,0
8185.0,0
8187.0,0
8189.0,1
8191.0,1
8193.0,0
8195.0,0
8197.0,0
8199.0,0
8201.0,0
8203.0,2
8205.0,1
8207.0,0
8209.0,1
8211.0,1
8213.0,0
8215.0,1
8217.0,0
8219.0,2
8221.0,0
8223.0,1
8225.0,1
8227.0,1
8229.0,0
8231.0,0
8233.0,2
8235.0,1
8237.0,0
8239.0,1
8241.0,2
8243.0,0
8245.0,1
8247.0,0
8249.0,0
8251.0,2
8253.0,1
8255.0,0
8257.0,1
8259.0,1
8261.0,1
8263.0,0
8265.0,2
8267.0,1
8269.0,1
8271.0,0
8273.0,0
8275.0,1
8277.0,1
8279.0,0
8281.0,1
8283.0,0
8285.0,1
8287.0,0
8289.0,0
8291.0,1
8293.0,0
8295.0,0
8297.0,2
8299.0,1
8301.0,1
8303.0,0
8305.0,0
8307.0,0
8309.0,2
8311.0,0
8313.0,0
8315.0,1
8317.0,0
8319.0,0
8321.0,1
8323.0,1
8325.0,0
8327.0,1
8329.0,1
8331.0,3
8333.0,1
8335.0,2
8337.0,0
8339.0,0
8341.0,0
8343.0,0
8345.0,0
8347.0,0
8349.0,1
8351.0,0
8353.0,0
8355.0,1
8357.0,0
8359.0,0
8361.0,0
8363.0,1
8365.0,0
8367.0,0
8369.0,1
8371.0,0
8373.0,0
8375.0,2
8377.0,1
8379.0,3
8381.0,1
8383.0,3
8385.0,0
8387.0,0
8389.0,0
8391.0,0
8393.0,0
8395.0,1
8397.0,0
8399.0,1
8401.0,0
8403.0,0
8405.0,0
8407.0,0
8409.0,0
8411.0,0
8413.0,0
8415.0,0
8417.0,0
8419.0,0
8421.0,0
8423.0,0
8425.0,2
8427.0,1
8429.0,0
8431.0,2
8433.0,0
8435.0,3
8437.0,0
8439.0,1
8441.0,0
8443.0,1
8445.0,1
8447.0,0
8449.0,1
8451.0,1
8453.0,0
8455.0,3
8457.0,1
8459.0,3
8461.0,0
8463.0,0
8465.0,0
8467.0,0
8469.0,0
8471.0,0
8473.0,1
8475.0,0
8477.0,0
8479.0,0
8481.0,2
8483.0,0
8485.0,0
8487.0,0
8489.0,0
8491.0,0
8493.0,0
8495.0,0
8497.0,2
8499.0,0
8501.0,0
8503.0,0
8505.0,0
8507.0,1
8509.0,0
8511.0,0
8513.0,0
8515.0,0
8517.0,0
8519.0,2
8521.0,0
8523.0,0
8525.0,1
8527.0,0
8529.0,1
8531.0,0
8533.0,0
8535.0,0
8537.0,1
8539.0,0
8541.0,0
8543.0,1
8545.0,0
8547.0,0
8549.0,1
8551.0,2
8553.0,0
8555.0,1
8557.0,0
8559.0,0
8561.0,0
8563.0,3
8565.0,1
8567.0,1
8569.0,0
8571.0,0
8573.0,0
8575.0,0
8577.0,0
8579.0,0
8581.0,2
8583.0,0
8585.0,1
8587.0,0
8589.0,0
8591.0,0
8593.0,1
8595.0,0
8597.0,0
8599.0,0
8601.0,0
8603.0,1
8605.0,1
8607.0,0
8609.0,0
8611.0,0
8613.0,0
8615.0,0
8617.0,0
8619.0,0
8621.0,0
8623.0,1
8625.0,0
8627.0,1
8629.0,0
8631.0,2
8633.0,0
8635.0,1
8637.0,1
8639.0,0
8641.0,0
8643.0,1
8645.0,1
8647.0,1
8649.0,0
8651.0,0
8653.0,0
8655.0,0
8657.0,0
8659.0,1
8661.0,0
8663.0,0
8665.0,0
8667.0,1
8669.0,0
8671.0,0
8673.0,0
8675.0,1
8677.0,0
8679.0,0
8681.0,0
8683.0,2
8685.0,3
8687.0,1
8689.0,0
8691.0,1
8693.0,0
8695.0,0
8697.0,1
8699.0,1
8701.0,0
8703.0,0
8705.0,2
8707.0,1
8709.0,1
8711.0,2
8713.0,0
8715.0,1
8717.0,2
8719.0,0
8721.0,0
8723.0,0
8725.0,2
8727.0,1
8729.0,0
8731.0,0
8733.0,0
8735.0,0
8737.0,0
8739.0,0
8741.0,1
8743.0,1
8745.0,1
8747.0,0
8749.0,0
8751.0,3
8753.0,1
8755.0,2
8757.0,1
8759.0,1
8761.0,0
8763.0,0
8765.0,2
8767.0,1
8769.0,0
8771.0,0
8773.0,1
8775.0,0
8777.0,1
8779.0,0
8781.0,1
8783.0,0
8785.0,0
8787.0,1
8789.0,0
8791.0,0
8793.0,2
8795.0,2
8797.0,1
8799.0,1
8801.0,0
8803.0,0
8805.0,3
8807.0,2
8809.0,0
8811.0,1
8813.0,1
8815.0,0
8817.0,0
8819.0,1
8821.0,0
8823.0,1
8825.0,0
8827.0,1
8829.0,2
8831.0,0
8833.0,2
8835.0,0
8837.0,0
8839.0,0
8841.0,4
8843.0,0
8845.0,0
8847.0,2
8849.0,3
8851.0,3
8853.0,2
8855.0,0
8857.0,1
8859.0,2
8861.0,0
8863.0,0
8865.0,2
8867.0,1
8869.0,0
8871.0,2
8873.0,2
8875.0,0
8877.0,0
8879.0,1
8881.0,3
8883.0,2
8885.0,1
8887.0,6
8889.0,3
8891.0,3
8893.0,2
8895.0,0
8897.0,0
8899.0,0
8901.0,4
8903.0,4
8905.0,2
8907.0,2
8909.0,2
8911.0,4
8913.0,4
8915.0,3
8917.0,3
8919.0,4
8921.0,2
8923.0,0
8925.0,3
8927.0,4
8929.0,1
8931.0,3
8933.0,1
8935.0,3
8937.0,0
8939.0,5
8941.0,2
8943.0,1
8945.0,3
8947.0,3
8949.0,5
8951.0,1
8953.0,5
8955.0,3
8957.0,2
8959.0,3
8961.0,2
8963.0,0
8965.0,6
8967.0,5
8969.0,4
8971.0,2
8973.0,4
8975.0,0
8977.0,1
8979.0,0
8981.0,2
8983.0,2
8985.0,6
8987.0,2
8989.0,1
8991.0,1
8993.0,1
8995.0,5
8997.0,2
8999.0,2
9001.0,1
9003.0,5
9005.0,14
9007.0,14
9009.0,12
9011.0,22
9013.0,31
9015.0,27
9017.0,55
9019.0,29
9021.0,31
9023.0,18
9025.0,20
9027.0,5
9029.0,6
9031.0,1
9033.0,1
9035.0,1
9037.0,1
9039.0,1
9041.0,1
9043.0,1
9045.0,1
9047.0,1
9049.0,1
9051.0,1
9053.0,0
9055.0,3
9057.0,2
9059.0,0
9061.0,0
9063.0,1
9065.0,0
9067.0,0
9069.0,1
9071.0,0
9073.0,0
9075.0,0
9077.0,0
9079.0,0
9081.0,0
9083.0,0
9085.0,0
9087.0,2
9089.0,1
9091.0,0
9093.0,0
9095.0,0
9097.0,0
9099.0,0
9101.0,2
9103.0,0
9105.0,0
9107.0,0
9109.0,0
9111.0,0
9113.0,0
9115.0,1
9117.0,0
9119.0,1
9121.0,1
9123.0,0
9125.0,0
9127.0,1
9129.0,0
9131.0,2
9133.0,1
9135.0,1
9137.0,3
9139.0,2
9141.0,0
9143.0,1
9145.0,0
9147.0,2
9149.0,2
9151.0,0
9153.0,3
9155.0,1
9157.0,1
9159.0,1
9161.0,0
9163.0,2
9165.0,8
9167.0,6
9169.0,11
9171.0,11
9173.0,11
9175.0,5
9177.0,7
9179.0,3
9181.0,2
9183.0,7
9185.0,1
9187.0,1
9189.0,1
9191.0,0
9193.0,2
9195.0,1
9197.0,0
9199.0,0
9201.0,0
9203.0,0
9205.0,0
9207.0,4
9209.0,0
9211.0,0
9213.0,0
9215.0,0
9217.0,0
9219.0,0
9221.0,0
9223.0,0
9225.0,0
9227.0,0
9229.0,0
9231.0,1
9233.0,2
9235.0,2
9237.0,1
9239.0,2
9241.0,2
9243.0,0
9245.0,0
9247.0,0
9249.0,0
9251.0,0
9253.0,0
9255.0,1
9257.0,0
9259.0,0
9261.0,0
9263.0,1
9265.0,0
9267.0,0
9269.0,0
9271.0,1
9273.0,0
9275.0,1
9277.0,1
9279.0,0
9281.0,0
9283.0,0
9285.0,1
9287.0,1
9289.0,0
9291.0,0
9293.0,1
9295.0,0
9297.0,0
9299.0,2
9301.0,1
9303.0,0
9305.0,1
9307.0,0
9309.0,0
9311.0,0
9313.0,0
9315.0,0
9317.0,1
9319.0,0
9321.0,0
9323.0,3
9325.0,1
9327.0,1
9329.0,1
9331.0,1
9333.0,1
9335.0,1
9337.0,0
9339.0,2
9341.0,1
9343.0,0
9345.0,0
9347.0,0
9349.0,1
9351.0,0
9353.0,0
9355.0,1
9357.0,0
9359.0,0
9361.0,1
9363.0,1
9365.0,1
9367.0,1
9369.0,0
9371.0,0
9373.0,1
9375.0,1
9377.0,1
9379.0,0
9381.0,0
9383.0,1
9385.0,2
9387.0,0
9389.0,0
9391.0,1
9393.0,0
9395.0,0
9397.0,0
9399.0,0
9401.0,0
9403.0,1
9405.0,2
9407.0,1
9409.0,0
9411.0,0
9413.0,1
9415.0,0
9417.0,0
9419.0,0
9421.0,1
9423.0,2
9425.0,1
9427.0,0
9429.0,0
9431.0,0
9433.0,1
9435.0,0
9437.0,0
9439.0,0
9441.0,3
9443.0,1
9445.0,0
9447.0,1
9449.0,0
9451.0,0
9453.0,0
9455.0,0
9457.0,0
9459.0,0
9461.0,1
9463.0,1
9465.0,1
9467.0,1
9469.0,0
9471.0,0
9473.0,0
9475.0,0
9477.0,0
9479.0,1
9481.0,0
9483.0,2
9485.0,1
9487.0,0
9489.0,2
9491.0,1
9493.0,0
9495.0,0
9497.0,0
9499.0,0
9501.0,0
9503.0,0
9505.0,0
9507.0,1
9509.0,1
9511.0,0
9513.0,0
9515.0,0
9517.0,0
9519.0,0
9521.0,0
9523.0,1
9525.0,0
9527.0,0
9529.0,0
9531.0,1
9533.0,0
9535.0,2
9537.0,0
9539.0,0
9541.0,0
9543.0,1
9545.0,0
9547.0,0
9549.0,0
9551.0,0
9553.0,1
9555.0,0
9557.0,0
9559.0,1
9561.0,0
9563.0,0
9565.0,1
9567.0,0
9569.0,0
9571.0,1
9573.0,1
9575.0,1
9577.0,1
9579.0,1
9581.0,0
9583.0,0
9585.0,0
9587.0,0
9589.0,0
9591.0,0
9593.0,1
9595.0,0
9597.0,1
9599.0,1
9601.0,1
9603.0,0
9605.0,0
9607.0,0
9609.0,0
9611.0,0
9613.0,0
9615.0,0
9617.0,0
9619.0,0
9621.0,0
9623.0,1
9625.0,0
9627.0,1
9629.0,0
9631.0,0
9633.0,3
9635.0,1
9637.0,2
9639.0,1
9641.0,3
9643.0,2
9645.0,1
9647.0,3
9649.0,0
9651.0,0
9653.0,0
9655.0,1
9657.0,1
9659.0,1
9661.0,3
9663.0,0
9665.0,0
9667.0,2
9669.0,1
9671.0,1
9673.0,1
9675.0,0
9677.0,0
9679.0,0
9681.0,1
9683.0,0
9685.0,0
9687.0,0
9689.0,0
9691.0,2
9693.0,1
9695.0,0
9697.0,1
9699.0,0
9701.0,0
9703.0,1
9705.0,1
9707.0,0
9709.0,2
9711.0,1
9713.0,0
9715.0,1
9717.0,1
9719.0,1
9721.0,1
9723.0,0
9725.0,1
9727.0,0
9729.0,1
9731.0,3
9733.0,0
9735.0,0
9737.0,0
9739.0,0
9741.0,0
9743.0,1
9745.0,0
9747.0,1
9749.0,0
9751.0,0
9753.0,1
9755.0,1
9757.0,2
9759.0,2
9761.0,1
9763.0,1
9765.0,2
9767.0,3
9769.0,2
9771.0,0
9773.0,0
9775.0,0
9777.0,0
9779.0,0
9781.0,1
9783.0,3
9785.0,1
9787.0,3
9789.0,2
9791.0,3
9793.0,2
9795.0,3
9797.0,4
9799.0,1
9801.0,0
9803.0,4
9805.0,2
9807.0,4
9809.0,1
9811.0,1
9813.0,1
9815.0,1
9817.0,3
9819.0,0
9821.0,1
9823.0,1
9825.0,1
9827.0,0
9829.0,0
9831.0,1
9833.0,4
9835.0,5
9837.0,7
9839.0,0
9841.0,4
9843.0,4
9845.0,4
9847.0,2
9849.0,5
9851.0,3
9853.0,1
9855.0,1
9857.0,2
9859.0,2
9861.0,0
9863.0,0
9865.0,0
9867.0,0
9869.0,0
9871.0,2
9873.0,10
9875.0,0
9877.0,7
9879.0,6
9881.0,5
9883.0,3
9885.0,7
9887.0,5
9889.0,0
9891.0,4
9893.0,2
9895.0,1
9897.0,5
9899.0,0
9901.0,1
9903.0,2
9905.0,1
9907.0,3
9909.0,7
9911.0,9
9913.0,7
9915.0,10
9917.0,6
9919.0,4
9921.0,5
9923.0,11
9925.0,8
9927.0,4
9929.0,4
9931.0,2
9933.0,3
9935.0,0
9937.0,5
9939.0,1
9941.0,4
9943.0,2
9945.0,4
9947.0,15
9949.0,15
9951.0,22
9953.0,37
9955.0,24
9957.0,27
9959.0,21
9961.0,17
9963.0,11
9965.0,5
9967.0,3
9969.0,3
9971.0,4
9973.0,6
9975.0,3
9977.0,2
9979.0,2
9981.0,2
9983.0,1
9985.0,1
9987.0,0
9989.0,1
9991.0,1
9993.0,0
9995.0,3
9997.0,1
9999.0,0
10001.0,0
10003.0,0
10005.0,0
10007.0,0
10009.0,2
10011.0,1
10013.0,1
10015.0,0
10017.0,0
10019.0,0
10021.0,2
10023.0,0
10025.0,1
10027.0,0
10029.0,1
10031.0,0
10033.0,2
10035.0,2
10037.0,0
10039.0,1
10041.0,0
10043.0,1
10045.0,2
10047.0,0
10049.0,3
10051.0,0
10053.0,1
10055.0,0
10057.0,0
10059.0,1
10061.0,0
10063.0,0
10065.0,0
10067.0,1
10069.0,2
10071.0,0
10073.0,0
10075.0,0
10077.0,1
10079.0,0
10081.0,0
10083.0,1
10085.0,0
10087.0,7
10089.0,3
10091.0,4
10093.0,3
10095.0,4
10097.0,5
10099.0,2
10101.0,0
10103.0,3
10105.0,0
10107.0,3
10109.0,2
10111.0,1
10113.0,0
10115.0,1
10117.0,2
10119.0,0
10121.0,1
10123.0,2
10125.0,1
10127.0,4
10129.0,5
10131.0,3
10133.0,5
10135.0,2
10137.0,0
10139.0,1
10141.0,0
10143.0,0
10145.0,0
10147.0,0
10149.0,0
10151.0,1
10153.0,0
10155.0,1
10157.0,0
10159.0,0
10161.0,1
10163.0,0
10165.0,0
10167.0,0
10169.0,1
10171.0,0
10173.0,0
10175.0,0
10177.0,1
10179.0,0
10181.0,1
10183.0,0
10185.0,1
10187.0,1
10189.0,0
10191.0,0
10193.0,0
10195.0,0
10197.0,1
10199.0,2
10201.0,0
10203.0,1
10205.0,0
10207.0,1
10209.0,0
10211.0,1
10213.0,0
10215.0,1
10217.0,0
10219.0,0
10221.0,0
10223.0,1
10225.0,0
10227.0,2
10229.0,0
10231.0,1
10233.0,1
10235.0,2
10237.0,2
10239.0,0
10241.0,0
10243.0,0
10245.0,1
10247.0,0
10249.0,1
10251.0,1
10253.0,0
10255.0,0
10257.0,1
10259.0,4
10261.0,0
10263.0,2
10265.0,0
10267.0,2
10269.0,0
10271.0,2
10273.0,3
10275.0,4
10277.0,1
10279.0,1
10281.0,2
10283.0,1
10285.0,1
10287.0,1
10289.0,0
10291.0,1
10293.0,0
10295.0,0
10297.0,0
10299.0,1
10301.0,2
10303.0,1
10305.0,0
10307.0,3
10309.0,2
10311.0,1
10313.0,0
10315.0,5
10317.0,3
10319.0,0
10321.0,2
10323.0,0
10325.0,1
10327.0,3
10329.0,2
10331.0,0
10333.0,0
10335.0,0
10337.0,1
10339.0,1
10341.0,1
10343.0,0
10345.0,1
10347.0,1
10349.0,2
10351.0,2
10353.0,1
10355.0,1
10357.0,0
10359.0,1
10361.0,1
10363.0,0
10365.0,0
10367.0,0
10369.0,2
10371.0,0
10373.0,1
10375.0,0
10377.0,1
10379.0,1
10381.0,3
10383.0,4
10385.0,1
10387.0,2
10389.0,4
10391.0,2
10393.0,1
10395.0,2
10397.0,2
10399.0,2
10401.0,1
10403.0,2
10405.0,0
10407.0,2
10409.0,1
10411.0,0
10413.0,0
10415.0,1
10417.0,5
10419.0,2
10421.0,2
10423.0,2
10425.0,2
10427.0,2
10429.0,1
10431.0,3
10433.0,2
10435.0,2
10437.0,2
10439.0,5
10441.0,3
10443.0,1
10445.0,4
10447.0,0
10449.0,1
10451.0,2
10453.0,6
10455.0,3
10457.0,6
10459.0,7
10461.0,0
10463.0,2
10465.0,3
10467.0,0
10469.0,3
10471.0,1
10473.0,2
10475.0,1
10477.0,2
10479.0,2
10481.0,1
10483.0,0
10485.0,3
10487.0,1
10489.0,4
10491.0,1
10493.0,3
10495.0,5
10497.0,2
10499.0,4
10501.0,6
10503.0,7
10505.0,8
10507.0,10
10509.0,9
10511.0,9
10513.0,7
10515.0,4
10517.0,3
10519.0,7
10521.0,2
10523.0,1
10525.0,2
10527.0,4
10529.0,2
10531.0,3
10533.0,3
10535.0,2
10537.0,1
10539.0,0
10541.0,0
10543.0,0
10545.0,0
10547.0,1
10549.0,1
10551.0,1
10553.0,2
10555.0,0
10557.0,0
10559.0,2
10561.0,1
10563.0,0
10565.0,0
10567.0,2
10569.0,1
10571.0,0
10573.0,2
10575.0,0
10577.0,2
10579.0,0
10581.0,1
10583.0,1
10585.0,0
10587.0,0
10589.0,1
10591.0,1
10593.0,1
10595.0,1
10597.0,1
10599.0,1
10601.0,0
10603.0,0
10605.0,0
10607.0,1
10609.0,1
10611.0,0
10613.0,2
10615.0,3
10617.0,0
10619.0,0
10621.0,1
10623.0,1
10625.0,0
10627.0,2
10629.0,2
10631.0,2
10633.0,2
10635.0,1
10637.0,2
10639.0,0
10641.0,4
10643.0,2
10645.0,0
10647.0,0
10649.0,3
10651.0,1
10653.0,0
10655.0,1
10657.0,0
10659.0,1
10661.0,1
10663.0,0
10665.0,0
10667.0,0
10669.0,0
10671.0,0
10673.0,2
10675.0,2
10677.0,5
10679.0,2
10681.0,6
10683.0,4
10685.0,7
10687.0,0
10689.0,4
10691.0,5
10693.0,2
10695.0,2
10697.0,0
10699.0,1
10701.0,2
10703.0,2
10705.0,1
10707.0,0
10709.0,0
10711.0,0
10713.0,1
10715.0,0
10717.0,0
10719.0,0
10721.0,0
10723.0,0
10725.0,0
10727.0,2
10729.0,0
10731.0,0
10733.0,1
10735.0,0
10737.0,1
10739.0,0
10741.0,0
10743.0,0
10745.0,0
10747.0,1
10749.0,0
10751.0,1
10753.0,0
10755.0,0
10757.0,1
10759.0,0
10761.0,0
10763.0,0
10765.0,0
10767.0,0
10769.0,0
10771.0,1
10773.0,0
10775.0,0
10777.0,0
10779.0,0
10781.0,0
10783.0,0
10785.0,0
10787.0,0
10789.0,0
10791.0,0
10793.0,0
10795.0,0
10797.0,0
10799.0,0
10801.0,1
10803.0,0
10805.0,1
10807.0,0
10809.0,0
10811.0,2
10813.0,0
10815.0,1
10817.0,0
10819.0,0
10821.0,0
10823.0,0
10825.0,0
10827.0,0
10829.0,0
10831.0,0
10833.0,0
10835.0,0
10837.0,0
10839.0,0
10841.0,0
10843.0,0
10845.0,2
10847.0,0
10849.0,2
10851.0,0
10853.0,0
10855.0,3
10857.0,0
10859.0,1
10861.0,0
10863.0,1
10865.0,0
10867.0,0
10869.0,1
10871.0,0
10873.0,0
10875.0,0
10877.0,1
10879.0,2
10881.0,2
10883.0,0
10885.0,0
10887.0,1
10889.0,1
10891.0,2
10893.0,1
10895.0,1
10897.0,1
10899.0,0
10901.0,0
10903.0,0
10905.0,0
10907.0,0
10909.0,0
10911.0,1
10913.0,0
10915.0,0
10917.0,1
10919.0,3
10921.0,0
10923.0,0
10925.0,0
10927.0,0
10929.0,0
10931.0,0
10933.0,1
10935.0,0
10937.0,0
10939.0,0
10941.0,0
10943.0,0
10945.0,0
10947.0,1
10949.0,1
10951.0,1
10953.0,0
10955.0,0
10957.0,1
10959.0,0
10961.0,1
10963.0,1
10965.0,0
10967.0,0
10969.0,1
10971.0,0
10973.0,0
10975.0,1
10977.0,0
10979.0,2
10981.0,2
10983.0,1
10985.0,0
10987.0,1
10989.0,0
10991.0,0
10993.0,0
10995.0,0
10997.0,0
10999.0,1
11001.0,0
11003.0,0
11005.0,2
11007.0,0
11009.0,0
11011.0,0
11013.0,3
11015.0,0
11017.0,0
11019.0,0
11021.0,0
11023.0,1
11025.0,0
11027.0,1
11029.0,0
11031.0,0
11033.0,0
11035.0,0
11037.0,1
11039.0,0
11041.0,0
11043.0,0
11045.0,1
11047.0,1
11049.0,0
11051.0,0
11053.0,1
11055.0,2
11057.0,0
11059.0,1
11061.0,0
11063.0,2
11065.0,2
11067.0,2
11069.0,0
11071.0,1
11073.0,0
11075.0,0
11077.0,1
11079.0,0
11081.0,0
11083.0,1
11085.0,0
11087.0,0
11089.0,0
11091.0,0
11093.0,1
11095.0,0
11097.0,1
11099.0,0
11101.0,1
11103.0,0
11105.0,0
11107.0,0
11109.0,0
11111.0,0
11113.0,1
11115.0,2
11117.0,2
11119.0,2
11121.0,0
11123.0,0
11125.0,0
11127.0,1
11129.0,0
11131.0,0
11133.0,0
11135.0,1
11137.0,0
11139.0,1
11141.0,2
11143.0,1
11145.0,0
11147.0,1
11149.0,0
11151.0,1
11153.0,0
11155.0,0
11157.0,0
11159.0,0
11161.0,0
11163.0,0
11165.0,0
11167.0,1
11169.0,0
11171.0,1
11173.0,0
11175.0,2
11177.0,1
11179.0,2
11181.0,0
11183.0,0
11185.0,2
11187.0,3
11189.0,1
11191.0,0
11193.0,0
11195.0,0
11197.0,1
11199.0,0
11201.0,0
11203.0,1
11205.0,1
11207.0,0
11209.0,0
11211.0,0
11213.0,0
11215.0,0
11217.0,1
11219.0,2
11221.0,1
11223.0,0
11225.0,0
11227.0,1
11229.0,0
11231.0,1
11233.0,0
11235.0,0
11237.0,1
11239.0,2
11241.0,0
11243.0,1
11245.0,1
11247.0,1
11249.0,0
11251.0,0
11253.0,1
11255.0,0
11257.0,2
11259.0,1
11261.0,1
11263.0,1
11265.0,4
11267.0,2
11269.0,0
11271.0,0
11273.0,0
11275.0,0
11277.0,1
11279.0,0
11281.0,0
11283.0,0
11285.0,0
11287.0,3
11289.0,0
11291.0,0
11293.0,0
11295.0,0
11297.0,1
11299.0,0
11301.0,1
11303.0,2
11305.0,0
11307.0,0
11309.0,1
11311.0,0
11313.0,2
11315.0,2
11317.0,2
11319.0,0
11321.0,1
11323.0,2
11325.0,2
11327.0,2
11329.0,1
11331.0,0
11333.0,0
11335.0,0
11337.0,0
11339.0,0
11341.0,3
11343.0,3
11345.0,4
11347.0,2
11349.0,0
11351.0,1
11353.0,3
11355.0,1
11357.0,1
11359.0,2
11361.0,1
11363.0,1
11365.0,1
11367.0,0
11369.0,0
11371.0,0
11373.0,1
11375.0,0
11377.0,1
11379.0,1
11381.0,0
11383.0,0
11385.0,1
11387.0,1
11389.0,0
11391.0,0
11393.0,1
11395.0,0
11397.0,0
11399.0,1
11401.0,0
11403.0,1
11405.0,2
11407.0,1
11409.0,0
11411.0,1
11413.0,1
11415.0,0
11417.0,0
11419.0,4
11421.0,1
11423.0,1
11425.0,1
11427.0,0
11429.0,0
11431.0,0
11433.0,1
11435.0,5
11437.0,2
11439.0,4
11441.0,3
11443.0,5
11445.0,1
11447.0,3
11449.0,2
11451.0,0
11453.0,1
11455.0,2
11457.0,1
11459.0,3
11461.0,1
11463.0,4
11465.0,1
11467.0,1
11469.0,2
11471.0,2
11473.0,2
11475.0,5
11477.0,0
11479.0,1
11481.0,2
11483.0,1
11485.0,6
11487.0,3
11489.0,2
11491.0,3
11493.0,5
11495.0,1
11497.0,3
11499.0,5
11501.0,8
11503.0,5
11505.0,3
11507.0,3
11509.0,3
11511.0,0
11513.0,1
11515.0,2
11517.0,1
11519.0,0
11521.0,2
11523.0,3
11525.0,0
11527.0,1
11529.0,1
11531.0,2
11533.0,0
11535.0,1
11537.0,0
11539.0,0
11541.0,1
11543.0,0
11545.0,2
11547.0,2
11549.0,3
11551.0,0
11553.0,2
11555.0,2
11557.0,0
11559.0,0
11561.0,0
11563.0,0
11565.0,1
11567.0,1
11569.0,1
11571.0,3
11573.0,0
11575.0,1
11577.0,1
11579.0,3
11581.0,1
11583.0,1
11585.0,0
11587.0,2
11589.0,0
11591.0,1
11593.0,2
11595.0,2
11597.0,4
11599.0,1
11601.0,1
11603.0,1
11605.0,0
11607.0,0
11609.0,0
11611.0,0
11613.0,0
11615.0,0
11617.0,0
11619.0,2
11621.0,0
11623.0,0
11625.0,1
11627.0,1
11629.0,1
11631.0,3
11633.0,0
11635.0,2
11637.0,2
11639.0,6
11641.0,1
11643.0,5
11645.0,5
11647.0,2
11649.0,3
11651.0,2
11653.0,1
11655.0,0
11657.0,1
11659.0,3
11661.0,3
11663.0,1
11665.0,2
11667.0,0
11669.0,1
11671.0,1
11673.0,0
11675.0,2
11677.0,0
11679.0,3
11681.0,3
11683.0,3
11685.0,2
11687.0,4
11689.0,3
11691.0,6
11693.0,2
11695.0,1
11697.0,1
11699.0,1
11701.0,4
11703.0,0
11705.0,2
11707.0,0
11709.0,0
11711.0,0
11713.0,1
11715.0,3
11717.0,1
11719.0,2
11721.0,6
11723.0,4
11725.0,2
11727.0,4
11729.0,7
11731.0,5
11733.0,3
11735.0,5
11737.0,0
11739.0,2
11741.0,0
11743.0,0
11745.0,0
11747.0,0
11749.0,1
11751.0,0
11753.0,1
11755.0,0
11757.0,0
11759.0,0
11761.0,0
11763.0,0
11765.0,1
11767.0,0
11769.0,0
11771.0,1
11773.0,0
11775.0,0
11777.0,2
11779.0,0
11781.0,0
11783.0,0
11785.0,0
11787.0,0
11789.0,0
11791.0,0
11793.0,0
11795.0,0
11797.0,2
11799.0,1
11801.0,1
11803.0,0
11805.0,0
11807.0,0
11809.0,1
11811.0,1
11813.0,0
11815.0,0
11817.0,1
11819.0,0
11821.0,1
11823.0,0
11825.0,0
11827.0,1
11829.0,1
11831.0,1
11833.0,0
11835.0,1
11837.0,0
11839.0,0
11841.0,0
11843.0,1
11845.0,0
11847.0,0
11849.0,0
11851.0,0
11853.0,1
11855.0,0
11857.0,0
11859.0,0
11861.0,0
11863.0,0
11865.0,0
11867.0,0
11869.0,0
11871.0,0
11873.0,0
11875.0,1
11877.0,1
11879.0,0
11881.0,1
11883.0,0
11885.0,0
11887.0,0
11889.0,0
11891.0,1
11893.0,0
11895.0,0
11897.0,0
11899.0,0
11901.0,0
11903.0,0
11905.0,0
11907.0,2
11909.0,0
11911.0,0
11913.0,0
11915.0,0
11917.0,1
11919.0,0
11921.0,0
11923.0,1
11925.0,0
11927.0,0
11929.0,0
11931.0,0
11933.0,1
11935.0,1
11937.0,0
11939.0,1
11941.0,0
11943.0,1
11945.0,0
11947.0,0
11949.0,1
11951.0,0
11953.0,0
11955.0,0
11957.0,0
11959.0,0
11961.0,1
11963.0,0
11965.0,0
11967.0,0
11969.0,0
11971.0,1
11973.0,0
11975.0,0
11977.0,0
11979.0,0
11981.0,0
11983.0,0
11985.0,0
11987.0,0
11989.0,1
11991.0,0
11993.0,0
11995.0,0
11997.0,0
11999.0,2
12001.0,0
12003.0,1
12005.0,0
12007.0,0
12009.0,0
12011.0,0
12013.0,0
12015.0,0
12017.0,0
12019.0,0
12021.0,0
12023.0,1
12025.0,1
12027.0,0
12029.0,0
12031.0,1
12033.0,2
12035.0,0
12037.0,0
12039.0,0
12041.0,0
12043.0,0
12045.0,2
12047.0,0
12049.0,0
12051.0,0
12053.0,0
12055.0,0
12057.0,0
12059.0,0
12061.0,0
12063.0,1
12065.0,0
12067.0,0
12069.0,0
12071.0,0
12073.0,0
12075.0,0
12077.0,0
12079.0,0
12081.0,0
12083.0,2
12085.0,1
12087.0,2
12089.0,0
12091.0,0
12093.0,0
12095.0,1
12097.0,0
12099.0,1
12101.0,0
12103.0,1
12105.0,2
12107.0,0
12109.0,0
12111.0,0
12113.0,0
12115.0,0
12117.0,1
12119.0,0
12121.0,1
12123.0,0
12125.0,0
12127.0,0
12129.0,0
12131.0,0
12133.0,0
12135.0,0
12137.0,0
12139.0,0
12141.0,0
12143.0,0
12145.0,0
12147.0,0
12149.0,0
12151.0,0
12153.0,0
12155.0,0
12157.0,0
12159.0,2
12161.0,1
12163.0,1
12165.0,0
12167.0,0
12169.0,0
12171.0,1
12173.0,0
12175.0,0
12177.0,1
12179.0,1
12181.0,0
12183.0,0
12185.0,0
12187.0,0
12189.0,0
12191.0,0
12193.0,0
12195.0,0
12197.0,0
12199.0,0
12201.0,0
12203.0,0
12205.0,0
12207.0,0
12209.0,0
12211.0,0
12213.0,0
12215.0,0
12217.0,0
12219.0,0
12221.0,0
12223.0,0
12225.0,0
12227.0,0
12229.0,0
12231.0,0
12233.0,1
12235.0,2
12237.0,0
12239.0,0
12241.0,1
12243.0,1
12245.0,0
12247.0,0
12249.0,0
12251.0,0
12253.0,0
12255.0,0
12257.0,0
12259.0,0
12261.0,0
12263.0,1
12265.0,0
12267.0,0
12269.0,0
12271.0,0
12273.0,0
12275.0,2
12277.0,1
12279.0,0
12281.0,0
12283.0,2
12285.0,0
12287.0,1
12289.0,0
12291.0,0
12293.0,0
12295.0,0
12297.0,0
12299.0,0
12301.0,0
12303.0,0
12305.0,0
12307.0,0
12309.0,0
12311.0,0
12313.0,0
12315.0,0
12317.0,0
12319.0,0
12321.0,0
12323.0,1
12325.0,0
12327.0,0
12329.0,0
12331.0,1
12333.0,0
12335.0,0
12337.0,0
12339.0,2
12341.0,0
12343.0,0
12345.0,0
12347.0,0
12349.0,0
12351.0,0
12353.0,0
12355.0,0
12357.0,0
12359.0,0
12361.0,0
12363.0,0
12365.0,1
12367.0,1
12369.0,1
12371.0,0
12373.0,0
12375.0,0
12377.0,0
12379.0,0
12381.0,0
12383.0,0
12385.0,0
12387.0,1
12389.0,1
12391.0,0
12393.0,1
12395.0,0
12397.0,0
12399.0,1
12401.0,0
12403.0,0
12405.0,0
12407.0,0
12409.0,0
12411.0,0
12413.0,0
12415.0,0
12417.0,1
12419.0,0
12421.0,0
12423.0,1
12425.0,0
12427.0,0
12429.0,0
12431.0,0
12433.0,1
12435.0,1
12437.0,1
12439.0,0
12441.0,0
12443.0,1
12445.0,0
12447.0,0
12449.0,0
12451.0,0
12453.0,1
12455.0,1
12457.0,0
12459.0,0
12461.0,0
12463.0,0
12465.0,0
12467.0,0
12469.0,0
12471.0,0
12473.0,0
12475.0,0
12477.0,0
12479.0,1
12481.0,0
12483.0,0
12485.0,1
12487.0,0
12489.0,0
12491.0,0
12493.0,0
12495.0,1
12497.0,0
12499.0,0
12501.0,0
12503.0,0
12505.0,1
12507.0,0
12509.0,0
12511.0,0
12513.0,0
12515.0,1
12517.0,1
12519.0,0
12521.0,0
12523.0,0
12525.0,0
12527.0,0
12529.0,0
12531.0,0
12533.0,0
12535.0,1
12537.0,0
12539.0,1
12541.0,0
12543.0,0
12545.0,0
12547.0,0
12549.0,0
12551.0,0
12553.0,0
12555.0,0
12557.0,0
12559.0,2
12561.0,0
12563.0,0
12565.0,1
12567.0,0
12569.0,0
12571.0,2
12573.0,1
12575.0,1
12577.0,0
12579.0,0
12581.0,0
12583.0,0
12585.0,0
12587.0,0
12589.0,0
12591.0,0
12593.0,0
12595.0,0
12597.0,0
12599.0,0
12601.0,0
12603.0,0
12605.0,1
12607.0,0
12609.0,0
12611.0,0
12613.0,0
12615.0,1
12617.0,1
12619.0,0
12621.0,0
12623.0,1
12625.0,0
12627.0,0
12629.0,0
12631.0,0
12633.0,0
12635.0,0
12637.0,0
12639.0,0
12641.0,0
12643.0,0
12645.0,0
12647.0,0
12649.0,0
12651.0,0
12653.0,1
12655.0,0
12657.0,0
12659.0,0
12661.0,1
12663.0,0
12665.0,0
12667.0,0
12669.0,0
12671.0,0
12673.0,1
12675.0,0
12677.0,0
12679.0,0
12681.0,0
12683.0,0
12685.0,1
12687.0,0
12689.0,1
12691.0,0
12693.0,0
12695.0,0
12697.0,0
12699.0,0
12701.0,0
12703.0,0
12705.0,0
12707.0,0
12709.0,1
12711.0,0
12713.0,0
12715.0,0
12717.0,1
12719.0,1
12721.0,1
12723.0,0
12725.0,0
12727.0,0
12729.0,0
12731.0,0
12733.0,0
12735.0,0
12737.0,1
12739.0,0
12741.0,0
12743.0,0
12745.0,0
12747.0,1
12749.0,0
12751.0,0
12753.0,2
12755.0,0
12757.0,1
12759.0,0
12761.0,1
12763.0,1
12765.0,0
12767.0,0
12769.0,0
12771.0,2
12773.0,0
12775.0,0
12777.0,0
12779.0,0
12781.0,0
12783.0,1
12785.0,0
12787.0,1
12789.0,0
12791.0,1
12793.0,1
12795.0,1
12797.0,2
12799.0,0
12801.0,1
12803.0,0
12805.0,0
12807.0,0
12809.0,0
12811.0,2
12813.0,1
12815.0,1
12817.0,0
12819.0,0
12821.0,0
12823.0,1
12825.0,0
12827.0,1
12829.0,0
12831.0,0
12833.0,1
12835.0,0
12837.0,1
12839.0,1
12841.0,0
12843.0,0
12845.0,1
12847.0,1
12849.0,0
12851.0,1
12853.0,0
12855.0,0
12857.0,1
12859.0,0
12861.0,1
12863.0,1
12865.0,0
12867.0,0
12869.0,2
12871.0,0
12873.0,0
12875.0,0
12877.0,1
12879.0,0
12881.0,0
12883.0,0
12885.0,0
12887.0,0
12889.0,0
12891.0,0
12893.0,0
12895.0,2
12897.0,0
12899.0,0
12901.0,0
12903.0,0
12905.0,0
12907.0,0
12909.0,1
12911.0,0
12913.0,1
12915.0,2
12917.0,0
12919.0,0
12921.0,0
12923.0,0
12925.0,0
12927.0,0
12929.0,0
12931.0,0
12933.0,1
12935.0,0
12937.0,1
12939.0,1
12941.0,0
12943.0,0
12945.0,0
12947.0,0
12949.0,0
12951.0,0
12953.0,0
12955.0,0
12957.0,0
12959.0,1
12961.0,0
12963.0,0
12965.0,0
12967.0,0
12969.0,2
12971.0,0
12973.0,1
12975.0,0
12977.0,0
12979.0,3
12981.0,1
12983.0,0
12985.0,0
12987.0,0
12989.0,0
12991.0,0
12993.0,0
12995.0,0
12997.0,0
