Bin center (eV),Counts per 2 eV bin
801.0,6
803.0,10
805.0,7
807.0,12
809.0,11
811.0,8
813.0,6
815.0,9
817.0,10
819.0,11
821.0,9
823.0,5
825.0,12
827.0,8
829.0,5
831.0,7
833.0,8
835.0,8
837.0,10
839.0,10
841.0,9
843.0,3
845.0,10
847.0,10
849.0,10
851.0,10
853.0,10
855.0,11
857.0,7
859.0,13
861.0,13
863.0,6
865.0,14
867.0,12
869.0,6
871.0,19
873.0,5
875.0,8
877.0,15
879.0,11
881.0,7
883.0,13
885.0,12
887.0,19
889.0,28
891.0,19
893.0,35
895.0,41
897.0,25
899.0,25
901.0,5
903.0,21
905.0,9
907.0,15
909.0,18
911.0,14
913.0,14
915.0,24
917.0,28
919.0,35
921.0,31
923.0,22
925.0,30
927.0,46
929.0,47
931.0,50
933.0,67
935.0,53
937.0,68
939.0,61
941.0,54
943.0,81
945.0,95
947.0,95
949.0,143
951.0,214
953.0,346
955.0,419
957.0,321
959.0,325
961.0,339
963.0,397
965.0,570
967.0,577
969.0,409
971.0,278
973.0,201
975.0,126
977.0,104
979.0,83
981.0,72
983.0,55
985.0,45
987.0,51
989.0,47
991.0,44
993.0,38
995.0,28
997.0,61
999.0,72
1001.0,77
1003.0,62
1005.0,70
1007.0,79
1009.0,102
1011.0,217
1013.0,367
1015.0,404
1017.0,317
1019.0,165
1021.0,183
1023.0,242
1025.0,322
1027.0,561
1029.0,575
1031.0,385
1033.0,324
1035.0,377
1037.0,387
1039.0,387
1041.0,248
1043.0,169
1045.0,149
1047.0,120
1049.0,91
1051.0,101
1053.0,95
1055.0,118
1057.0,105
1059.0,54
1061.0,72
1063.0,63
1065.0,80
1067.0,48
1069.0,54
1071.0,54
1073.0,52
1075.0,51
1077.0,69
1079.0,43
1081.0,44
1083.0,42
1085.0,31
1087.0,42
1089.0,43
1091.0,26
1093.0,31
1095.0,40
1097.0,38
1099.0,32
1101.0,29
1103.0,32
1105.0,34
1107.0,29
1109.0,17
1111.0,32
1113.0,26
1115.0,29
1117.0,20
1119.0,32
1121.0,45
1123.0,54
1125.0,48
1127.0,32
1129.0,37
1131.0,36
1133.0,16
1135.0,20
1137.0,26
1139.0,21
1141.0,30
1143.0,19
1145.0,22
1147.0,20
1149.0,27
1151.0,26
1153.0,20
1155.0,20
1157.0,21
1159.0,20
1161.0,17
1163.0,23
1165.0,23
1167.0,17
1169.0,31
1171.0,27
1173.0,17
1175.0,19
1177.0,17
1179.0,16
1181.0,20
1183.0,19
1185.0,9
1187.0,19
1189.0,20
1191.0,19
1193.0,18
1195.0,22
1197.0,20
1199.0,18
1201.0,20
1203.0,18
1205.0,17
1207.0,17
1209.0,23
1211.0,15
1213.0,15
1215.0,21
1217.0,22
1219.0,28
1221.0,14
1223.0,17
1225.0,23
1227.0,18
1229.0,24
1231.0,13
1233.0,21
1235.0,20
1237.0,22
1239.0,26
1241.0,17
1243.0,11
1245.0,17
1247.0,23
1249.0,27
1251.0,34
1253.0,12
1255.0,20
1257.0,16
1259.0,9
1261.0,31
1263.0,24
1265.0,31
1267.0,9
1269.0,16
1271.0,23
1273.0,17
1275.0,22
1277.0,22
1279.0,16
1281.0,20
1283.0,20
1285.0,15
1287.0,20
1289.0,22
1291.0,21
1293.0,18
1295.0,22
1297.0,27
1299.0,30
1301.0,20
1303.0,20
1305.0,25
1307.0,11
1309.0,17
1311.0,25
1313.0,25
1315.0,21
1317.0,24
1319.0,16
1321.0,13
1323.0,21
1325.0,15
1327.0,23
1329.0,23
1331.0,16
1333.0,20
1335.0,20
1337.0,31
1339.0,19
1341.0,25
1343.0,14
1345.0,19
1347.0,25
1349.0,20
1351.0,16
1353.0,24
1355.0,12
1357.0,25
1359.0,22
1361.0,29
1363.0,18
1365.0,22
1367.0,19
1369.0,15
1371.0,23
1373.0,26
1375.0,23
1377.0,13
1379.0,23
1381.0,22
1383.0,25
1385.0,19
1387.0,30
1389.0,24
1391.0,19
1393.0,20
1395.0,17
1397.0,16
1399.0,13
1401.0,18
1403.0,15
1405.0,18
1407.0,17
1409.0,21
1411.0,24
1413.0,20
1415.0,22
1417.0,25
1419.0,21
1421.0,17
1423.0,18
1425.0,24
1427.0,14
1429.0,33
1431.0,21
1433.0,24
1435.0,18
1437.0,19
1439.0,15
1441.0,17
1443.0,15
1445.0,17
1447.0,19
1449.0,19
1451.0,17
1453.0,20
1455.0,21
1457.0,22
1459.0,16
1461.0,25
1463.0,25
1465.0,21
1467.0,13
1469.0,17
1471.0,27
1473.0,15
1475.0,25
1477.0,31
1479.0,21
1481.0,24
1483.0,15
1485.0,18
1487.0,22
1489.0,28
1491.0,22
1493.0,28
1495.0,21
1497.0,23
1499.0,29
1501.0,27
1503.0,27
1505.0,28
1507.0,24
1509.0,25
1511.0,12
1513.0,16
1515.0,28
1517.0,29
1519.0,23
1521.0,28
1523.0,29
1525.0,21
1527.0,24
1529.0,33
1531.0,30
1533.0,31
1535.0,26
1537.0,17
1539.0,14
1541.0,30
1543.0,28
1545.0,27
1547.0,25
1549.0,23
1551.0,23
1553.0,33
1555.0,15
1557.0,33
1559.0,20
1561.0,34
1563.0,38
1565.0,36
1567.0,36
1569.0,38
1571.0,53
1573.0,48
1575.0,61
1577.0,62
1579.0,54
1581.0,77
1583.0,95
1585.0,73
1587.0,85
1589.0,69
1591.0,70
1593.0,64
1595.0,68
1597.0,62
1599.0,60
1601.0,72
1603.0,73
1605.0,66
1607.0,86
1609.0,56
1611.0,70
1613.0,56
1615.0,52
1617.0,48
1619.0,45
1621.0,40
1623.0,36
1625.0,28
1627.0,35
1629.0,24
1631.0,18
1633.0,17
1635.0,24
1637.0,22
1639.0,20
1641.0,34
1643.0,19
1645.0,11
1647.0,16
1649.0,9
1651.0,25
1653.0,23
1655.0,25
1657.0,13
1659.0,21
1661.0,13
1663.0,15
1665.0,24
1667.0,26
1669.0,26
1671.0,32
1673.0,26
1675.0,29
1677.0,32
1679.0,28
1681.0,22
1683.0,24
1685.0,22
1687.0,17
1689.0,25
1691.0,22
1693.0,14
1695.0,24
1697.0,21
1699.0,20
1701.0,17
1703.0,15
1705.0,17
1707.0,14
1709.0,20
1711.0,19
1713.0,19
1715.0,19
1717.0,28
1719.0,18
1721.0,27
1723.0,36
1725.0,37
1727.0,39
1729.0,30
1731.0,32
1733.0,32
1735.0,30
1737.0,37
1739.0,29
1741.0,36
1743.0,31
1745.0,28
1747.0,33
1749.0,29
1751.0,29
1753.0,33
1755.0,35
1757.0,37
1759.0,37
1761.0,38
1763.0,40
1765.0,39
1767.0,46
1769.0,47
1771.0,48
1773.0,57
1775.0,43
1777.0,57
1779.0,53
1781.0,48
1783.0,79
1785.0,67
1787.0,92
1789.0,94
1791.0,69
1793.0,76
1795.0,87
1797.0,64
1799.0,62
1801.0,58
1803.0,66
1805.0,51
1807.0,45
1809.0,46
1811.0,51
1813.0,63
1815.0,50
1817.0,44
1819.0,42
1821.0,36
1823.0,31
1825.0,34
1827.0,37
1829.0,32
1831.0,30
1833.0,50
1835.0,46
1837.0,40
1839.0,42
1841.0,40
1843.0,60
1845.0,49
1847.0,60
1849.0,58
1851.0,57
1853.0,62
1855.0,54
1857.0,62
1859.0,45
1861.0,55
1863.0,59
1865.0,58
1867.0,53
1869.0,55
1871.0,43
1873.0,45
1875.0,37
1877.0,32
1879.0,35
1881.0,26
1883.0,32
1885.0,18
1887.0,15
1889.0,23
1891.0,16
1893.0,23
1895.0,30
1897.0,15
1899.0,21
1901.0,17
1903.0,23
1905.0,17
1907.0,26
1909.0,20
1911.0,25
1913.0,25
1915.0,14
1917.0,34
1919.0,28
1921.0,26
1923.0,27
1925.0,24
1927.0,22
1929.0,25
1931.0,16
1933.0,24
1935.0,22
1937.0,13
1939.0,20
1941.0,17
1943.0,15
1945.0,11
1947.0,12
1949.0,8
1951.0,9
1953.0,13
1955.0,15
1957.0,16
1959.0,18
1961.0,23
1963.0,13
1965.0,20
1967.0,19
1969.0,15
1971.0,18
1973.0,21
1975.0,34
1977.0,34
1979.0,32
1981.0,34
1983.0,36
1985.0,25
1987.0,28
1989.0,29
1991.0,32
1993.0,26
1995.0,16
1997.0,25
1999.0,22
2001.0,34
2003.0,18
2005.0,22
2007.0,24
2009.0,23
2011.0,25
2013.0,28
2015.0,29
2017.0,31
2019.0,38
2021.0,33
2023.0,42
2025.0,31
2027.0,30
2029.0,34
2031.0,26
2033.0,29
2035.0,33
2037.0,33
2039.0,40
2041.0,46
2043.0,48
2045.0,66
2047.0,64
2049.0,45
2051.0,51
2053.0,55
2055.0,48
2057.0,37
2059.0,33
2061.0,36
2063.0,45
2065.0,32
2067.0,38
2069.0,48
2071.0,31
2073.0,35
2075.0,26
2077.0,23
2079.0,26
2081.0,28
2083.0,37
2085.0,28
2087.0,55
2089.0,53
2091.0,26
2093.0,28
2095.0,17
2097.0,19
2099.0,19
2101.0,31
2103.0,33
2105.0,35
2107.0,30
2109.0,27
2111.0,32
2113.0,52
2115.0,40
2117.0,34
2119.0,37
2121.0,45
2123.0,42
2125.0,27
2127.0,24
2129.0,34
2131.0,24
2133.0,22
2135.0,16
2137.0,17
2139.0,15
2141.0,24
2143.0,26
2145.0,26
2147.0,27
2149.0,18
2151.0,18
2153.0,19
2155.0,24
2157.0,25
2159.0,20
2161.0,17
2163.0,26
2165.0,31
2167.0,22
2169.0,24
2171.0,25
2173.0,39
2175.0,29
2177.0,39
2179.0,42
2181.0,55
2183.0,38
2185.0,48
2187.0,46
2189.0,57
2191.0,62
2193.0,61
2195.0,65
2197.0,57
2199.0,47
2201.0,41
2203.0,33
2205.0,41
2207.0,31
2209.0,31
2211.0,22
2213.0,39
2215.0,21
2217.0,32
2219.0,31
2221.0,31
2223.0,26
2225.0,21
2227.0,30
2229.0,22
2231.0,20
2233.0,39
2235.0,22
2237.0,30
2239.0,33
2241.0,30
2243.0,27
2245.0,31
2247.0,34
2249.0,29
2251.0,27
2253.0,26
2255.0,22
2257.0,33
2259.0,23
2261.0,35
2263.0,24
2265.0,36
2267.0,34
2269.0,37
2271.0,36
2273.0,29
2275.0,39
2277.0,39
2279.0,48
2281.0,43
2283.0,46
2285.0,42
2287.0,59
2289.0,63
2291.0,53
2293.0,76
2295.0,87
2297.0,73
2299.0,82
2301.0,91
2303.0,110
2305.0,141
2307.0,100
2309.0,114
2311.0,112
2313.0,94
2315.0,95
2317.0,84
2319.0,73
2321.0,69
2323.0,50
2325.0,56
2327.0,43
2329.0,29
2331.0,36
2333.0,31
2335.0,27
2337.0,24
2339.0,34
2341.0,27
2343.0,27
2345.0,44
2347.0,38
2349.0,36
2351.0,22
2353.0,23
2355.0,23
2357.0,33
2359.0,21
2361.0,23
2363.0,33
2365.0,31
2367.0,18
2369.0,23
2371.0,24
2373.0,19
2375.0,24
2377.0,18
2379.0,20
2381.0,12
2383.0,13
2385.0,15
2387.0,25
2389.0,25
2391.0,27
2393.0,27
2395.0,38
2397.0,27
2399.0,38
2401.0,30
2403.0,27
2405.0,25
2407.0,20
2409.0,22
2411.0,22
2413.0,28
2415.0,18
2417.0,26
2419.0,26
2421.0,35
2423.0,27
2425.0,29
2427.0,31
2429.0,23
2431.0,19
2433.0,20
2435.0,28
2437.0,21
2439.0,24
2441.0,37
2443.0,21
2445.0,33
2447.0,25
2449.0,24
2451.0,23
2453.0,19
2455.0,17
2457.0,23
2459.0,29
2461.0,24
2463.0,36
2465.0,31
2467.0,29
2469.0,41
2471.0,61
2473.0,53
2475.0,45
2477.0,31
2479.0,27
2481.0,26
2483.0,24
2485.0,27
2487.0,33
2489.0,22
2491.0,21
2493.0,25
2495.0,17
2497.0,27
2499.0,23
2501.0,30
2503.0,21
2505.0,23
2507.0,29
2509.0,21
2511.0,13
2513.0,13
2515.0,24
2517.0,15
2519.0,15
2521.0,15
2523.0,18
2525.0,14
2527.0,18
2529.0,21
2531.0,27
2533.0,29
2535.0,26
2537.0,22
2539.0,39
2541.0,28
2543.0,30
2545.0,29
2547.0,38
2549.0,34
2551.0,33
2553.0,32
2555.0,29
2557.0,26
2559.0,23
2561.0,31
2563.0,35
2565.0,38
2567.0,32
2569.0,23
2571.0,39
2573.0,31
2575.0,27
2577.0,31
2579.0,33
2581.0,23
2583.0,28
2585.0,26
2587.0,32
2589.0,23
2591.0,21
2593.0,38
2595.0,30
2597.0,22
2599.0,23
2601.0,23
2603.0,49
2605.0,40
2607.0,31
2609.0,31
2611.0,35
2613.0,38
2615.0,40
2617.0,31
2619.0,20
2621.0,24
2623.0,34
2625.0,29
2627.0,28
2629.0,21
2631.0,26
2633.0,28
2635.0,27
2637.0,31
2639.0,29
2641.0,42
2643.0,35
2645.0,41
2647.0,26
2649.0,20
2651.0,21
2653.0,33
2655.0,27
2657.0,22
2659.0,17
2661.0,21
2663.0,29
2665.0,31
2667.0,30
2669.0,30
2671.0,23
2673.0,35
2675.0,27
2677.0,20
2679.0,40
2681.0,30
2683.0,22
2685.0,22
2687.0,25
2689.0,28
2691.0,29
2693.0,35
2695.0,35
2697.0,43
2699.0,41
2701.0,40
2703.0,36
2705.0,14
2707.0,18
2709.0,22
2711.0,19
2713.0,22
2715.0,19
2717.0,14
2719.0,17
2721.0,18
2723.0,21
2725.0,22
2727.0,18
2729.0,30
2731.0,42
2733.0,37
2735.0,30
2737.0,33
2739.0,14
2741.0,15
2743.0,31
2745.0,32
2747.0,21
2749.0,31
2751.0,35
2753.0,41
2755.0,39
2757.0,43
2759.0,36
2761.0,27
2763.0,33
2765.0,35
2767.0,28
2769.0,23
2771.0,26
2773.0,34
2775.0,24
2777.0,38
2779.0,38
2781.0,41
2783.0,45
2785.0,41
2787.0,43
2789.0,44
2791.0,48
2793.0,50
2795.0,53
2797.0,59
2799.0,56
2801.0,52
2803.0,65
2805.0,51
2807.0,75
2809.0,60
2811.0,59
2813.0,69
2815.0,72
2817.0,60
2819.0,66
2821.0,50
2823.0,52
2825.0,45
2827.0,45
2829.0,50
2831.0,45
2833.0,45
2835.0,49
2837.0,53
2839.0,25
2841.0,41
2843.0,32
2845.0,33
2847.0,35
2849.0,39
2851.0,47
2853.0,26
2855.0,36
2857.0,39
2859.0,49
2861.0,50
2863.0,58
2865.0,67
2867.0,54
2869.0,36
2871.0,47
2873.0,36
2875.0,41
2877.0,39
2879.0,48
2881.0,48
2883.0,37
2885.0,46
2887.0,22
2889.0,26
2891.0,22
2893.0,27
2895.0,35
2897.0,36
2899.0,32
2901.0,31
2903.0,19
2905.0,29
2907.0,36
2909.0,34
2911.0,37
2913.0,39
2915.0,32
2917.0,40
2919.0,46
2921.0,42
2923.0,34
2925.0,51
2927.0,44
2929.0,42
2931.0,55
2933.0,57
2935.0,58
2937.0,47
2939.0,35
2941.0,43
2943.0,29
2945.0,23
2947.0,33
2949.0,36
2951.0,46
2953.0,38
2955.0,33
2957.0,48
2959.0,32
2961.0,35
2963.0,40
2965.0,57
2967.0,48
2969.0,52
2971.0,58
2973.0,76
2975.0,66
2977.0,52
2979.0,51
2981.0,65
2983.0,72
2985.0,60
2987.0,71
2989.0,88
2991.0,75
2993.0,67
2995.0,53
2997.0,42
2999.0,30
3001.0,37
3003.0,35
3005.0,27
3007.0,35
3009.0,31
3011.0,42
3013.0,35
3015.0,39
3017.0,45
3019.0,24
3021.0,38
3023.0,29
3025.0,50
3027.0,38
3029.0,45
3031.0,45
3033.0,44
3035.0,48
3037.0,40
3039.0,48
3041.0,63
3043.0,67
3045.0,56
3047.0,35
3049.0,46
3051.0,36
3053.0,27
3055.0,24
3057.0,33
3059.0,40
3061.0,22
3063.0,44
3065.0,41
3067.0,34
3069.0,40
3071.0,43
3073.0,51
3075.0,46
3077.0,42
3079.0,46
3081.0,38
3083.0,36
3085.0,47
3087.0,41
3089.0,41
3091.0,51
3093.0,43
3095.0,58
3097.0,54
3099.0,51
3101.0,45
3103.0,26
3105.0,36
3107.0,34
3109.0,36
3111.0,26
3113.0,18
3115.0,34
3117.0,28
3119.0,35
3121.0,33
3123.0,33
3125.0,41
3127.0,51
3129.0,47
3131.0,44
3133.0,55
3135.0,60
3137.0,51
3139.0,44
3141.0,53
3143.0,31
3145.0,34
3147.0,46
3149.0,58
3151.0,63
3153.0,39
3155.0,30
3157.0,20
3159.0,30
3161.0,28
3163.0,36
3165.0,40
3167.0,30
3169.0,30
3171.0,25
3173.0,39
3175.0,39
3177.0,49
3179.0,56
3181.0,62
3183.0,41
3185.0,43
3187.0,54
3189.0,33
3191.0,38
3193.0,36
3195.0,35
3197.0,50
3199.0,45
3201.0,64
3203.0,61
3205.0,54
3207.0,45
3209.0,50
3211.0,27
3213.0,34
3215.0,30
3217.0,30
3219.0,37
3221.0,29
3223.0,35
3225.0,38
3227.0,30
3229.0,38
3231.0,36
3233.0,48
3235.0,31
3237.0,49
3239.0,48
3241.0,51
3243.0,36
3245.0,54
3247.0,33
3249.0,46
3251.0,64
3253.0,69
3255.0,50
3257.0,43
3259.0,48
3261.0,37
3263.0,31
3265.0,39
3267.0,24
3269.0,31
3271.0,31
3273.0,36
3275.0,43
3277.0,33
3279.0,36
3281.0,26
3283.0,36
3285.0,39
3287.0,26
3289.0,50
3291.0,40
3293.0,51
3295.0,29
3297.0,58
3299.0,45
3301.0,64
3303.0,67
3305.0,71
3307.0,54
3309.0,40
3311.0,47
3313.0,51
3315.0,49
3317.0,35
3319.0,31
3321.0,44
3323.0,38
3325.0,35
3327.0,32
3329.0,34
3331.0,24
3333.0,33
3335.0,34
3337.0,35
3339.0,38
3341.0,27
3343.0,25
3345.0,45
3347.0,38
3349.0,42
3351.0,35
3353.0,69
3355.0,52
3357.0,52
3359.0,62
3361.0,55
3363.0,58
3365.0,43
3367.0,38
3369.0,39
3371.0,35
3373.0,23
3375.0,28
3377.0,23
3379.0,37
3381.0,36
3383.0,34
3385.0,27
3387.0,30
3389.0,42
3391.0,49
3393.0,32
3395.0,30
3397.0,39
3399.0,55
3401.0,47
3403.0,47
3405.0,52
3407.0,43
3409.0,49
3411.0,58
3413.0,52
3415.0,46
3417.0,43
3419.0,48
3421.0,44
3423.0,36
3425.0,36
3427.0,37
3429.0,38
3431.0,39
3433.0,59
3435.0,49
3437.0,65
3439.0,59
3441.0,49
3443.0,37
3445.0,42
3447.0,41
3449.0,41
3451.0,34
3453.0,41
3455.0,41
3457.0,52
3459.0,32
3461.0,45
3463.0,35
3465.0,34
3467.0,24
3469.0,34
3471.0,25
3473.0,44
3475.0,31
3477.0,36
3479.0,38
3481.0,44
3483.0,45
3485.0,53
3487.0,36
3489.0,52
3491.0,39
3493.0,30
3495.0,44
3497.0,42
3499.0,28
3501.0,25
3503.0,37
3505.0,38
3507.0,34
3509.0,44
3511.0,36
3513.0,32
3515.0,23
3517.0,18
3519.0,25
3521.0,29
3523.0,32
3525.0,30
3527.0,33
3529.0,27
3531.0,26
3533.0,27
3535.0,28
3537.0,28
3539.0,37
3541.0,30
3543.0,28
3545.0,34
3547.0,27
3549.0,29
3551.0,42
3553.0,28
3555.0,27
3557.0,24
3559.0,16
3561.0,21
3563.0,23
3565.0,25
3567.0,29
3569.0,30
3571.0,20
3573.0,19
3575.0,23
3577.0,38
3579.0,43
3581.0,45
3583.0,38
3585.0,45
3587.0,44
3589.0,34
3591.0,34
3593.0,29
3595.0,37
3597.0,24
3599.0,33
3601.0,35
3603.0,32
3605.0,34
3607.0,19
3609.0,27
3611.0,37
3613.0,28
3615.0,18
3617.0,14
3619.0,27
3621.0,27
3623.0,33
3625.0,44
3627.0,57
3629.0,58
3631.0,66
3633.0,64
3635.0,46
3637.0,54
3639.0,36
3641.0,39
3643.0,28
3645.0,20
3647.0,12
3649.0,19
3651.0,17
3653.0,25
3655.0,23
3657.0,24
3659.0,18
3661.0,19
3663.0,16
3665.0,19
3667.0,21
3669.0,30
3671.0,24
3673.0,46
3675.0,51
3677.0,55
3679.0,60
3681.0,43
3683.0,36
3685.0,29
3687.0,31
3689.0,38
3691.0,32
3693.0,27
3695.0,33
3697.0,26
3699.0,16
3701.0,18
3703.0,22
3705.0,36
3707.0,18
3709.0,21
3711.0,11
3713.0,28
3715.0,25
3717.0,39
3719.0,53
3721.0,38
3723.0,27
3725.0,27
3727.0,20
3729.0,16
3731.0,21
3733.0,18
3735.0,17
3737.0,27
3739.0,43
3741.0,24
3743.0,19
3745.0,15
3747.0,26
3749.0,23
3751.0,34
3753.0,42
3755.0,26
3757.0,23
3759.0,16
3761.0,31
3763.0,31
3765.0,38
3767.0,35
3769.0,30
3771.0,23
3773.0,23
3775.0,29
3777.0,15
3779.0,11
3781.0,14
3783.0,12
3785.0,19
3787.0,24
3789.0,29
3791.0,33
3793.0,36
3795.0,27
3797.0,19
3799.0,21
3801.0,24
3803.0,32
3805.0,42
3807.0,38
3809.0,35
3811.0,21
3813.0,27
3815.0,31
3817.0,20
3819.0,25
3821.0,20
3823.0,12
3825.0,10
3827.0,14
3829.0,19
3831.0,15
3833.0,18
3835.0,18
3837.0,16
3839.0,26
3841.0,18
3843.0,21
3845.0,13
3847.0,19
3849.0,30
3851.0,19
3853.0,24
3855.0,19
3857.0,11
3859.0,6
3861.0,22
3863.0,20
3865.0,16
3867.0,12
3869.0,9
3871.0,15
3873.0,17
3875.0,8
3877.0,11
3879.0,15
3881.0,12
3883.0,15
3885.0,13
3887.0,10
3889.0,10
3891.0,7
3893.0,16
3895.0,15
3897.0,20
3899.0,41
3901.0,31
3903.0,38
3905.0,21
3907.0,16
3909.0,12
3911.0,8
3913.0,17
3915.0,12
3917.0,14
3919.0,19
3921.0,12
3923.0,9
3925.0,16
3927.0,14
3929.0,10
3931.0,12
3933.0,18
3935.0,12
3937.0,18
3939.0,7
3941.0,17
3943.0,7
3945.0,14
3947.0,14
3949.0,14
3951.0,11
3953.0,11
3955.0,16
3957.0,23
3959.0,23
3961.0,29
3963.0,27
3965.0,25
3967.0,16
3969.0,14
3971.0,7
3973.0,12
3975.0,6
3977.0,8
3979.0,15
3981.0,5
3983.0,10
3985.0,7
3987.0,7
3989.0,9
3991.0,7
3993.0,4
3995.0,8
3997.0,6
3999.0,5
4001.0,10
4003.0,7
4005.0,9
4007.0,7
4009.0,7
4011.0,4
4013.0,9
4015.0,7
4017.0,12
4019.0,16
4021.0,16
4023.0,14
4025.0,15
4027.0,13
4029.0,10
4031.0,11
4033.0,10
4035.0,12
4037.0,14
4039.0,11
4041.0,17
4043.0,13
4045.0,18
4047.0,15
4049.0,8
4051.0,9
4053.0,12
4055.0,7
4057.0,6
4059.0,5
4061.0,10
4063.0,11
4065.0,8
4067.0,5
4069.0,7
4071.0,5
4073.0,2
4075.0,7
4077.0,9
4079.0,13
4081.0,21
4083.0,18
4085.0,10
4087.0,6
4089.0,13
4091.0,7
4093.0,6
4095.0,4
4097.0,10
4099.0,7
4101.0,11
4103.0,7
4105.0,11
4107.0,13
4109.0,8
4111.0,5
4113.0,8
4115.0,6
4117.0,13
4119.0,13
4121.0,13
4123.0,13
4125.0,7
4127.0,10
4129.0,5
4131.0,5
4133.0,12
4135.0,8
4137.0,9
4139.0,6
4141.0,4
4143.0,10
4145.0,3
4147.0,4
4149.0,12
4151.0,8
4153.0,8
4155.0,12
4157.0,8
4159.0,7
4161.0,10
4163.0,5
4165.0,6
4167.0,13
4169.0,2
4171.0,6
4173.0,2
4175.0,9
4177.0,6
4179.0,5
4181.0,3
4183.0,6
4185.0,8
4187.0,7
4189.0,8
4191.0,5
4193.0,8
4195.0,4
4197.0,10
4199.0,12
4201.0,14
4203.0,10
4205.0,5
4207.0,11
4209.0,8
4211.0,7
4213.0,11
4215.0,7
4217.0,11
4219.0,13
4221.0,8
4223.0,13
4225.0,5
4227.0,7
4229.0,8
4231.0,10
4233.0,10
4235.0,9
4237.0,7
4239.0,6
4241.0,2
4243.0,4
4245.0,5
4247.0,8
4249.0,9
4251.0,12
4253.0,10
4255.0,10
4257.0,10
4259.0,15
4261.0,6
4263.0,4
4265.0,4
4267.0,14
4269.0,14
4271.0,7
4273.0,12
4275.0,12
4277.0,8
4279.0,9
4281.0,16
4283.0,7
4285.0,5
4287.0,3
4289.0,5
4291.0,7
4293.0,13
4295.0,10
4297.0,12
4299.0,10
4301.0,13
4303.0,10
4305.0,10
4307.0,14
4309.0,12
4311.0,5
4313.0,8
4315.0,18
4317.0,12
4319.0,14
4321.0,11
4323.0,12
4325.0,8
4327.0,9
4329.0,9
4331.0,6
4333.0,11
4335.0,4
4337.0,7
4339.0,7
4341.0,18
4343.0,18
4345.0,21
4347.0,17
4349.0,13
4351.0,6
4353.0,9
4355.0,10
4357.0,10
4359.0,13
4361.0,10
4363.0,11
4365.0,7
4367.0,11
4369.0,5
4371.0,5
4373.0,10
4375.0,9
4377.0,6
4379.0,6
4381.0,6
4383.0,5
4385.0,10
4387.0,7
4389.0,13
4391.0,24
4393.0,17
4395.0,12
4397.0,15
4399.0,8
4401.0,6
4403.0,6
4405.0,9
4407.0,14
4409.0,25
4411.0,25
4413.0,35
4415.0,18
4417.0,20
4419.0,8
4421.0,9
4423.0,9
4425.0,17
4427.0,4
4429.0,11
4431.0,4
4433.0,7
4435.0,5
4437.0,10
4439.0,5
4441.0,6
4443.0,3
4445.0,9
4447.0,5
4449.0,7
4451.0,2
4453.0,7
4455.0,11
4457.0,12
4459.0,7
4461.0,8
4463.0,16
4465.0,12
4467.0,17
4469.0,15
4471.0,24
4473.0,25
4475.0,17
4477.0,9
4479.0,4
4481.0,6
4483.0,6
4485.0,7
4487.0,14
4489.0,10
4491.0,11
4493.0,3
4495.0,7
4497.0,13
4499.0,10
4501.0,19
4503.0,14
4505.0,16
4507.0,15
4509.0,17
4511.0,15
4513.0,9
4515.0,15
4517.0,16
4519.0,10
4521.0,12
4523.0,4
4525.0,13
4527.0,10
4529.0,5
4531.0,7
4533.0,5
4535.0,8
4537.0,5
4539.0,8
4541.0,5
4543.0,8
4545.0,12
4547.0,16
4549.0,13
4551.0,14
4553.0,10
4555.0,8
4557.0,9
4559.0,6
4561.0,9
4563.0,11
4565.0,20
4567.0,15
4569.0,16
4571.0,8
4573.0,5
4575.0,4
4577.0,7
4579.0,4
4581.0,2
4583.0,4
4585.0,8
4587.0,11
4589.0,9
4591.0,13
4593.0,11
4595.0,8
4597.0,7
4599.0,6
4601.0,8
4603.0,12
4605.0,18
4607.0,21
4609.0,21
4611.0,24
4613.0,18
4615.0,10
4617.0,8
4619.0,3
4621.0,3
4623.0,6
4625.0,4
4627.0,7
4629.0,6
4631.0,2
4633.0,8
4635.0,8
4637.0,2
4639.0,4
4641.0,4
4643.0,8
4645.0,4
4647.0,4
4649.0,12
4651.0,11
4653.0,11
4655.0,12
4657.0,17
4659.0,17
4661.0,14
4663.0,10
4665.0,4
4667.0,5
4669.0,5
4671.0,5
4673.0,3
4675.0,4
4677.0,3
4679.0,6
4681.0,4
4683.0,3
4685.0,9
4687.0,1
4689.0,4
4691.0,6
4693.0,4
4695.0,5
4697.0,5
4699.0,0
4701.0,4
4703.0,2
4705.0,3
4707.0,7
4709.0,7
4711.0,9
4713.0,1
4715.0,9
4717.0,4
4719.0,3
4721.0,5
4723.0,3
4725.0,4
4727.0,4
4729.0,4
4731.0,5
4733.0,2
4735.0,8
4737.0,10
4739.0,6
4741.0,9
4743.0,10
4745.0,3
4747.0,6
4749.0,4
4751.0,9
4753.0,3
4755.0,2
4757.0,7
4759.0,4
4761.0,10
4763.0,5
4765.0,6
4767.0,6
4769.0,0
4771.0,4
4773.0,5
4775.0,2
4777.0,5
4779.0,3
4781.0,3
4783.0,6
4785.0,5
4787.0,4
4789.0,5
4791.0,2
4793.0,3
4795.0,5
4797.0,2
4799.0,0
4801.0,3
4803.0,4
4805.0,2
4807.0,4
4809.0,7
4811.0,2
4813.0,7
4815.0,3
4817.0,8
4819.0,3
4821.0,5
4823.0,8
4825.0,8
4827.0,6
4829.0,8
4831.0,7
4833.0,2
4835.0,4
4837.0,7
4839.0,6
4841.0,4
4843.0,3
4845.0,3
4847.0,1
4849.0,2
4851.0,4
4853.0,5
4855.0,4
4857.0,5
4859.0,6
4861.0,3
4863.0,6
4865.0,1
4867.0,4
4869.0,2
4871.0,4
4873.0,7
4875.0,8
4877.0,3
4879.0,1
4881.0,3
4883.0,4
4885.0,4
4887.0,2
4889.0,3
4891.0,2
4893.0,5
4895.0,6
4897.0,4
4899.0,3
4901.0,4
4903.0,4
4905.0,5
4907.0,4
4909.0,3
4911.0,4
4913.0,3
4915.0,7
4917.0,6
4919.0,12
4921.0,7
4923.0,3
4925.0,5
4927.0,5
4929.0,3
4931.0,4
4933.0,5
4935.0,6
4937.0,8
4939.0,11
4941.0,10
4943.0,12
4945.0,6
4947.0,4
4949.0,3
4951.0,4
4953.0,3
4955.0,2
4957.0,4
4959.0,3
4961.0,3
4963.0,3
4965.0,3
4967.0,7
4969.0,7
4971.0,3
4973.0,4
4975.0,3
4977.0,3
4979.0,4
4981.0,4
4983.0,0
4985.0,1
4987.0,3
4989.0,2
4991.0,7
4993.0,5
4995.0,6
4997.0,3
4999.0,2
5001.0,2
5003.0,4
5005.0,4
5007.0,3
5009.0,4
5011.0,6
5013.0,4
5015.0,1
5017.0,5
5019.0,3
5021.0,8
5023.0,9
5025.0,6
5027.0,1
5029.0,6
5031.0,3
5033.0,4
5035.0,8
5037.0,8
5039.0,6
5041.0,3
5043.0,4
5045.0,8
5047.0,7
5049.0,6
5051.0,1
5053.0,8
5055.0,3
5057.0,6
5059.0,3
5061.0,3
5063.0,9
5065.0,2
5067.0,5
5069.0,10
5071.0,5
5073.0,3
5075.0,4
5077.0,5
5079.0,4
5081.0,2
5083.0,1
5085.0,3
5087.0,3
5089.0,4
5091.0,5
5093.0,3
5095.0,6
5097.0,7
5099.0,1
5101.0,5
5103.0,4
5105.0,3
5107.0,9
5109.0,6
5111.0,7
5113.0,4
5115.0,3
5117.0,7
5119.0,3
5121.0,3
5123.0,5
5125.0,6
5127.0,3
5129.0,3
5131.0,6
5133.0,5
5135.0,2
5137.0,7
5139.0,6
5141.0,6
5143.0,7
5145.0,4
5147.0,6
5149.0,4
5151.0,10
5153.0,6
5155.0,3
5157.0,9
5159.0,8
5161.0,11
5163.0,3
5165.0,5
5167.0,11
5169.0,4
5171.0,3
5173.0,2
5175.0,7
5177.0,3
5179.0,3
5181.0,5
5183.0,7
5185.0,8
5187.0,10
5189.0,8
5191.0,2
5193.0,4
5195.0,5
5197.0,7
5199.0,6
5201.0,7
5203.0,3
5205.0,1
5207.0,3
5209.0,5
5211.0,3
5213.0,3
5215.0,5
5217.0,4
5219.0,11
5221.0,4
5223.0,4
5225.0,6
5227.0,2
5229.0,6
5231.0,6
5233.0,3
5235.0,3
5237.0,4
5239.0,8
5241.0,5
5243.0,5
5245.0,5
5247.0,5
5249.0,6
5251.0,4
5253.0,8
5255.0,9
5257.0,9
5259.0,6
5261.0,8
5263.0,4
5265.0,7
5267.0,4
5269.0,9
5271.0,7
5273.0,4
5275.0,5
5277.0,3
5279.0,6
5281.0,2
5283.0,5
5285.0,3
5287.0,5
5289.0,6
5291.0,4
5293.0,4
5295.0,3
5297.0,1
5299.0,7
5301.0,4
5303.0,4
5305.0,4
5307.0,7
5309.0,11
5311.0,7
5313.0,5
5315.0,8
5317.0,10
5319.0,10
5321.0,9
5323.0,5
5325.0,8
5327.0,6
5329.0,8
5331.0,4
5333.0,4
5335.0,3
5337.0,2
5339.0,2
5341.0,6
5343.0,2
5345.0,3
5347.0,5
5349.0,9
5351.0,7
5353.0,8
5355.0,5
5357.0,3
5359.0,6
5361.0,6
5363.0,7
5365.0,3
5367.0,3
5369.0,7
5371.0,2
5373.0,0
5375.0,5
5377.0,6
5379.0,5
5381.0,3
5383.0,2
5385.0,2
5387.0,2
5389.0,2
5391.0,2
5393.0,0
5395.0,4
5397.0,2
5399.0,2
5401.0,4
5403.0,6
5405.0,4
5407.0,7
5409.0,6
5411.0,5
5413.0,4
5415.0,6
5417.0,3
5419.0,2
5421.0,4
5423.0,2
5425.0,6
5427.0,9
5429.0,7
5431.0,3
5433.0,4
5435.0,5
5437.0,5
5439.0,4
5441.0,7
5443.0,2
5445.0,3
5447.0,5
5449.0,4
5451.0,3
5453.0,2
5455.0,4
5457.0,5
5459.0,4
5461.0,1
5463.0,1
5465.0,6
5467.0,4
5469.0,2
5471.0,1
5473.0,2
5475.0,4
5477.0,3
5479.0,6
5481.0,7
5483.0,0
5485.0,2
5487.0,6
5489.0,4
5491.0,1
5493.0,3
5495.0,7
5497.0,2
5499.0,2
5501.0,2
5503.0,3
5505.0,1
5507.0,6
5509.0,8
5511.0,2
5513.0,2
5515.0,4
5517.0,5
5519.0,5
5521.0,1
5523.0,3
5525.0,7
5527.0,1
5529.0,6
5531.0,3
5533.0,2
5535.0,5
5537.0,3
5539.0,5
5541.0,6
5543.0,2
5545.0,5
5547.0,1
5549.0,10
5551.0,4
5553.0,8
5555.0,11
5557.0,4
5559.0,5
5561.0,2
5563.0,3
5565.0,5
5567.0,1
5569.0,4
5571.0,2
5573.0,4
5575.0,3
5577.0,5
5579.0,1
5581.0,2
5583.0,5
5585.0,2
5587.0,0
5589.0,1
5591.0,3
5593.0,5
5595.0,1
5597.0,4
5599.0,6
5601.0,4
5603.0,3
5605.0,4
5607.0,0
5609.0,0
5611.0,5
5613.0,1
5615.0,3
5617.0,3
5619.0,2
5621.0,2
5623.0,2
5625.0,2
5627.0,2
5629.0,4
5631.0,3
5633.0,3
5635.0,3
5637.0,6
5639.0,8
5641.0,5
5643.0,6
5645.0,8
5647.0,2
5649.0,4
5651.0,0
5653.0,4
5655.0,4
5657.0,4
5659.0,5
5661.0,3
5663.0,2
5665.0,3
5667.0,4
5669.0,0
5671.0,6
5673.0,3
5675.0,3
5677.0,1
5679.0,5
5681.0,2
5683.0,6
5685.0,3
5687.0,3
5689.0,2
5691.0,2
5693.0,5
5695.0,3
5697.0,0
5699.0,2
5701.0,3
5703.0,3
5705.0,3
5707.0,0
5709.0,0
5711.0,2
5713.0,3
5715.0,2
5717.0,2
5719.0,3
5721.0,2
5723.0,4
5725.0,1
5727.0,4
5729.0,2
5731.0,3
5733.0,3
5735.0,4
5737.0,2
5739.0,2
5741.0,1
5743.0,2
5745.0,2
5747.0,3
5749.0,1
5751.0,1
5753.0,3
5755.0,3
5757.0,1
5759.0,5
5761.0,7
5763.0,3
5765.0,8
5767.0,4
5769.0,4
5771.0,6
5773.0,3
5775.0,5
5777.0,9
5779.0,1
5781.0,2
5783.0,1
5785.0,2
5787.0,0
5789.0,3
5791.0,3
5793.0,1
5795.0,2
5797.0,2
5799.0,1
5801.0,2
5803.0,0
5805.0,2
5807.0,1
5809.0,1
5811.0,2
5813.0,3
5815.0,2
5817.0,1
5819.0,0
5821.0,3
5823.0,1
5825.0,1
5827.0,2
5829.0,0
5831.0,2
5833.0,3
5835.0,0
5837.0,1
5839.0,3
5841.0,4
5843.0,0
5845.0,5
5847.0,2
5849.0,5
5851.0,2
5853.0,4
5855.0,3
5857.0,3
5859.0,3
5861.0,2
5863.0,4
5865.0,5
5867.0,4
5869.0,1
5871.0,3
5873.0,3
5875.0,3
5877.0,2
5879.0,4
5881.0,0
5883.0,1
5885.0,5
5887.0,6
5889.0,0
5891.0,2
5893.0,1
5895.0,0
5897.0,2
5899.0,2
5901.0,2
5903.0,1
5905.0,1
5907.0,4
5909.0,1
5911.0,0
5913.0,2
5915.0,2
5917.0,5
5919.0,1
5921.0,3
5923.0,5
5925.0,5
5927.0,7
5929.0,3
5931.0,5
5933.0,4
5935.0,1
5937.0,2
5939.0,1
5941.0,2
5943.0,3
5945.0,2
5947.0,0
5949.0,2
5951.0,0
5953.0,0
5955.0,6
5957.0,2
5959.0,3
5961.0,0
5963.0,3
5965.0,5
5967.0,5
5969.0,4
5971.0,1
5973.0,0
5975.0,1
5977.0,4
5979.0,2
5981.0,1
5983.0,6
5985.0,2
5987.0,4
5989.0,3
5991.0,5
5993.0,3
5995.0,6
5997.0,4
5999.0,1
6001.0,5
6003.0,4
6005.0,5
6007.0,7
6009.0,2
6011.0,1
6013.0,4
6015.0,0
6017.0,1
6019.0,4
6021.0,1
6023.0,2
6025.0,1
6027.0,1
6029.0,2
6031.0,4
6033.0,4
6035.0,2
6037.0,4
6039.0,3
6041.0,2
6043.0,2
6045.0,1
6047.0,2
6049.0,2
6051.0,1
6053.0,1
6055.0,1
6057.0,2
6059.0,1
6061.0,4
6063.0,2
6065.0,2
6067.0,6
6069.0,2
6071.0,2
6073.0,3
6075.0,1
6077.0,2
6079.0,5
6081.0,4
6083.0,3
6085.0,2
6087.0,1
6089.0,1
6091.0,2
6093.0,5
6095.0,6
6097.0,3
6099.0,8
6101.0,2
6103.0,3
6105.0,4
6107.0,3
6109.0,1
6111.0,4
6113.0,2
6115.0,0
6117.0,0
6119.0,3
6121.0,3
6123.0,2
6125.0,4
6127.0,0
6129.0,2
6131.0,4
6133.0,2
6135.0,0
6137.0,4
6139.0,0
6141.0,2
6143.0,2
6145.0,2
6147.0,3
6149.0,3
6151.0,1
6153.0,4
6155.0,2
6157.0,2
6159.0,1
6161.0,2
6163.0,2
6165.0,4
6167.0,5
6169.0,1
6171.0,3
6173.0,3
6175.0,1
6177.0,1
6179.0,0
6181.0,4
6183.0,1
6185.0,1
6187.0,0
6189.0,0
6191.0,1
6193.0,1
6195.0,4
6197.0,2
6199.0,1
6201.0,5
6203.0,0
6205.0,2
6207.0,4
6209.0,0
6211.0,1
6213.0,2
6215.0,4
6217.0,0
6219.0,2
6221.0,1
6223.0,2
6225.0,1
6227.0,1
6229.0,2
6231.0,3
6233.0,2
6235.0,2
6237.0,0
6239.0,2
6241.0,6
6243.0,3
6245.0,7
6247.0,2
6249.0,1
6251.0,3
6253.0,2
6255.0,1
6257.0,1
6259.0,1
6261.0,3
6263.0,1
6265.0,3
6267.0,3
6269.0,4
6271.0,3
6273.0,2
6275.0,1
6277.0,1
6279.0,1
6281.0,0
6283.0,2
6285.0,2
6287.0,1
6289.0,2
6291.0,0
6293.0,3
6295.0,2
6297.0,1
6299.0,4
6301.0,4
6303.0,2
6305.0,5
6307.0,1
6309.0,4
6311.0,0
6313.0,3
6315.0,1
6317.0,0
6319.0,3
6321.0,1
6323.0,3
6325.0,1
6327.0,3
6329.0,2
6331.0,3
6333.0,0
6335.0,3
6337.0,0
6339.0,1
6341.0,3
6343.0,3
6345.0,8
6347.0,2
6349.0,2
6351.0,3
6353.0,1
6355.0,3
6357.0,3
6359.0,0
6361.0,5
6363.0,0
6365.0,1
6367.0,0
6369.0,0
6371.0,2
6373.0,2
6375.0,2
6377.0,3
6379.0,4
6381.0,1
6383.0,4
6385.0,2
6387.0,2
6389.0,0
6391.0,3
6393.0,1
6395.0,0
6397.0,1
6399.0,6
6401.0,2
6403.0,2
6405.0,2
6407.0,2
6409.0,2
6411.0,1
6413.0,2
6415.0,3
6417.0,2
6419.0,1
6421.0,2
6423.0,0
6425.0,1
6427.0,0
6429.0,0
6431.0,1
6433.0,4
6435.0,2
6437.0,1
6439.0,0
6441.0,0
6443.0,0
6445.0,1
6447.0,2
6449.0,2
6451.0,0
6453.0,1
6455.0,0
6457.0,1
6459.0,2
6461.0,0
6463.0,2
6465.0,2
6467.0,2
6469.0,1
6471.0,2
6473.0,1
6475.0,0
6477.0,1
6479.0,0
6481.0,0
6483.0,1
6485.0,1
6487.0,3
6489.0,2
6491.0,2
6493.0,1
6495.0,0
6497.0,0
6499.0,2
6501.0,1
6503.0,1
6505.0,0
6507.0,1
6509.0,1
6511.0,0
6513.0,1
6515.0,0
6517.0,0
6519.0,1
6521.0,1
6523.0,1
6525.0,0
6527.0,2
6529.0,2
6531.0,2
6533.0,2
6535.0,1
6537.0,2
6539.0,1
6541.0,3
6543.0,0
6545.0,2
6547.0,0
6549.0,3
6551.0,1
6553.0,1
6555.0,0
6557.0,2
6559.0,1
6561.0,2
6563.0,1
6565.0,1
6567.0,0
6569.0,0
6571.0,3
6573.0,0
6575.0,0
6577.0,2
6579.0,3
6581.0,1
6583.0,3
6585.0,2
6587.0,1
6589.0,1
6591.0,0
6593.0,1
6595.0,2
6597.0,0
6599.0,1
6601.0,2
6603.0,2
6605.0,1
6607.0,0
6609.0,0
6611.0,2
6613.0,1
6615.0,2
6617.0,0
6619.0,2
6621.0,0
6623.0,1
6625.0,0
6627.0,1
6629.0,2
6631.0,3
6633.0,0
6635.0,0
6637.0,0
6639.0,0
6641.0,2
6643.0,2
6645.0,0
6647.0,1
6649.0,0
6651.0,0
6653.0,3
6655.0,0
6657.0,1
6659.0,0
6661.0,0
6663.0,4
6665.0,2
6667.0,3
6669.0,2
6671.0,3
6673.0,0
6675.0,0
6677.0,1
6679.0,1
6681.0,1
6683.0,1
6685.0,2
6687.0,1
6689.0,1
6691.0,2
6693.0,0
6695.0,3
6697.0,1
6699.0,2
6701.0,1
6703.0,0
6705.0,0
6707.0,0
6709.0,1
6711.0,1
6713.0,2
6715.0,1
6717.0,0
6719.0,0
6721.0,0
6723.0,0
6725.0,1
6727.0,1
6729.0,1
6731.0,1
6733.0,1
6735.0,1
6737.0,2
6739.0,3
6741.0,2
6743.0,2
6745.0,1
6747.0,3
6749.0,0
6751.0,0
6753.0,0
6755.0,2
6757.0,1
6759.0,5
6761.0,1
6763.0,0
6765.0,3
6767.0,6
6769.0,1
6771.0,2
6773.0,1
6775.0,2
6777.0,2
6779.0,0
6781.0,2
6783.0,0
6785.0,0
6787.0,2
6789.0,0
6791.0,0
6793.0,0
6795.0,4
6797.0,2
6799.0,1
6801.0,0
6803.0,0
6805.0,0
6807.0,1
6809.0,0
6811.0,0
6813.0,0
6815.0,1
6817.0,0
6819.0,1
6821.0,2
6823.0,1
6825.0,0
6827.0,0
6829.0,3
6831.0,0
6833.0,1
6835.0,0
6837.0,0
6839.0,2
6841.0,1
6843.0,0
6845.0,1
6847.0,1
6849.0,1
6851.0,5
6853.0,2
6855.0,1
6857.0,3
6859.0,1
6861.0,1
6863.0,2
6865.0,3
6867.0,4
6869.0,4
6871.0,2
6873.0,0
6875.0,2
6877.0,3
6879.0,1
6881.0,1
6883.0,0
6885.0,1
6887.0,2
6889.0,2
6891.0,1
6893.0,2
6895.0,1
6897.0,0
6899.0,3
6901.0,3
6903.0,0
6905.0,1
6907.0,1
6909.0,0
6911.0,3
6913.0,0
6915.0,1
6917.0,0
6919.0,0
6921.0,2
6923.0,1
6925.0,0
6927.0,0
6929.0,3
6931.0,2
6933.0,1
6935.0,1
6937.0,1
6939.0,1
6941.0,2
6943.0,1
6945.0,1
6947.0,0
6949.0,1
6951.0,2
6953.0,3
6955.0,0
6957.0,1
6959.0,2
6961.0,2
6963.0,0
6965.0,1
6967.0,1
6969.0,3
6971.0,1
6973.0,0
6975.0,2
6977.0,0
6979.0,0
6981.0,3
6983.0,1
6985.0,0
6987.0,3
6989.0,1
6991.0,0
6993.0,1
6995.0,0
6997.0,0
6999.0,0
7001.0,0
7003.0,0
7005.0,1
7007.0,0
7009.0,1
7011.0,1
7013.0,2
7015.0,1
7017.0,0
7019.0,3
7021.0,0
7023.0,2
7025.0,1
7027.0,0
7029.0,1
7031.0,0
7033.0,0
7035.0,2
7037.0,0
7039.0,0
7041.0,0
7043.0,0
7045.0,1
7047.0,3
7049.0,0
7051.0,0
7053.0,1
7055.0,3
7057.0,1
7059.0,0
7061.0,0
7063.0,1
7065.0,1
7067.0,1
7069.0,0
7071.0,1
7073.0,2
7075.0,2
7077.0,0
7079.0,0
7081.0,3
7083.0,1
7085.0,1
7087.0,0
7089.0,1
7091.0,3
7093.0,3
7095.0,2
7097.0,1
7099.0,0
7101.0,0
7103.0,0
7105.0,3
7107.0,1
7109.0,0
7111.0,1
7113.0,0
7115.0,0
7117.0,0
7119.0,1
7121.0,0
7123.0,0
7125.0,0
7127.0,4
7129.0,1
7131.0,0
7133.0,1
7135.0,1
7137.0,0
7139.0,0
7141.0,0
7143.0,0
7145.0,2
7147.0,0
7149.0,1
7151.0,3
7153.0,0
7155.0,1
7157.0,0
7159.0,1
7161.0,1
7163.0,0
7165.0,4
7167.0,0
7169.0,1
7171.0,2
7173.0,0
7175.0,1
7177.0,1
7179.0,0
7181.0,1
7183.0,0
7185.0,0
7187.0,0
7189.0,3
7191.0,0
7193.0,1
7195.0,2
7197.0,1
7199.0,3
7201.0,2
7203.0,2
7205.0,2
7207.0,0
7209.0,1
7211.0,1
7213.0,1
7215.0,3
7217.0,0
7219.0,0
7221.0,1
7223.0,2
7225.0,2
7227.0,1
7229.0,1
7231.0,0
7233.0,1
7235.0,2
7237.0,2
7239.0,0
7241.0,1
7243.0,2
7245.0,3
7247.0,0
7249.0,0
7251.0,3
7253.0,1
7255.0,1
7257.0,1
7259.0,3
7261.0,2
7263.0,1
7265.0,1
7267.0,1
7269.0,2
7271.0,2
7273.0,0
7275.0,1
7277.0,1
7279.0,0
7281.0,0
7283.0,1
7285.0,1
7287.0,1
7289.0,0
7291.0,0
7293.0,1
7295.0,0
7297.0,1
7299.0,0
7301.0,0
7303.0,0
7305.0,2
7307.0,3
7309.0,1
7311.0,1
7313.0,0
7315.0,0
7317.0,0
7319.0,0
7321.0,0
7323.0,2
7325.0,0
7327.0,2
7329.0,1
7331.0,1
7333.0,1
7335.0,1
7337.0,1
7339.0,0
7341.0,1
7343.0,1
7345.0,1
7347.0,1
7349.0,0
7351.0,3
7353.0,3
7355.0,1
7357.0,0
7359.0,1
7361.0,2
7363.0,2
7365.0,1
7367.0,2
7369.0,1
7371.0,2
7373.0,1
7375.0,1
7377.0,1
7379.0,1
7381.0,1
7383.0,0
7385.0,1
7387.0,1
7389.0,0
7391.0,1
7393.0,0
7395.0,0
7397.0,3
7399.0,0
7401.0,2
7403.0,0
7405.0,1
7407.0,0
7409.0,0
7411.0,0
7413.0,1
7415.0,0
7417.0,2
7419.0,1
7421.0,0
7423.0,1
7425.0,1
7427.0,0
7429.0,2
7431.0,0
7433.0,2
7435.0,2
7437.0,0
7439.0,0
7441.0,1
7443.0,1
7445.0,2
7447.0,1
7449.0,1
7451.0,0
7453.0,1
7455.0,0
7457.0,2
7459.0,0
7461.0,2
7463.0,1
7465.0,0
7467.0,2
7469.0,0
7471.0,0
7473.0,1
7475.0,3
7477.0,0
7479.0,2
7481.0,2
7483.0,0
7485.0,1
7487.0,1
7489.0,1
7491.0,2
7493.0,1
7495.0,2
7497.0,0
7499.0,3
7501.0,0
7503.0,2
7505.0,1
7507.0,1
7509.0,4
7511.0,2
7513.0,1
7515.0,0
7517.0,2
7519.0,2
7521.0,0
7523.0,0
7525.0,0
7527.0,0
7529.0,2
7531.0,1
7533.0,0
7535.0,1
7537.0,0
7539.0,1
7541.0,2
7543.0,0
7545.0,2
7547.0,1
7549.0,2
7551.0,0
7553.0,0
7555.0,1
7557.0,0
7559.0,1
7561.0,1
7563.0,0
7565.0,3
7567.0,1
7569.0,0
7571.0,0
7573.0,2
7575.0,0
7577.0,0
7579.0,0
7581.0,4
7583.0,1
7585.0,1
7587.0,2
7589.0,1
7591.0,1
7593.0,0
7595.0,1
7597.0,0
7599.0,0
7601.0,1
7603.0,0
7605.0,1
7607.0,1
7609.0,0
7611.0,0
7613.0,2
7615.0,0
7617.0,0
7619.0,1
7621.0,1
7623.0,0
7625.0,0
7627.0,1
7629.0,0
7631.0,0
7633.0,1
7635.0,0
7637.0,1
7639.0,0
7641.0,2
7643.0,2
7645.0,0
7647.0,2
7649.0,1
7651.0,0
7653.0,1
7655.0,1
7657.0,0
7659.0,0
7661.0,0
7663.0,0
7665.0,1
7667.0,1
7669.0,0
7671.0,0
7673.0,1
7675.0,0
7677.0,0
7679.0,0
7681.0,0
7683.0,0
7685.0,1
7687.0,1
7689.0,2
7691.0,0
7693.0,0
7695.0,0
7697.0,1
7699.0,0
7701.0,1
7703.0,0
7705.0,1
7707.0,1
7709.0,0
7711.0,1
7713.0,0
7715.0,1
7717.0,1
7719.0,2
7721.0,1
7723.0,0
7725.0,1
7727.0,1
7729.0,0
7731.0,1
7733.0,3
7735.0,0
7737.0,0
7739.0,0
7741.0,0
7743.0,0
7745.0,1
7747.0,0
7749.0,0
7751.0,0
7753.0,1
7755.0,1
7757.0,0
7759.0,0
7761.0,1
7763.0,0
7765.0,1
7767.0,1
7769.0,0
7771.0,1
7773.0,0
7775.0,1
7777.0,1
7779.0,0
7781.0,0
7783.0,1
7785.0,0
7787.0,0
7789.0,0
7791.0,0
7793.0,1
7795.0,0
7797.0,1
7799.0,0
7801.0,1
7803.0,0
7805.0,3
7807.0,0
7809.0,4
7811.0,0
7813.0,0
7815.0,2
7817.0,0
7819.0,1
7821.0,2
7823.0,1
7825.0,0
7827.0,2
7829.0,0
7831.0,2
7833.0,0
7835.0,1
7837.0,1
7839.0,0
7841.0,0
7843.0,1
7845.0,2
7847.0,0
7849.0,3
7851.0,1
7853.0,1
7855.0,1
7857.0,3
7859.0,0
7861.0,0
7863.0,1
7865.0,0
7867.0,0
7869.0,0
7871.0,0
7873.0,1
7875.0,1
7877.0,1
7879.0,0
7881.0,0
7883.0,2
7885.0,0
7887.0,1
7889.0,1
7891.0,1
7893.0,1
7895.0,0
7897.0,0
7899.0,1
7901.0,2
7903.0,2
7905.0,1
7907.0,1
7909.0,0
7911.0,0
7913.0,0
7915.0,0
7917.0,0
7919.0,0
7921.0,0
7923.0,0
7925.0,0
7927.0,0
7929.0,1
7931.0,0
7933.0,1
7935.0,0
7937.0,1
7939.0,1
7941.0,0
7943.0,0
7945.0,0
7947.0,0
7949.0,0
7951.0,2
7953.0,1
7955.0,1
7957.0,1
7959.0,0
7961.0,0
7963.0,0
7965.0,0
7967.0,1
7969.0,0
7971.0,1
7973.0,0
7975.0,1
7977.0,0
7979.0,1
7981.0,0
7983.0,1
7985.0,2
7987.0,1
7989.0,0
7991.0,0
7993.0,1
7995.0,0
7997.0,0
7999.0,1
8001.0,1
8003.0,0
8005.0,1
8007.0,0
8009.0,0
8011.0,0
8013.0,0
8015.0,0
8017.0,1
8019.0,0
8021.0,2
8023.0,1
8025.0,1
8027.0,3
8029.0,1
8031.0,1
8033.0,0
8035.0,1
8037.0,2
8039.0,2
8041.0,1
8043.0,0
8045.0,2
8047.0,2
8049.0,2
8051.0,1
8053.0,1
8055.0,2
8057.0,2
8059.0,1
8061.0,1
8063.0,3
8065.0,0
8067.0,0
8069.0,1
8071.0,0
8073.0,0
8075.0,1
8077.0,2
8079.0,1
8081.0,2
8083.0,1
8085.0,0
8087.0,1
8089.0,0
8091.0,3
8093.0,0
8095.0,0
8097.0,1
8099.0,1
8101.0,1
8103.0,0
8105.0,0
8107.0,0
8109.0,0
8111.0,0
8113.0,2
8115.0,1
8117.0,1
8119.0,1
8121.0,1
8123.0,1
8125.0,0
8127.0,1
8129.0,1
8131.0,0
8133.0,0
8135.0,1
8137.0,0
8139.0,1
8141.0,0
8143.0,1
8145.0,0
8147.0,3
8149.0,1
8151.0,1
8153.0,1
8155.0,1
8157.0,1
8159.0,1
8161.0,1
8163.0,0
8165.0,0
8167.0,0
8169.0,0
8171.0,1
8173.0,0
8175.0,0
8177.0,0
8179.0,0
8181.0,0
8183.0,2
8185.0,0
8187.0,1
8189.0,0
8191.0,0
8193.0,1
8195.0,0
8197.0,1
8199.0,0
8201.0,0
8203.0,0
8205.0,0
8207.0,0
8209.0,0
8211.0,0
8213.0,2
8215.0,1
8217.0,0
8219.0,2
8221.0,0
8223.0,0
8225.0,0
8227.0,0
8229.0,1
8231.0,0
8233.0,0
8235.0,0
8237.0,0
8239.0,1
8241.0,0
8243.0,1
8245.0,2
8247.0,1
8249.0,2
8251.0,1
8253.0,0
8255.0,0
8257.0,0
8259.0,0
8261.0,0
8263.0,0
8265.0,0
8267.0,0
8269.0,2
8271.0,1
8273.0,1
8275.0,0
8277.0,0
8279.0,1
8281.0,0
8283.0,0
8285.0,1
8287.0,0
8289.0,1
8291.0,0
8293.0,2
8295.0,0
8297.0,1
8299.0,1
8301.0,0
8303.0,1
8305.0,1
8307.0,1
8309.0,0
8311.0,0
8313.0,2
8315.0,2
8317.0,0
8319.0,1
8321.0,0
8323.0,1
8325.0,0
8327.0,0
8329.0,0
8331.0,0
8333.0,2
8335.0,0
8337.0,0
8339.0,1
8341.0,0
8343.0,1
8345.0,0
8347.0,0
8349.0,0
8351.0,2
8353.0,0
8355.0,0
8357.0,1
8359.0,1
8361.0,0
8363.0,1
8365.0,1
8367.0,0
8369.0,0
8371.0,0
8373.0,0
8375.0,0
8377.0,1
8379.0,1
8381.0,0
8383.0,0
8385.0,1
8387.0,1
8389.0,2
8391.0,0
8393.0,1
8395.0,0
8397.0,0
8399.0,0
8401.0,0
8403.0,0
8405.0,0
8407.0,0
8409.0,0
8411.0,2
8413.0,0
8415.0,0
8417.0,0
8419.0,0
8421.0,1
8423.0,1
8425.0,0
8427.0,1
8429.0,1
8431.0,0
8433.0,1
8435.0,1
8437.0,0
8439.0,1
8441.0,0
8443.0,1
8445.0,0
8447.0,1
8449.0,0
8451.0,2
8453.0,0
8455.0,0
8457.0,1
8459.0,0
8461.0,0
8463.0,1
8465.0,0
8467.0,1
8469.0,0
8471.0,0
8473.0,0
8475.0,0
8477.0,1
8479.0,0
8481.0,1
8483.0,0
8485.0,0
8487.0,1
8489.0,1
8491.0,0
8493.0,1
8495.0,0
8497.0,0
8499.0,1
8501.0,0
8503.0,1
8505.0,1
8507.0,0
8509.0,0
8511.0,0
8513.0,1
8515.0,0
8517.0,2
8519.0,0
8521.0,1
8523.0,1
8525.0,1
8527.0,0
8529.0,3
8531.0,1
8533.0,1
8535.0,2
8537.0,0
8539.0,3
8541.0,0
8543.0,7
8545.0,3
8547.0,1
8549.0,1
8551.0,2
8553.0,0
8555.0,0
8557.0,2
8559.0,2
8561.0,1
8563.0,1
8565.0,1
8567.0,1
8569.0,2
8571.0,2
8573.0,0
8575.0,2
8577.0,0
8579.0,2
8581.0,1
8583.0,0
8585.0,0
8587.0,1
8589.0,0
8591.0,2
8593.0,0
8595.0,0
8597.0,2
8599.0,0
8601.0,1
8603.0,2
8605.0,2
8607.0,1
8609.0,1
8611.0,0
8613.0,0
8615.0,0
8617.0,1
8619.0,1
8621.0,2
8623.0,0
8625.0,2
8627.0,2
8629.0,1
8631.0,1
8633.0,2
8635.0,3
8637.0,1
8639.0,1
8641.0,0
8643.0,1
8645.0,0
8647.0,0
8649.0,0
8651.0,3
8653.0,1
8655.0,1
8657.0,2
8659.0,0
8661.0,0
8663.0,0
8665.0,0
8667.0,3
8669.0,1
8671.0,1
8673.0,2
8675.0,0
8677.0,0
8679.0,1
8681.0,1
8683.0,0
8685.0,2
8687.0,3
8689.0,0
8691.0,2
8693.0,1
8695.0,2
8697.0,0
8699.0,1
8701.0,0
8703.0,1
8705.0,1
8707.0,0
8709.0,0
8711.0,0
8713.0,1
8715.0,1
8717.0,1
8719.0,1
8721.0,2
8723.0,2
8725.0,2
8727.0,2
8729.0,1
8731.0,2
8733.0,3
8735.0,1
8737.0,1
8739.0,0
8741.0,4
8743.0,2
8745.0,0
8747.0,2
8749.0,1
8751.0,0
8753.0,0
8755.0,3
8757.0,3
8759.0,0
8761.0,4
8763.0,0
8765.0,0
8767.0,1
8769.0,2
8771.0,3
8773.0,12
8775.0,4
8777.0,7
8779.0,7
8781.0,6
8783.0,4
8785.0,5
8787.0,4
8789.0,2
8791.0,2
8793.0,4
8795.0,1
8797.0,0
8799.0,0
8801.0,1
8803.0,0
8805.0,0
8807.0,0
8809.0,0
8811.0,2
8813.0,1
8815.0,0
8817.0,1
8819.0,0
8821.0,0
8823.0,0
8825.0,1
8827.0,0
8829.0,0
8831.0,0
8833.0,0
8835.0,0
8837.0,0
8839.0,0
8841.0,0
8843.0,0
8845.0,0
8847.0,2
8849.0,2
8851.0,1
8853.0,0
8855.0,1
8857.0,0
8859.0,0
8861.0,0
8863.0,0
8865.0,1
8867.0,1
8869.0,0
8871.0,0
8873.0,1
8875.0,0
8877.0,0
8879.0,1
8881.0,1
8883.0,0
8885.0,1
8887.0,0
8889.0,1
8891.0,0
8893.0,0
8895.0,0
8897.0,1
8899.0,4
8901.0,0
8903.0,1
8905.0,0
8907.0,0
8909.0,0
8911.0,0
8913.0,1
8915.0,0
8917.0,0
8919.0,0
8921.0,1
8923.0,3
8925.0,2
8927.0,6
8929.0,4
8931.0,3
8933.0,4
8935.0,1
8937.0,0
8939.0,4
8941.0,1
8943.0,2
8945.0,1
8947.0,0
8949.0,1
8951.0,2
8953.0,0
8955.0,1
8957.0,2
8959.0,0
8961.0,0
8963.0,2
8965.0,0
8967.0,1
8969.0,1
8971.0,0
8973.0,0
8975.0,0
8977.0,0
8979.0,1
8981.0,0
8983.0,0
8985.0,0
8987.0,0
8989.0,0
8991.0,0
8993.0,1
8995.0,1
8997.0,0
8999.0,2
9001.0,0
9003.0,2
9005.0,2
9007.0,0
9009.0,1
9011.0,3
9013.0,2
9015.0,2
9017.0,0
9019.0,0
9021.0,3
9023.0,1
9025.0,0
9027.0,1
9029.0,3
9031.0,1
9033.0,0
9035.0,0
9037.0,1
9039.0,1
9041.0,0
9043.0,1
9045.0,0
9047.0,1
9049.0,1
9051.0,0
9053.0,1
9055.0,0
9057.0,1
9059.0,0
9061.0,1
9063.0,0
9065.0,0
9067.0,0
9069.0,0
9071.0,0
9073.0,0
9075.0,1
9077.0,1
9079.0,2
9081.0,0
9083.0,2
9085.0,0
9087.0,0
9089.0,0
9091.0,1
9093.0,1
9095.0,0
9097.0,1
9099.0,1
9101.0,0
9103.0,0
9105.0,0
9107.0,0
9109.0,0
9111.0,0
9113.0,0
9115.0,1
9117.0,1
9119.0,0
9121.0,1
9123.0,2
9125.0,0
9127.0,0
9129.0,1
9131.0,2
9133.0,0
9135.0,0
9137.0,0
9139.0,1
9141.0,0
9143.0,0
9145.0,0
9147.0,0
9149.0,1
9151.0,0
9153.0,2
9155.0,2
9157.0,0
9159.0,0
9161.0,0
9163.0,0
9165.0,0
9167.0,1
9169.0,0
9171.0,0
9173.0,1
9175.0,3
9177.0,1
9179.0,0
9181.0,1
9183.0,0
9185.0,0
9187.0,1
9189.0,1
9191.0,1
9193.0,1
9195.0,1
9197.0,1
9199.0,0
9201.0,0
9203.0,0
9205.0,0
9207.0,0
9209.0,1
9211.0,0
9213.0,0
9215.0,0
9217.0,1
9219.0,1
9221.0,0
9223.0,0
9225.0,1
9227.0,0
9229.0,0
9231.0,0
9233.0,0
9235.0,0
9237.0,1
9239.0,0
9241.0,0
9243.0,0
9245.0,0
9247.0,0
9249.0,1
9251.0,1
9253.0,1
9255.0,0
9257.0,0
9259.0,1
9261.0,0
9263.0,0
9265.0,1
9267.0,0
9269.0,0
9271.0,0
9273.0,0
9275.0,1
9277.0,0
9279.0,0
9281.0,0
9283.0,0
9285.0,1
9287.0,2
9289.0,0
9291.0,0
9293.0,1
9295.0,0
9297.0,0
9299.0,0
9301.0,0
9303.0,0
9305.0,0
9307.0,0
9309.0,1
9311.0,0
9313.0,2
9315.0,1
9317.0,0
9319.0,0
9321.0,1
9323.0,1
9325.0,0
9327.0,1
9329.0,0
9331.0,1
9333.0,1
9335.0,0
9337.0,0
9339.0,0
9341.0,2
9343.0,0
9345.0,0
9347.0,2
9349.0,1
9351.0,0
9353.0,1
9355.0,1
9357.0,0
9359.0,1
9361.0,1
9363.0,0
9365.0,1
9367.0,1
9369.0,1
9371.0,0
9373.0,0
9375.0,1
9377.0,2
9379.0,0
9381.0,2
9383.0,0
9385.0,1
9387.0,1
9389.0,0
9391.0,0
9393.0,0
9395.0,2
9397.0,2
9399.0,2
9401.0,3
9403.0,1
9405.0,0
9407.0,1
9409.0,1
9411.0,0
9413.0,2
9415.0,3
9417.0,1
9419.0,0
9421.0,4
9423.0,1
9425.0,3
9427.0,3
9429.0,1
9431.0,0
9433.0,0
9435.0,0
9437.0,0
9439.0,0
9441.0,0
9443.0,0
9445.0,0
9447.0,2
9449.0,0
9451.0,1
9453.0,0
9455.0,0
9457.0,0
9459.0,1
9461.0,2
9463.0,0
9465.0,0
9467.0,1
9469.0,1
9471.0,1
9473.0,1
9475.0,0
9477.0,0
9479.0,0
9481.0,0
9483.0,2
9485.0,1
9487.0,1
9489.0,1
9491.0,0
9493.0,0
9495.0,0
9497.0,1
9499.0,0
9501.0,0
9503.0,0
9505.0,0
9507.0,0
9509.0,0
9511.0,0
9513.0,1
9515.0,2
9517.0,1
9519.0,0
9521.0,1
9523.0,2
9525.0,0
9527.0,1
9529.0,2
9531.0,2
9533.0,4
9535.0,0
9537.0,0
9539.0,0
9541.0,1
9543.0,1
9545.0,0
9547.0,1
9549.0,0
9551.0,0
9553.0,0
9555.0,2
9557.0,1
9559.0,0
9561.0,0
9563.0,2
9565.0,1
9567.0,2
9569.0,1
9571.0,0
9573.0,0
9575.0,0
9577.0,1
9579.0,2
9581.0,0
9583.0,0
9585.0,1
9587.0,0
9589.0,0
9591.0,0
9593.0,1
9595.0,0
9597.0,0
9599.0,0
9601.0,0
9603.0,1
9605.0,4
9607.0,1
9609.0,1
9611.0,1
9613.0,0
9615.0,1
9617.0,1
9619.0,0
9621.0,1
9623.0,2
9625.0,3
9627.0,0
9629.0,2
9631.0,1
9633.0,1
9635.0,1
9637.0,0
9639.0,5
9641.0,4
9643.0,3
9645.0,3
9647.0,1
9649.0,2
9651.0,3
9653.0,0
9655.0,3
9657.0,1
9659.0,1
9661.0,3
9663.0,0
9665.0,1
9667.0,3
9669.0,4
9671.0,5
9673.0,4
9675.0,3
9677.0,8
9679.0,3
9681.0,3
9683.0,1
9685.0,2
9687.0,2
9689.0,2
9691.0,2
9693.0,2
9695.0,1
9697.0,0
9699.0,1
9701.0,1
9703.0,0
9705.0,3
9707.0,0
9709.0,1
9711.0,0
9713.0,3
9715.0,0
9717.0,0
9719.0,0
9721.0,0
9723.0,0
9725.0,0
9727.0,2
9729.0,2
9731.0,0
9733.0,0
9735.0,0
9737.0,1
9739.0,0
9741.0,0
9743.0,0
9745.0,0
9747.0,0
9749.0,1
9751.0,0
9753.0,0
9755.0,1
9757.0,2
9759.0,0
9761.0,0
9763.0,0
9765.0,0
9767.0,0
9769.0,1
9771.0,0
9773.0,0
9775.0,1
9777.0,0
9779.0,0
9781.0,0
9783.0,0
9785.0,1
9787.0,1
9789.0,0
9791.0,0
9793.0,1
9795.0,0
9797.0,0
9799.0,0
9801.0,1
9803.0,0
9805.0,0
9807.0,4
9809.0,0
9811.0,2
9813.0,3
9815.0,1
9817.0,0
9819.0,0
9821.0,1
9823.0,0
9825.0,0
9827.0,1
9829.0,3
9831.0,1
9833.0,0
9835.0,0
9837.0,0
9839.0,0
9841.0,2
9843.0,0
9845.0,1
9847.0,1
9849.0,1
9851.0,0
9853.0,0
9855.0,2
9857.0,0
9859.0,0
9861.0,0
9863.0,0
9865.0,0
9867.0,0
9869.0,1
9871.0,0
9873.0,1
9875.0,0
9877.0,1
9879.0,0
9881.0,2
9883.0,0
9885.0,0
9887.0,0
9889.0,3
9891.0,0
9893.0,0
9895.0,0
9897.0,0
9899.0,0
9901.0,0
9903.0,0
9905.0,0
9907.0,0
9909.0,1
9911.0,1
9913.0,2
9915.0,0
9917.0,3
9919.0,0
9921.0,0
9923.0,0
9925.0,1
9927.0,0
9929.0,0
9931.0,1
9933.0,0
9935.0,1
9937.0,0
9939.0,0
9941.0,1
9943.0,0
9945.0,3
9947.0,0
9949.0,2
9951.0,1
9953.0,0
9955.0,2
9957.0,1
9959.0,0
9961.0,2
9963.0,2
9965.0,1
9967.0,0
9969.0,0
9971.0,1
9973.0,2
9975.0,1
9977.0,1
9979.0,0
9981.0,0
9983.0,2
9985.0,2
9987.0,1
9989.0,1
9991.0,0
9993.0,0
9995.0,0
9997.0,0
9999.0,0
10001.0,3
10003.0,0
10005.0,1
10007.0,0
10009.0,0
10011.0,1
10013.0,1
10015.0,1
10017.0,0
10019.0,0
10021.0,0
10023.0,1
10025.0,1
10027.0,0
10029.0,1
10031.0,0
10033.0,0
10035.0,0
10037.0,0
10039.0,2
10041.0,0
10043.0,0
10045.0,1
10047.0,0
10049.0,0
10051.0,0
10053.0,1
10055.0,0
10057.0,0
10059.0,0
10061.0,0
10063.0,2
10065.0,1
10067.0,2
10069.0,1
10071.0,3
10073.0,0
10075.0,0
10077.0,2
10079.0,1
10081.0,0
10083.0,0
10085.0,0
10087.0,2
10089.0,1
10091.0,1
10093.0,2
10095.0,1
10097.0,1
10099.0,0
10101.0,2
10103.0,0
10105.0,0
10107.0,0
10109.0,0
10111.0,1
10113.0,0
10115.0,0
10117.0,1
10119.0,0
10121.0,2
10123.0,1
10125.0,0
10127.0,0
10129.0,4
10131.0,0
10133.0,1
10135.0,2
10137.0,1
10139.0,1
10141.0,0
10143.0,0
10145.0,1
10147.0,0
10149.0,1
10151.0,1
10153.0,0
10155.0,0
10157.0,0
10159.0,2
10161.0,2
10163.0,0
10165.0,2
10167.0,1
10169.0,1
10171.0,1
10173.0,0
10175.0,1
10177.0,1
10179.0,0
10181.0,1
10183.0,0
10185.0,2
10187.0,0
10189.0,0
10191.0,1
10193.0,1
10195.0,0
10197.0,0
10199.0,0
10201.0,0
10203.0,0
10205.0,1
10207.0,2
10209.0,0
10211.0,1
10213.0,0
10215.0,0
10217.0,1
10219.0,0
10221.0,0
10223.0,2
10225.0,1
10227.0,0
10229.0,0
10231.0,2
10233.0,1
10235.0,1
10237.0,1
10239.0,1
10241.0,0
10243.0,1
10245.0,0
10247.0,4
10249.0,2
10251.0,2
10253.0,1
10255.0,2
10257.0,1
10259.0,3
10261.0,2
10263.0,1
10265.0,0
10267.0,1
10269.0,1
10271.0,1
10273.0,2
10275.0,4
10277.0,0
10279.0,0
10281.0,0
10283.0,4
10285.0,0
10287.0,0
10289.0,1
10291.0,1
10293.0,1
10295.0,1
10297.0,1
10299.0,2
10301.0,1
10303.0,0
10305.0,3
10307.0,2
10309.0,0
10311.0,1
10313.0,4
10315.0,3
10317.0,1
10319.0,2
10321.0,1
10323.0,1
10325.0,0
10327.0,2
10329.0,0
10331.0,1
10333.0,1
10335.0,1
10337.0,1
10339.0,0
10341.0,2
10343.0,1
10345.0,1
10347.0,2
10349.0,3
10351.0,2
10353.0,1
10355.0,0
10357.0,1
10359.0,3
10361.0,1
10363.0,2
10365.0,0
10367.0,2
10369.0,0
10371.0,0
10373.0,1
10375.0,0
10377.0,2
10379.0,1
10381.0,2
10383.0,3
10385.0,4
10387.0,6
10389.0,2
10391.0,3
10393.0,3
10395.0,1
10397.0,2
10399.0,1
10401.0,2
10403.0,3
10405.0,4
10407.0,1
10409.0,1
10411.0,1
10413.0,4
10415.0,3
10417.0,5
10419.0,0
10421.0,4
10423.0,4
10425.0,2
10427.0,2
10429.0,1
10431.0,1
10433.0,4
10435.0,6
10437.0,4
10439.0,3
10441.0,2
10443.0,5
10445.0,2
10447.0,4
10449.0,5
10451.0,9
10453.0,4
10455.0,5
10457.0,1
10459.0,3
10461.0,4
10463.0,2
10465.0,1
10467.0,4
10469.0,0
10471.0,3
10473.0,1
10475.0,1
10477.0,3
10479.0,1
10481.0,4
10483.0,3
10485.0,0
10487.0,1
10489.0,4
10491.0,2
10493.0,1
10495.0,4
10497.0,4
10499.0,6
10501.0,5
10503.0,4
10505.0,12
10507.0,15
10509.0,11
10511.0,15
10513.0,4
10515.0,8
10517.0,9
10519.0,10
10521.0,2
10523.0,5
10525.0,3
10527.0,3
10529.0,4
10531.0,4
10533.0,4
10535.0,2
10537.0,1
10539.0,5
10541.0,2
10543.0,4
10545.0,4
10547.0,2
10549.0,3
10551.0,1
10553.0,0
10555.0,3
10557.0,0
10559.0,1
10561.0,2
10563.0,1
10565.0,1
10567.0,0
10569.0,0
10571.0,0
10573.0,0
10575.0,0
10577.0,0
10579.0,0
10581.0,1
10583.0,2
10585.0,1
10587.0,1
10589.0,2
10591.0,0
10593.0,0
10595.0,1
10597.0,0
10599.0,0
10601.0,1
10603.0,0
10605.0,0
10607.0,1
10609.0,0
10611.0,0
10613.0,0
10615.0,0
10617.0,0
10619.0,2
10621.0,1
10623.0,1
10625.0,2
10627.0,0
10629.0,1
10631.0,0
10633.0,1
10635.0,0
10637.0,0
10639.0,0
10641.0,1
10643.0,1
10645.0,0
10647.0,1
10649.0,1
10651.0,3
10653.0,0
10655.0,0
10657.0,2
10659.0,0
10661.0,1
10663.0,3
10665.0,1
10667.0,1
10669.0,2
10671.0,0
10673.0,2
10675.0,2
10677.0,2
10679.0,2
10681.0,1
10683.0,2
10685.0,1
10687.0,2
10689.0,1
10691.0,0
10693.0,1
10695.0,1
10697.0,1
10699.0,0
10701.0,1
10703.0,2
10705.0,1
10707.0,0
10709.0,0
10711.0,2
10713.0,1
10715.0,1
10717.0,1
10719.0,2
10721.0,0
10723.0,1
10725.0,1
10727.0,0
10729.0,1
10731.0,0
10733.0,0
10735.0,0
10737.0,0
10739.0,0
10741.0,0
10743.0,0
10745.0,0
10747.0,0
10749.0,0
10751.0,0
10753.0,0
10755.0,0
10757.0,1
10759.0,2
10761.0,0
10763.0,0
10765.0,1
10767.0,1
10769.0,0
10771.0,1
10773.0,0
10775.0,0
10777.0,2
10779.0,1
10781.0,0
10783.0,0
10785.0,1
10787.0,0
10789.0,0
10791.0,0
10793.0,0
10795.0,2
10797.0,2
10799.0,0
10801.0,0
10803.0,0
10805.0,0
10807.0,2
10809.0,1
10811.0,0
10813.0,0
10815.0,0
10817.0,1
10819.0,0
10821.0,0
10823.0,0
10825.0,0
10827.0,2
10829.0,0
10831.0,0
10833.0,0
10835.0,0
10837.0,0
10839.0,0
10841.0,0
10843.0,0
10845.0,1
10847.0,0
10849.0,0
10851.0,1
10853.0,1
10855.0,0
10857.0,1
10859.0,1
10861.0,0
10863.0,1
10865.0,0
10867.0,2
10869.0,2
10871.0,2
10873.0,0
10875.0,1
10877.0,0
10879.0,1
10881.0,0
10883.0,1
10885.0,1
10887.0,0
10889.0,0
10891.0,2
10893.0,1
10895.0,1
10897.0,0
10899.0,0
10901.0,1
10903.0,1
10905.0,1
10907.0,1
10909.0,0
10911.0,0
10913.0,1
10915.0,1
10917.0,0
10919.0,2
10921.0,2
10923.0,1
10925.0,0
10927.0,1
10929.0,0
10931.0,1
10933.0,2
10935.0,1
10937.0,3
10939.0,1
10941.0,0
10943.0,0
10945.0,0
10947.0,1
10949.0,0
10951.0,2
10953.0,0
10955.0,0
10957.0,1
10959.0,1
10961.0,1
10963.0,1
10965.0,0
10967.0,1
10969.0,3
10971.0,2
10973.0,0
10975.0,0
10977.0,1
10979.0,0
10981.0,0
10983.0,1
10985.0,2
10987.0,0
10989.0,0
10991.0,1
10993.0,1
10995.0,0
10997.0,1
10999.0,2
11001.0,0
11003.0,0
11005.0,0
11007.0,0
11009.0,0
11011.0,0
11013.0,1
11015.0,1
11017.0,1
11019.0,0
11021.0,2
11023.0,2
11025.0,1
11027.0,0
11029.0,1
11031.0,1
11033.0,0
11035.0,2
11037.0,0
11039.0,1
11041.0,2
11043.0,2
11045.0,2
11047.0,1
11049.0,1
11051.0,0
11053.0,0
11055.0,1
11057.0,0
11059.0,0
11061.0,1
11063.0,0
11065.0,0
11067.0,2
11069.0,1
11071.0,1
11073.0,0
11075.0,1
11077.0,1
11079.0,0
11081.0,0
11083.0,1
11085.0,3
11087.0,0
11089.0,2
11091.0,1
11093.0,1
11095.0,0
11097.0,1
11099.0,0
11101.0,0
11103.0,0
11105.0,0
11107.0,2
11109.0,1
11111.0,0
11113.0,0
11115.0,0
11117.0,0
11119.0,1
11121.0,1
11123.0,1
11125.0,2
11127.0,2
11129.0,1
11131.0,1
11133.0,0
11135.0,1
11137.0,1
11139.0,3
11141.0,0
11143.0,1
11145.0,2
11147.0,0
11149.0,0
11151.0,1
11153.0,2
11155.0,2
11157.0,0
11159.0,1
11161.0,1
11163.0,0
11165.0,1
11167.0,1
11169.0,0
11171.0,0
11173.0,0
11175.0,2
11177.0,0
11179.0,0
11181.0,0
11183.0,2
11185.0,1
11187.0,0
11189.0,0
11191.0,0
11193.0,0
11195.0,0
11197.0,1
11199.0,1
11201.0,0
11203.0,0
11205.0,1
11207.0,0
11209.0,0
11211.0,1
11213.0,1
11215.0,2
11217.0,0
11219.0,0
11221.0,0
11223.0,0
11225.0,1
11227.0,0
11229.0,2
11231.0,1
11233.0,0
11235.0,0
11237.0,1
11239.0,0
11241.0,0
11243.0,1
11245.0,0
11247.0,0
11249.0,1
11251.0,0
11253.0,0
11255.0,0
11257.0,1
11259.0,1
11261.0,0
11263.0,2
11265.0,1
11267.0,0
11269.0,1
11271.0,2
11273.0,3
11275.0,0
11277.0,0
11279.0,2
11281.0,0
11283.0,1
11285.0,1
11287.0,0
11289.0,1
11291.0,0
11293.0,1
11295.0,2
11297.0,0
11299.0,0
11301.0,2
11303.0,2
11305.0,3
11307.0,0
11309.0,0
11311.0,1
11313.0,0
11315.0,0
11317.0,1
11319.0,0
11321.0,0
11323.0,0
11325.0,0
11327.0,0
11329.0,1
11331.0,2
11333.0,2
11335.0,0
11337.0,1
11339.0,1
11341.0,0
11343.0,1
11345.0,1
11347.0,0
11349.0,0
11351.0,1
11353.0,0
11355.0,0
11357.0,1
11359.0,1
11361.0,0
11363.0,0
11365.0,0
11367.0,0
11369.0,1
11371.0,0
11373.0,0
11375.0,0
11377.0,1
11379.0,0
11381.0,1
11383.0,1
11385.0,1
11387.0,0
11389.0,1
11391.0,0
11393.0,0
11395.0,0
11397.0,2
11399.0,0
11401.0,1
11403.0,0
11405.0,2
11407.0,1
11409.0,0
11411.0,1
11413.0,1
11415.0,1
11417.0,2
11419.0,1
11421.0,0
11423.0,0
11425.0,2
11427.0,0
11429.0,0
11431.0,0
11433.0,0
11435.0,0
11437.0,1
11439.0,1
11441.0,1
11443.0,1
11445.0,1
11447.0,0
11449.0,3
11451.0,0
11453.0,0
11455.0,1
11457.0,3
11459.0,1
11461.0,0
11463.0,2
11465.0,2
11467.0,2
11469.0,0
11471.0,2
11473.0,2
11475.0,2
11477.0,0
11479.0,2
11481.0,0
11483.0,0
11485.0,3
11487.0,1
11489.0,1
11491.0,0
11493.0,4
11495.0,1
11497.0,0
11499.0,0
11501.0,2
11503.0,4
11505.0,1
11507.0,0
11509.0,0
11511.0,3
11513.0,1
11515.0,4
11517.0,1
11519.0,0
11521.0,0
11523.0,2
11525.0,1
11527.0,1
11529.0,0
11531.0,0
11533.0,1
11535.0,1
11537.0,0
11539.0,0
11541.0,0
11543.0,1
11545.0,2
11547.0,4
11549.0,1
11551.0,0
11553.0,3
11555.0,1
11557.0,1
11559.0,5
11561.0,3
11563.0,5
11565.0,2
11567.0,2
11569.0,0
11571.0,1
11573.0,1
11575.0,2
11577.0,0
11579.0,1
11581.0,1
11583.0,1
11585.0,0
11587.0,2
11589.0,0
11591.0,0
11593.0,4
11595.0,2
11597.0,0
11599.0,2
11601.0,4
11603.0,3
11605.0,1
11607.0,1
11609.0,2
11611.0,2
11613.0,3
11615.0,3
11617.0,1
11619.0,1
11621.0,0
11623.0,1
11625.0,1
11627.0,1
11629.0,3
11631.0,0
11633.0,0
11635.0,2
11637.0,1
11639.0,0
11641.0,2
11643.0,4
11645.0,0
11647.0,2
11649.0,3
11651.0,2
11653.0,2
11655.0,0
11657.0,1
11659.0,3
11661.0,3
11663.0,5
11665.0,4
11667.0,1
11669.0,1
11671.0,1
11673.0,0
11675.0,1
11677.0,1
11679.0,0
11681.0,0
11683.0,2
11685.0,3
11687.0,0
11689.0,1
11691.0,1
11693.0,4
11695.0,4
11697.0,7
11699.0,5
11701.0,4
11703.0,4
11705.0,3
11707.0,2
11709.0,1
11711.0,1
11713.0,2
11715.0,2
11717.0,1
11719.0,1
11721.0,2
11723.0,3
11725.0,2
11727.0,4
11729.0,0
11731.0,2
11733.0,1
11735.0,3
11737.0,1
11739.0,5
11741.0,3
11743.0,1
11745.0,6
11747.0,3
11749.0,2
11751.0,1
11753.0,2
11755.0,1
11757.0,0
11759.0,4
11761.0,0
11763.0,1
11765.0,1
11767.0,0
11769.0,1
11771.0,0
11773.0,0
11775.0,0
11777.0,0
11779.0,1
11781.0,0
11783.0,1
11785.0,0
11787.0,0
11789.0,0
11791.0,0
11793.0,0
11795.0,1
11797.0,0
11799.0,1
11801.0,1
11803.0,0
11805.0,1
11807.0,0
11809.0,0
11811.0,0
11813.0,0
11815.0,0
11817.0,0
11819.0,0
11821.0,0
11823.0,0
11825.0,0
11827.0,0
11829.0,0
11831.0,1
11833.0,0
11835.0,0
11837.0,0
11839.0,1
11841.0,0
11843.0,0
11845.0,0
11847.0,0
11849.0,0
11851.0,0
11853.0,0
11855.0,0
11857.0,1
11859.0,0
11861.0,0
11863.0,0
11865.0,0
11867.0,0
11869.0,0
11871.0,0
11873.0,0
11875.0,1
11877.0,1
11879.0,0
11881.0,0
11883.0,1
11885.0,0
11887.0,0
11889.0,0
11891.0,0
11893.0,0
11895.0,0
11897.0,0
11899.0,0
11901.0,0
11903.0,0
11905.0,0
11907.0,0
11909.0,0
11911.0,0
11913.0,0
11915.0,0
11917.0,0
11919.0,0
11921.0,0
11923.0,0
11925.0,0
11927.0,1
11929.0,0
11931.0,0
11933.0,1
11935.0,0
11937.0,0
11939.0,0
11941.0,0
11943.0,0
11945.0,0
11947.0,0
11949.0,0
11951.0,1
11953.0,0
11955.0,0
11957.0,0
11959.0,0
11961.0,0
11963.0,1
11965.0,0
11967.0,0
11969.0,0
11971.0,0
11973.0,1
11975.0,0
11977.0,1
11979.0,0
11981.0,0
11983.0,0
11985.0,1
11987.0,0
11989.0,0
11991.0,1
11993.0,0
11995.0,0
11997.0,0
11999.0,0
12001.0,0
12003.0,0
12005.0,1
12007.0,0
12009.0,0
12011.0,1
12013.0,1
12015.0,0
12017.0,0
12019.0,0
12021.0,0
12023.0,0
12025.0,0
12027.0,0
12029.0,0
12031.0,0
12033.0,0
12035.0,0
12037.0,1
12039.0,0
12041.0,0
12043.0,0
12045.0,0
12047.0,0
12049.0,0
12051.0,0
12053.0,1
12055.0,2
12057.0,0
12059.0,0
12061.0,0
12063.0,0
12065.0,0
12067.0,0
12069.0,0
12071.0,0
12073.0,0
12075.0,0
12077.0,0
12079.0,0
12081.0,1
12083.0,0
12085.0,0
12087.0,0
12089.0,0
12091.0,0
12093.0,0
12095.0,0
12097.0,0
12099.0,0
12101.0,0
12103.0,0
12105.0,0
12107.0,0
12109.0,1
12111.0,0
12113.0,0
12115.0,1
12117.0,0
12119.0,0
12121.0,1
12123.0,1
12125.0,0
12127.0,0
12129.0,0
12131.0,0
12133.0,0
12135.0,0
12137.0,0
12139.0,0
12141.0,0
12143.0,1
12145.0,0
12147.0,0
12149.0,0
12151.0,0
12153.0,1
12155.0,1
12157.0,2
12159.0,0
12161.0,0
12163.0,1
12165.0,0
12167.0,1
12169.0,0
12171.0,1
12173.0,0
12175.0,0
12177.0,0
12179.0,0
12181.0,0
12183.0,0
12185.0,1
12187.0,0
12189.0,1
12191.0,0
12193.0,1
12195.0,0
12197.0,1
12199.0,0
12201.0,0
12203.0,0
12205.0,0
12207.0,0
12209.0,0
12211.0,0
12213.0,0
12215.0,0
12217.0,0
12219.0,0
12221.0,0
12223.0,1
12225.0,0
12227.0,0
12229.0,0
12231.0,0
12233.0,0
12235.0,0
12237.0,0
12239.0,0
12241.0,0
12243.0,1
12245.0,0
12247.0,0
12249.0,0
12251.0,0
12253.0,0
12255.0,0
12257.0,0
12259.0,1
12261.0,0
12263.0,0
12265.0,0
12267.0,0
12269.0,0
12271.0,0
12273.0,0
12275.0,0
12277.0,0
12279.0,1
12281.0,0
12283.0,0
12285.0,0
12287.0,0
12289.0,0
12291.0,1
12293.0,1
12295.0,0
12297.0,0
12299.0,0
12301.0,1
12303.0,0
12305.0,0
12307.0,0
12309.0,0
12311.0,0
12313.0,1
12315.0,0
12317.0,1
12319.0,0
12321.0,0
12323.0,0
12325.0,0
12327.0,0
12329.0,0
12331.0,0
12333.0,1
12335.0,0
12337.0,0
12339.0,0
12341.0,0
12343.0,1
12345.0,0
12347.0,0
12349.0,0
12351.0,0
12353.0,0
12355.0,0
12357.0,0
12359.0,0
12361.0,0
12363.0,0
12365.0,0
12367.0,0
12369.0,0
12371.0,2
12373.0,0
12375.0,0
12377.0,0
12379.0,0
12381.0,1
12383.0,0
12385.0,0
12387.0,0
12389.0,0
12391.0,0
12393.0,0
12395.0,0
12397.0,1
12399.0,0
12401.0,0
12403.0,0
12405.0,1
12407.0,0
12409.0,0
12411.0,0
12413.0,1
12415.0,0
12417.0,0
12419.0,1
12421.0,0
12423.0,0
12425.0,0
12427.0,0
12429.0,0
12431.0,0
12433.0,0
12435.0,0
12437.0,0
12439.0,0
12441.0,0
12443.0,0
12445.0,0
12447.0,0
12449.0,0
12451.0,0
12453.0,0
12455.0,0
12457.0,0
12459.0,0
12461.0,0
12463.0,0
12465.0,0
12467.0,0
12469.0,0
12471.0,0
12473.0,1
12475.0,0
12477.0,0
12479.0,0
12481.0,0
12483.0,0
12485.0,0
12487.0,0
12489.0,1
12491.0,0
12493.0,0
12495.0,0
12497.0,0
12499.0,0
12501.0,0
12503.0,0
12505.0,0
12507.0,0
12509.0,1
12511.0,0
12513.0,0
12515.0,0
12517.0,0
12519.0,0
12521.0,0
12523.0,0
12525.0,0
12527.0,0
12529.0,1
12531.0,0
12533.0,0
12535.0,0
12537.0,0
12539.0,0
12541.0,0
12543.0,0
12545.0,0
12547.0,1
12549.0,0
12551.0,0
12553.0,0
12555.0,0
12557.0,0
12559.0,0
12561.0,0
12563.0,0
12565.0,0
12567.0,0
12569.0,0
12571.0,0
12573.0,0
12575.0,1
12577.0,0
12579.0,0
12581.0,0
12583.0,0
12585.0,0
12587.0,0
12589.0,1
12591.0,0
12593.0,0
12595.0,0
12597.0,1
12599.0,1
12601.0,0
12603.0,0
12605.0,0
12607.0,0
12609.0,0
12611.0,0
12613.0,1
12615.0,1
12617.0,0
12619.0,0
12621.0,1
12623.0,0
12625.0,0
12627.0,1
12629.0,1
12631.0,0
12633.0,1
12635.0,0
12637.0,0
12639.0,1
12641.0,0
12643.0,0
12645.0,0
12647.0,0
12649.0,0
12651.0,0
12653.0,0
12655.0,1
12657.0,0
12659.0,0
12661.0,1
12663.0,0
12665.0,0
12667.0,0
12669.0,0
12671.0,0
12673.0,0
12675.0,1
12677.0,0
12679.0,0
12681.0,1
12683.0,0
12685.0,1
12687.0,2
12689.0,1
12691.0,1
12693.0,0
12695.0,0
12697.0,0
12699.0,0
12701.0,0
12703.0,0
12705.0,0
12707.0,1
12709.0,0
12711.0,0
12713.0,1
12715.0,1
12717.0,0
12719.0,0
12721.0,1
12723.0,2
12725.0,0
12727.0,0
12729.0,0
12731.0,0
12733.0,0
12735.0,0
12737.0,0
12739.0,0
12741.0,0
12743.0,0
12745.0,0
12747.0,0
12749.0,1
12751.0,0
12753.0,0
12755.0,0
12757.0,0
12759.0,0
12761.0,0
12763.0,0
12765.0,0
12767.0,0
12769.0,0
12771.0,0
12773.0,0
12775.0,0
12777.0,1
12779.0,2
12781.0,0
12783.0,0
12785.0,0
12787.0,0
12789.0,0
12791.0,1
12793.0,1
12795.0,0
12797.0,0
12799.0,1
12801.0,0
12803.0,0
12805.0,0
12807.0,0
12809.0,1
12811.0,2
12813.0,0
12815.0,1
12817.0,3
12819.0,4
12821.0,0
12823.0,0
12825.0,1
12827.0,0
12829.0,0
12831.0,1
12833.0,0
12835.0,0
12837.0,1
12839.0,0
12841.0,1
12843.0,0
12845.0,0
12847.0,1
12849.0,2
12851.0,0
12853.0,0
12855.0,0
12857.0,0
12859.0,0
12861.0,0
12863.0,0
12865.0,0
12867.0,1
12869.0,0
12871.0,0
12873.0,0
12875.0,0
12877.0,1
12879.0,0
12881.0,0
12883.0,1
12885.0,1
12887.0,0
12889.0,1
12891.0,0
12893.0,0
12895.0,0
12897.0,0
12899.0,0
12901.0,0
12903.0,0
12905.0,0
12907.0,1
12909.0,0
12911.0,0
12913.0,0
12915.0,0
12917.0,0
12919.0,0
12921.0,0
12923.0,0
12925.0,0
12927.0,0
12929.0,0
12931.0,0
12933.0,0
12935.0,0
12937.0,0
12939.0,0
12941.0,0
12943.0,1
12945.0,0
12947.0,0
12949.0,0
12951.0,0
12953.0,0
12955.0,0
12957.0,1
12959.0,0
12961.0,0
12963.0,0
12965.0,0
12967.0,0
12969.0,0
12971.0,0
12973.0,1
12975.0,0
12977.0,1
12979.0,0
12981.0,1
12983.0,1
12985.0,0
12987.0,0
12989.0,0
12991.0,0
12993.0,0
12995.0,0
12997.0,0
