Bin center (eV),Counts per 2 eV bin
801.0,32
803.0,30
805.0,32
807.0,26
809.0,31
811.0,26
813.0,39
815.0,48
817.0,49
819.0,52
821.0,47
823.0,36
825.0,44
827.0,67
829.0,80
831.0,113
833.0,128
835.0,198
837.0,229
839.0,313
841.0,279
843.0,291
845.0,239
847.0,332
849.0,364
851.0,437
853.0,456
855.0,308
857.0,220
859.0,158
861.0,130
863.0,99
865.0,73
867.0,67
869.0,46
871.0,38
873.0,50
875.0,42
877.0,47
879.0,33
881.0,38
883.0,40
885.0,59
887.0,60
889.0,53
891.0,49
893.0,56
895.0,39
897.0,63
899.0,102
901.0,159
903.0,238
905.0,267
907.0,246
909.0,182
911.0,114
913.0,133
915.0,210
917.0,313
919.0,339
921.0,398
923.0,320
925.0,284
927.0,263
929.0,250
931.0,271
933.0,230
935.0,193
937.0,134
939.0,109
941.0,112
943.0,69
945.0,71
947.0,69
949.0,64
951.0,65
953.0,66
955.0,58
957.0,46
959.0,43
961.0,42
963.0,38
965.0,36
967.0,38
969.0,48
971.0,54
973.0,47
975.0,39
977.0,38
979.0,38
981.0,41
983.0,29
985.0,28
987.0,21
989.0,23
991.0,28
993.0,28
995.0,28
997.0,33
999.0,24
1001.0,25
1003.0,31
1005.0,27
1007.0,26
1009.0,22
1011.0,32
1013.0,14
1015.0,23
1017.0,28
1019.0,27
1021.0,23
1023.0,16
1025.0,29
1027.0,40
1029.0,44
1031.0,42
1033.0,40
1035.0,33
1037.0,30
1039.0,20
1041.0,24
1043.0,22
1045.0,21
1047.0,18
1049.0,20
1051.0,22
1053.0,19
1055.0,35
1057.0,24
1059.0,12
1061.0,25
1063.0,16
1065.0,15
1067.0,13
1069.0,21
1071.0,17
1073.0,24
1075.0,25
1077.0,24
1079.0,22
1081.0,27
1083.0,22
1085.0,14
1087.0,18
1089.0,17
1091.0,21
1093.0,21
1095.0,14
1097.0,21
1099.0,28
1101.0,24
1103.0,16
1105.0,29
1107.0,32
1109.0,24
1111.0,26
1113.0,35
1115.0,33
1117.0,41
1119.0,23
1121.0,23
1123.0,27
1125.0,34
1127.0,27
1129.0,20
1131.0,21
1133.0,20
1135.0,12
1137.0,20
1139.0,12
1141.0,21
1143.0,29
1145.0,24
1147.0,28
1149.0,14
1151.0,13
1153.0,16
1155.0,6
1157.0,16
1159.0,17
1161.0,24
1163.0,28
1165.0,27
1167.0,25
1169.0,17
1171.0,26
1173.0,30
1175.0,27
1177.0,26
1179.0,18
1181.0,19
1183.0,24
1185.0,26
1187.0,18
1189.0,18
1191.0,22
1193.0,31
1195.0,23
1197.0,18
1199.0,25
1201.0,30
1203.0,24
1205.0,23
1207.0,35
1209.0,28
1211.0,17
1213.0,18
1215.0,24
1217.0,15
1219.0,19
1221.0,28
1223.0,22
1225.0,20
1227.0,22
1229.0,27
1231.0,21
1233.0,19
1235.0,18
1237.0,19
1239.0,19
1241.0,23
1243.0,24
1245.0,19
1247.0,27
1249.0,21
1251.0,16
1253.0,13
1255.0,19
1257.0,20
1259.0,19
1261.0,16
1263.0,21
1265.0,28
1267.0,20
1269.0,13
1271.0,20
1273.0,18
1275.0,19
1277.0,25
1279.0,29
1281.0,13
1283.0,18
1285.0,15
1287.0,20
1289.0,24
1291.0,20
1293.0,16
1295.0,23
1297.0,24
1299.0,31
1301.0,15
1303.0,12
1305.0,27
1307.0,20
1309.0,28
1311.0,14
1313.0,13
1315.0,24
1317.0,17
1319.0,20
1321.0,14
1323.0,20
1325.0,33
1327.0,15
1329.0,21
1331.0,20
1333.0,18
1335.0,20
1337.0,24
1339.0,15
1341.0,25
1343.0,19
1345.0,22
1347.0,13
1349.0,19
1351.0,33
1353.0,15
1355.0,16
1357.0,15
1359.0,41
1361.0,15
1363.0,16
1365.0,17
1367.0,14
1369.0,13
1371.0,13
1373.0,16
1375.0,16
1377.0,20
1379.0,22
1381.0,21
1383.0,15
1385.0,27
1387.0,21
1389.0,22
1391.0,26
1393.0,24
1395.0,23
1397.0,14
1399.0,22
1401.0,26
1403.0,16
1405.0,28
1407.0,12
1409.0,12
1411.0,20
1413.0,10
1415.0,21
1417.0,19
1419.0,19
1421.0,23
1423.0,17
1425.0,19
1427.0,22
1429.0,17
1431.0,16
1433.0,20
1435.0,20
1437.0,19
1439.0,20
1441.0,15
1443.0,21
1445.0,23
1447.0,15
1449.0,28
1451.0,15
1453.0,19
1455.0,18
1457.0,20
1459.0,19
1461.0,11
1463.0,19
1465.0,17
1467.0,25
1469.0,18
1471.0,16
1473.0,23
1475.0,13
1477.0,23
1479.0,17
1481.0,32
1483.0,13
1485.0,16
1487.0,19
1489.0,14
1491.0,15
1493.0,20
1495.0,30
1497.0,11
1499.0,18
1501.0,17
1503.0,23
1505.0,16
1507.0,21
1509.0,18
1511.0,17
1513.0,17
1515.0,19
1517.0,27
1519.0,10
1521.0,24
1523.0,14
1525.0,15
1527.0,19
1529.0,26
1531.0,25
1533.0,18
1535.0,18
1537.0,18
1539.0,21
1541.0,18
1543.0,27
1545.0,19
1547.0,16
1549.0,10
1551.0,16
1553.0,11
1555.0,14
1557.0,23
1559.0,18
1561.0,16
1563.0,16
1565.0,10
1567.0,15
1569.0,9
1571.0,12
1573.0,23
1575.0,11
1577.0,9
1579.0,8
1581.0,15
1583.0,11
1585.0,18
1587.0,11
1589.0,7
1591.0,7
1593.0,17
1595.0,8
1597.0,15
1599.0,11
1601.0,13
1603.0,11
1605.0,10
1607.0,12
1609.0,18
1611.0,20
1613.0,10
1615.0,18
1617.0,15
1619.0,11
1621.0,6
1623.0,10
1625.0,18
1627.0,12
1629.0,15
1631.0,13
1633.0,15
1635.0,16
1637.0,12
1639.0,13
1641.0,11
1643.0,9
1645.0,13
1647.0,12
1649.0,18
1651.0,8
1653.0,5
1655.0,7
1657.0,8
1659.0,15
1661.0,20
1663.0,14
1665.0,20
1667.0,19
1669.0,21
1671.0,10
1673.0,17
1675.0,8
1677.0,17
1679.0,21
1681.0,34
1683.0,16
1685.0,12
1687.0,15
1689.0,12
1691.0,6
1693.0,8
1695.0,15
1697.0,17
1699.0,15
1701.0,9
1703.0,6
1705.0,11
1707.0,12
1709.0,8
1711.0,9
1713.0,9
1715.0,15
1717.0,6
1719.0,6
1721.0,7
1723.0,18
1725.0,17
1727.0,16
1729.0,13
1731.0,11
1733.0,7
1735.0,10
1737.0,14
1739.0,13
1741.0,17
1743.0,18
1745.0,10
1747.0,12
1749.0,10
1751.0,16
1753.0,10
1755.0,17
1757.0,18
1759.0,17
1761.0,23
1763.0,8
1765.0,9
1767.0,15
1769.0,12
1771.0,14
1773.0,6
1775.0,13
1777.0,9
1779.0,10
1781.0,9
1783.0,9
1785.0,16
1787.0,13
1789.0,16
1791.0,9
1793.0,13
1795.0,16
1797.0,17
1799.0,10
1801.0,16
1803.0,10
1805.0,10
1807.0,14
1809.0,7
1811.0,11
1813.0,15
1815.0,11
1817.0,18
1819.0,10
1821.0,15
1823.0,9
1825.0,4
1827.0,11
1829.0,12
1831.0,13
1833.0,21
1835.0,14
1837.0,14
1839.0,19
1841.0,14
1843.0,8
1845.0,4
1847.0,6
1849.0,7
1851.0,10
1853.0,6
1855.0,10
1857.0,12
1859.0,18
1861.0,19
1863.0,18
1865.0,19
1867.0,14
1869.0,20
1871.0,12
1873.0,13
1875.0,8
1877.0,9
1879.0,10
1881.0,8
1883.0,5
1885.0,9
1887.0,6
1889.0,9
1891.0,11
1893.0,10
1895.0,10
1897.0,12
1899.0,11
1901.0,12
1903.0,14
1905.0,20
1907.0,17
1909.0,11
1911.0,17
1913.0,16
1915.0,13
1917.0,9
1919.0,6
1921.0,11
1923.0,22
1925.0,14
1927.0,16
1929.0,8
1931.0,12
1933.0,17
1935.0,12
1937.0,6
1939.0,11
1941.0,11
1943.0,11
1945.0,13
1947.0,7
1949.0,8
1951.0,5
1953.0,10
1955.0,11
1957.0,11
1959.0,8
1961.0,23
1963.0,11
1965.0,15
1967.0,13
1969.0,17
1971.0,16
1973.0,16
1975.0,9
1977.0,7
1979.0,19
1981.0,10
1983.0,4
1985.0,9
1987.0,14
1989.0,13
1991.0,8
1993.0,12
1995.0,7
1997.0,13
1999.0,15
2001.0,13
2003.0,9
2005.0,16
2007.0,18
2009.0,25
2011.0,13
2013.0,19
2015.0,14
2017.0,16
2019.0,9
2021.0,11
2023.0,11
2025.0,14
2027.0,12
2029.0,12
2031.0,12
2033.0,13
2035.0,7
2037.0,5
2039.0,12
2041.0,10
2043.0,11
2045.0,16
2047.0,14
2049.0,13
2051.0,11
2053.0,16
2055.0,16
2057.0,11
2059.0,22
2061.0,21
2063.0,21
2065.0,27
2067.0,36
2069.0,35
2071.0,39
2073.0,58
2075.0,40
2077.0,34
2079.0,25
2081.0,28
2083.0,22
2085.0,30
2087.0,20
2089.0,23
2091.0,16
2093.0,39
2095.0,25
2097.0,20
2099.0,19
2101.0,22
2103.0,30
2105.0,21
2107.0,42
2109.0,39
2111.0,29
2113.0,27
2115.0,21
2117.0,17
2119.0,13
2121.0,12
2123.0,12
2125.0,15
2127.0,14
2129.0,20
2131.0,12
2133.0,14
2135.0,18
2137.0,8
2139.0,16
2141.0,9
2143.0,19
2145.0,11
2147.0,15
2149.0,18
2151.0,14
2153.0,19
2155.0,15
2157.0,16
2159.0,15
2161.0,17
2163.0,17
2165.0,17
2167.0,12
2169.0,9
2171.0,17
2173.0,21
2175.0,25
2177.0,24
2179.0,20
2181.0,31
2183.0,30
2185.0,21
2187.0,26
2189.0,37
2191.0,36
2193.0,28
2195.0,48
2197.0,36
2199.0,54
2201.0,57
2203.0,46
2205.0,53
2207.0,58
2209.0,45
2211.0,46
2213.0,25
2215.0,26
2217.0,26
2219.0,18
2221.0,27
2223.0,26
2225.0,29
2227.0,32
2229.0,34
2231.0,20
2233.0,21
2235.0,16
2237.0,12
2239.0,19
2241.0,20
2243.0,25
2245.0,22
2247.0,20
2249.0,23
2251.0,20
2253.0,18
2255.0,7
2257.0,26
2259.0,22
2261.0,20
2263.0,26
2265.0,28
2267.0,37
2269.0,31
2271.0,36
2273.0,34
2275.0,31
2277.0,33
2279.0,34
2281.0,24
2283.0,25
2285.0,25
2287.0,35
2289.0,25
2291.0,28
2293.0,24
2295.0,29
2297.0,39
2299.0,33
2301.0,25
2303.0,31
2305.0,20
2307.0,27
2309.0,29
2311.0,32
2313.0,25
2315.0,18
2317.0,33
2319.0,33
2321.0,29
2323.0,39
2325.0,20
2327.0,22
2329.0,22
2331.0,26
2333.0,26
2335.0,23
2337.0,29
2339.0,40
2341.0,36
2343.0,49
2345.0,47
2347.0,55
2349.0,40
2351.0,27
2353.0,34
2355.0,30
2357.0,19
2359.0,21
2361.0,25
2363.0,30
2365.0,24
2367.0,17
2369.0,16
2371.0,16
2373.0,21
2375.0,22
2377.0,15
2379.0,18
2381.0,23
2383.0,17
2385.0,23
2387.0,33
2389.0,39
2391.0,25
2393.0,40
2395.0,39
2397.0,30
2399.0,24
2401.0,32
2403.0,29
2405.0,31
2407.0,29
2409.0,20
2411.0,40
2413.0,31
2415.0,25
2417.0,44
2419.0,35
2421.0,23
2423.0,25
2425.0,27
2427.0,27
2429.0,25
2431.0,27
2433.0,28
2435.0,29
2437.0,37
2439.0,40
2441.0,45
2443.0,32
2445.0,41
2447.0,27
2449.0,31
2451.0,31
2453.0,22
2455.0,29
2457.0,38
2459.0,47
2461.0,52
2463.0,37
2465.0,37
2467.0,43
2469.0,33
2471.0,39
2473.0,27
2475.0,33
2477.0,29
2479.0,30
2481.0,25
2483.0,34
2485.0,23
2487.0,32
2489.0,48
2491.0,36
2493.0,34
2495.0,32
2497.0,26
2499.0,31
2501.0,31
2503.0,22
2505.0,23
2507.0,15
2509.0,32
2511.0,18
2513.0,14
2515.0,15
2517.0,17
2519.0,25
2521.0,26
2523.0,23
2525.0,28
2527.0,33
2529.0,35
2531.0,38
2533.0,39
2535.0,37
2537.0,47
2539.0,33
2541.0,35
2543.0,26
2545.0,33
2547.0,34
2549.0,18
2551.0,27
2553.0,25
2555.0,26
2557.0,26
2559.0,30
2561.0,19
2563.0,16
2565.0,23
2567.0,16
2569.0,19
2571.0,6
2573.0,33
2575.0,38
2577.0,30
2579.0,29
2581.0,29
2583.0,33
2585.0,20
2587.0,48
2589.0,50
2591.0,51
2593.0,43
2595.0,41
2597.0,29
2599.0,30
2601.0,39
2603.0,29
2605.0,32
2607.0,26
2609.0,26
2611.0,30
2613.0,31
2615.0,36
2617.0,29
2619.0,50
2621.0,41
2623.0,51
2625.0,47
2627.0,50
2629.0,36
2631.0,56
2633.0,48
2635.0,36
2637.0,34
2639.0,36
2641.0,31
2643.0,34
2645.0,26
2647.0,34
2649.0,33
2651.0,26
2653.0,34
2655.0,39
2657.0,35
2659.0,27
2661.0,30
2663.0,42
2665.0,32
2667.0,30
2669.0,38
2671.0,36
2673.0,44
2675.0,40
2677.0,37
2679.0,40
2681.0,34
2683.0,41
2685.0,34
2687.0,31
2689.0,20
2691.0,22
2693.0,19
2695.0,26
2697.0,17
2699.0,19
2701.0,21
2703.0,23
2705.0,29
2707.0,36
2709.0,31
2711.0,38
2713.0,37
2715.0,39
2717.0,38
2719.0,48
2721.0,29
2723.0,42
2725.0,31
2727.0,57
2729.0,32
2731.0,31
2733.0,27
2735.0,14
2737.0,28
2739.0,23
2741.0,23
2743.0,26
2745.0,26
2747.0,23
2749.0,37
2751.0,33
2753.0,31
2755.0,36
2757.0,26
2759.0,28
2761.0,37
2763.0,29
2765.0,41
2767.0,40
2769.0,37
2771.0,53
2773.0,36
2775.0,32
2777.0,34
2779.0,27
2781.0,33
2783.0,31
2785.0,49
2787.0,42
2789.0,31
2791.0,48
2793.0,42
2795.0,31
2797.0,43
2799.0,41
2801.0,39
2803.0,29
2805.0,45
2807.0,38
2809.0,37
2811.0,38
2813.0,23
2815.0,32
2817.0,22
2819.0,34
2821.0,32
2823.0,38
2825.0,17
2827.0,40
2829.0,36
2831.0,33
2833.0,38
2835.0,61
2837.0,59
2839.0,48
2841.0,48
2843.0,46
2845.0,38
2847.0,46
2849.0,41
2851.0,39
2853.0,43
2855.0,43
2857.0,40
2859.0,37
2861.0,27
2863.0,39
2865.0,21
2867.0,19
2869.0,23
2871.0,36
2873.0,24
2875.0,27
2877.0,24
2879.0,56
2881.0,51
2883.0,63
2885.0,43
2887.0,54
2889.0,41
2891.0,55
2893.0,38
2895.0,44
2897.0,34
2899.0,33
2901.0,46
2903.0,56
2905.0,51
2907.0,40
2909.0,59
2911.0,36
2913.0,36
2915.0,36
2917.0,32
2919.0,29
2921.0,40
2923.0,33
2925.0,44
2927.0,55
2929.0,29
2931.0,45
2933.0,38
2935.0,38
2937.0,51
2939.0,49
2941.0,60
2943.0,65
2945.0,60
2947.0,54
2949.0,69
2951.0,52
2953.0,54
2955.0,54
2957.0,65
2959.0,92
2961.0,79
2963.0,62
2965.0,88
2967.0,77
2969.0,48
2971.0,37
2973.0,50
2975.0,39
2977.0,34
2979.0,40
2981.0,40
2983.0,43
2985.0,43
2987.0,40
2989.0,43
2991.0,29
2993.0,37
2995.0,49
2997.0,43
2999.0,56
3001.0,61
3003.0,61
3005.0,42
3007.0,33
3009.0,61
3011.0,67
3013.0,69
3015.0,64
3017.0,51
3019.0,56
3021.0,52
3023.0,41
3025.0,39
3027.0,32
3029.0,24
3031.0,30
3033.0,27
3035.0,33
3037.0,40
3039.0,39
3041.0,44
3043.0,43
3045.0,54
3047.0,46
3049.0,43
3051.0,45
3053.0,43
3055.0,48
3057.0,48
3059.0,56
3061.0,47
3063.0,52
3065.0,45
3067.0,52
3069.0,47
3071.0,56
3073.0,42
3075.0,36
3077.0,43
3079.0,24
3081.0,28
3083.0,26
3085.0,37
3087.0,39
3089.0,40
3091.0,42
3093.0,34
3095.0,35
3097.0,34
3099.0,52
3101.0,42
3103.0,57
3105.0,46
3107.0,46
3109.0,50
3111.0,37
3113.0,59
3115.0,44
3117.0,43
3119.0,50
3121.0,50
3123.0,45
3125.0,53
3127.0,49
3129.0,39
3131.0,28
3133.0,27
3135.0,30
3137.0,36
3139.0,30
3141.0,25
3143.0,31
3145.0,39
3147.0,42
3149.0,49
3151.0,41
3153.0,52
3155.0,44
3157.0,33
3159.0,35
3161.0,44
3163.0,29
3165.0,34
3167.0,43
3169.0,42
3171.0,31
3173.0,47
3175.0,52
3177.0,68
3179.0,56
3181.0,63
3183.0,49
3185.0,52
3187.0,43
3189.0,30
3191.0,23
3193.0,28
3195.0,33
3197.0,36
3199.0,32
3201.0,35
3203.0,31
3205.0,40
3207.0,35
3209.0,38
3211.0,32
3213.0,31
3215.0,43
3217.0,35
3219.0,46
3221.0,38
3223.0,47
3225.0,48
3227.0,51
3229.0,52
3231.0,56
3233.0,59
3235.0,32
3237.0,35
3239.0,51
3241.0,27
3243.0,45
3245.0,30
3247.0,39
3249.0,34
3251.0,25
3253.0,28
3255.0,24
3257.0,29
3259.0,27
3261.0,26
3263.0,27
3265.0,36
3267.0,29
3269.0,42
3271.0,45
3273.0,37
3275.0,42
3277.0,54
3279.0,49
3281.0,51
3283.0,61
3285.0,51
3287.0,50
3289.0,29
3291.0,29
3293.0,35
3295.0,36
3297.0,24
3299.0,29
3301.0,36
3303.0,33
3305.0,28
3307.0,32
3309.0,48
3311.0,36
3313.0,28
3315.0,15
3317.0,32
3319.0,33
3321.0,33
3323.0,27
3325.0,39
3327.0,43
3329.0,41
3331.0,58
3333.0,47
3335.0,64
3337.0,52
3339.0,54
3341.0,74
3343.0,38
3345.0,50
3347.0,36
3349.0,40
3351.0,28
3353.0,25
3355.0,24
3357.0,24
3359.0,32
3361.0,25
3363.0,31
3365.0,28
3367.0,26
3369.0,35
3371.0,39
3373.0,31
3375.0,47
3377.0,40
3379.0,38
3381.0,42
3383.0,41
3385.0,54
3387.0,41
3389.0,51
3391.0,54
3393.0,45
3395.0,62
3397.0,44
3399.0,33
3401.0,29
3403.0,30
3405.0,43
3407.0,35
3409.0,45
3411.0,26
3413.0,52
3415.0,47
3417.0,47
3419.0,66
3421.0,47
3423.0,55
3425.0,33
3427.0,29
3429.0,30
3431.0,35
3433.0,42
3435.0,38
3437.0,39
3439.0,48
3441.0,43
3443.0,43
3445.0,27
3447.0,22
3449.0,28
3451.0,20
3453.0,18
3455.0,36
3457.0,34
3459.0,31
3461.0,28
3463.0,47
3465.0,45
3467.0,52
3469.0,40
3471.0,47
3473.0,40
3475.0,42
3477.0,42
3479.0,32
3481.0,24
3483.0,32
3485.0,26
3487.0,32
3489.0,26
3491.0,37
3493.0,24
3495.0,35
3497.0,22
3499.0,32
3501.0,39
3503.0,29
3505.0,37
3507.0,26
3509.0,36
3511.0,25
3513.0,20
3515.0,35
3517.0,30
3519.0,24
3521.0,26
3523.0,26
3525.0,19
3527.0,32
3529.0,30
3531.0,29
3533.0,18
3535.0,35
3537.0,27
3539.0,31
3541.0,29
3543.0,28
3545.0,26
3547.0,23
3549.0,18
3551.0,25
3553.0,19
3555.0,25
3557.0,25
3559.0,33
3561.0,24
3563.0,27
3565.0,33
3567.0,41
3569.0,42
3571.0,38
3573.0,35
3575.0,34
3577.0,39
3579.0,33
3581.0,33
3583.0,37
3585.0,48
3587.0,41
3589.0,41
3591.0,30
3593.0,32
3595.0,28
3597.0,19
3599.0,19
3601.0,15
3603.0,16
3605.0,14
3607.0,12
3609.0,14
3611.0,23
3613.0,35
3615.0,40
3617.0,52
3619.0,70
3621.0,68
3623.0,57
3625.0,58
3627.0,51
3629.0,48
3631.0,45
3633.0,27
3635.0,17
3637.0,22
3639.0,12
3641.0,19
3643.0,22
3645.0,14
3647.0,14
3649.0,18
3651.0,13
3653.0,14
3655.0,16
3657.0,19
3659.0,13
3661.0,27
3663.0,25
3665.0,39
3667.0,34
3669.0,44
3671.0,55
3673.0,46
3675.0,42
3677.0,30
3679.0,11
3681.0,20
3683.0,29
3685.0,31
3687.0,24
3689.0,26
3691.0,22
3693.0,19
3695.0,14
3697.0,19
3699.0,18
3701.0,26
3703.0,19
3705.0,25
3707.0,22
3709.0,46
3711.0,53
3713.0,42
3715.0,49
3717.0,27
3719.0,18
3721.0,11
3723.0,18
3725.0,11
3727.0,9
3729.0,14
3731.0,22
3733.0,21
3735.0,20
3737.0,30
3739.0,18
3741.0,14
3743.0,28
3745.0,28
3747.0,28
3749.0,18
3751.0,22
3753.0,17
3755.0,18
3757.0,27
3759.0,26
3761.0,27
3763.0,30
3765.0,28
3767.0,25
3769.0,20
3771.0,23
3773.0,16
3775.0,10
3777.0,15
3779.0,14
3781.0,8
3783.0,26
3785.0,27
3787.0,29
3789.0,28
3791.0,26
3793.0,28
3795.0,16
3797.0,25
3799.0,28
3801.0,40
3803.0,39
3805.0,40
3807.0,29
3809.0,21
3811.0,17
3813.0,15
3815.0,20
3817.0,11
3819.0,14
3821.0,11
3823.0,17
3825.0,11
3827.0,19
3829.0,18
3831.0,16
3833.0,23
3835.0,16
3837.0,29
3839.0,23
3841.0,24
3843.0,16
3845.0,17
3847.0,24
3849.0,19
3851.0,21
3853.0,15
3855.0,14
3857.0,13
3859.0,16
3861.0,12
3863.0,12
3865.0,8
3867.0,16
3869.0,18
3871.0,10
3873.0,14
3875.0,11
3877.0,25
3879.0,16
3881.0,10
3883.0,18
3885.0,13
3887.0,8
3889.0,12
3891.0,11
3893.0,16
3895.0,19
3897.0,36
3899.0,29
3901.0,36
3903.0,24
3905.0,19
3907.0,11
3909.0,9
3911.0,10
3913.0,8
3915.0,17
3917.0,16
3919.0,16
3921.0,14
3923.0,12
3925.0,10
3927.0,12
3929.0,8
3931.0,12
3933.0,16
3935.0,8
3937.0,12
3939.0,12
3941.0,14
3943.0,14
3945.0,15
3947.0,8
3949.0,14
3951.0,7
3953.0,7
3955.0,17
3957.0,23
3959.0,28
3961.0,34
3963.0,25
3965.0,29
3967.0,15
3969.0,15
3971.0,6
3973.0,10
3975.0,12
3977.0,13
3979.0,9
3981.0,15
3983.0,17
3985.0,3
3987.0,6
3989.0,6
3991.0,7
3993.0,0
3995.0,1
3997.0,8
3999.0,13
4001.0,10
4003.0,4
4005.0,7
4007.0,11
4009.0,10
4011.0,11
4013.0,9
4015.0,1
4017.0,7
4019.0,5
4021.0,13
4023.0,12
4025.0,11
4027.0,10
4029.0,10
4031.0,12
4033.0,12
4035.0,10
4037.0,7
4039.0,14
4041.0,11
4043.0,17
4045.0,11
4047.0,13
4049.0,5
4051.0,4
4053.0,7
4055.0,4
4057.0,3
4059.0,5
4061.0,7
4063.0,7
4065.0,10
4067.0,14
4069.0,8
4071.0,4
4073.0,6
4075.0,7
4077.0,13
4079.0,6
4081.0,18
4083.0,18
4085.0,18
4087.0,8
4089.0,5
4091.0,8
4093.0,11
4095.0,7
4097.0,6
4099.0,5
4101.0,18
4103.0,5
4105.0,11
4107.0,8
4109.0,12
4111.0,7
4113.0,6
4115.0,16
4117.0,11
4119.0,19
4121.0,15
4123.0,21
4125.0,9
4127.0,13
4129.0,7
4131.0,8
4133.0,7
4135.0,21
4137.0,10
4139.0,9
4141.0,5
4143.0,9
4145.0,11
4147.0,4
4149.0,6
4151.0,8
4153.0,7
4155.0,6
4157.0,11
4159.0,11
4161.0,10
4163.0,3
4165.0,6
4167.0,8
4169.0,6
4171.0,6
4173.0,5
4175.0,4
4177.0,10
4179.0,7
4181.0,9
4183.0,6
4185.0,3
4187.0,6
4189.0,6
4191.0,8
4193.0,11
4195.0,12
4197.0,13
4199.0,18
4201.0,15
4203.0,14
4205.0,13
4207.0,9
4209.0,13
4211.0,13
4213.0,11
4215.0,15
4217.0,5
4219.0,9
4221.0,16
4223.0,6
4225.0,12
4227.0,15
4229.0,6
4231.0,15
4233.0,10
4235.0,3
4237.0,5
4239.0,8
4241.0,4
4243.0,4
4245.0,4
4247.0,5
4249.0,7
4251.0,6
4253.0,12
4255.0,17
4257.0,17
4259.0,10
4261.0,7
4263.0,4
4265.0,9
4267.0,3
4269.0,14
4271.0,12
4273.0,11
4275.0,16
4277.0,14
4279.0,11
4281.0,13
4283.0,9
4285.0,13
4287.0,12
4289.0,13
4291.0,8
4293.0,9
4295.0,15
4297.0,14
4299.0,17
4301.0,13
4303.0,8
4305.0,5
4307.0,8
4309.0,4
4311.0,8
4313.0,12
4315.0,12
4317.0,11
4319.0,17
4321.0,10
4323.0,14
4325.0,10
4327.0,5
4329.0,11
4331.0,6
4333.0,5
4335.0,5
4337.0,10
4339.0,15
4341.0,28
4343.0,30
4345.0,22
4347.0,24
4349.0,10
4351.0,7
4353.0,8
4355.0,7
4357.0,6
4359.0,6
4361.0,5
4363.0,17
4365.0,8
4367.0,10
4369.0,8
4371.0,9
4373.0,6
4375.0,10
4377.0,11
4379.0,5
4381.0,4
4383.0,10
4385.0,14
4387.0,10
4389.0,13
4391.0,19
4393.0,19
4395.0,18
4397.0,12
4399.0,3
4401.0,3
4403.0,7
4405.0,8
4407.0,11
4409.0,19
4411.0,28
4413.0,25
4415.0,18
4417.0,12
4419.0,9
4421.0,8
4423.0,10
4425.0,11
4427.0,5
4429.0,9
4431.0,10
4433.0,9
4435.0,5
4437.0,5
4439.0,4
4441.0,4
4443.0,4
4445.0,7
4447.0,6
4449.0,4
4451.0,8
4453.0,6
4455.0,7
4457.0,10
4459.0,6
4461.0,11
4463.0,19
4465.0,12
4467.0,20
4469.0,24
4471.0,24
4473.0,13
4475.0,4
4477.0,7
4479.0,6
4481.0,7
4483.0,8
4485.0,9
4487.0,11
4489.0,10
4491.0,6
4493.0,10
4495.0,9
4497.0,15
4499.0,12
4501.0,16
4503.0,22
4505.0,16
4507.0,22
4509.0,10
4511.0,13
4513.0,11
4515.0,17
4517.0,9
4519.0,15
4521.0,12
4523.0,14
4525.0,7
4527.0,7
4529.0,12
4531.0,9
4533.0,5
4535.0,3
4537.0,10
4539.0,7
4541.0,7
4543.0,19
4545.0,24
4547.0,24
4549.0,14
4551.0,9
4553.0,5
4555.0,18
4557.0,12
4559.0,18
4561.0,12
4563.0,11
4565.0,18
4567.0,15
4569.0,13
4571.0,7
4573.0,4
4575.0,6
4577.0,4
4579.0,4
4581.0,10
4583.0,10
4585.0,9
4587.0,11
4589.0,12
4591.0,13
4593.0,5
4595.0,10
4597.0,6
4599.0,11
4601.0,12
4603.0,17
4605.0,22
4607.0,31
4609.0,23
4611.0,20
4613.0,15
4615.0,10
4617.0,2
4619.0,4
4621.0,4
4623.0,4
4625.0,3
4627.0,5
4629.0,4
4631.0,7
4633.0,1
4635.0,10
4637.0,4
4639.0,7
4641.0,3
4643.0,5
4645.0,4
4647.0,9
4649.0,9
4651.0,10
4653.0,18
4655.0,27
4657.0,17
4659.0,26
4661.0,19
4663.0,4
4665.0,5
4667.0,4
4669.0,4
4671.0,1
4673.0,5
4675.0,10
4677.0,2
4679.0,5
4681.0,6
4683.0,3
4685.0,7
4687.0,5
4689.0,8
4691.0,9
4693.0,4
4695.0,3
4697.0,6
4699.0,3
4701.0,3
4703.0,3
4705.0,8
4707.0,7
4709.0,9
4711.0,11
4713.0,8
4715.0,7
4717.0,11
4719.0,5
4721.0,6
4723.0,5
4725.0,1
4727.0,6
4729.0,6
4731.0,3
4733.0,6
4735.0,6
4737.0,8
4739.0,6
4741.0,6
4743.0,8
4745.0,3
4747.0,3
4749.0,4
4751.0,4
4753.0,9
4755.0,5
4757.0,6
4759.0,12
4761.0,10
4763.0,7
4765.0,4
4767.0,7
4769.0,9
4771.0,9
4773.0,4
4775.0,5
4777.0,4
4779.0,11
4781.0,4
4783.0,8
4785.0,4
4787.0,5
4789.0,3
4791.0,4
4793.0,5
4795.0,10
4797.0,8
4799.0,5
4801.0,3
4803.0,5
4805.0,4
4807.0,4
4809.0,2
4811.0,4
4813.0,3
4815.0,4
4817.0,6
4819.0,7
4821.0,9
4823.0,11
4825.0,5
4827.0,4
4829.0,3
4831.0,5
4833.0,4
4835.0,5
4837.0,5
4839.0,5
4841.0,2
4843.0,4
4845.0,6
4847.0,6
4849.0,7
4851.0,6
4853.0,9
4855.0,4
4857.0,11
4859.0,7
4861.0,5
4863.0,6
4865.0,3
4867.0,2
4869.0,1
4871.0,6
4873.0,3
4875.0,4
4877.0,5
4879.0,4
4881.0,8
4883.0,6
4885.0,2
4887.0,2
4889.0,0
4891.0,1
4893.0,0
4895.0,4
4897.0,4
4899.0,4
4901.0,5
4903.0,6
4905.0,5
4907.0,2
4909.0,1
4911.0,7
4913.0,8
4915.0,9
4917.0,6
4919.0,6
4921.0,12
4923.0,6
4925.0,3
4927.0,5
4929.0,6
4931.0,4
4933.0,4
4935.0,7
4937.0,8
4939.0,11
4941.0,12
4943.0,12
4945.0,8
4947.0,6
4949.0,3
4951.0,7
4953.0,8
4955.0,0
4957.0,6
4959.0,3
4961.0,2
4963.0,4
4965.0,5
4967.0,8
4969.0,4
4971.0,6
4973.0,2
4975.0,2
4977.0,1
4979.0,2
4981.0,4
4983.0,3
4985.0,4
4987.0,1
4989.0,5
4991.0,6
4993.0,0
4995.0,4
4997.0,3
4999.0,4
5001.0,4
5003.0,3
5005.0,4
5007.0,4
5009.0,6
5011.0,2
5013.0,2
5015.0,9
5017.0,6
5019.0,5
5021.0,7
5023.0,5
5025.0,3
5027.0,13
5029.0,12
5031.0,1
5033.0,4
5035.0,3
5037.0,6
5039.0,2
5041.0,9
5043.0,11
5045.0,9
5047.0,7
5049.0,6
5051.0,2
5053.0,5
5055.0,5
5057.0,5
5059.0,3
5061.0,11
5063.0,5
5065.0,7
5067.0,4
5069.0,4
5071.0,6
5073.0,5
5075.0,2
5077.0,2
5079.0,9
5081.0,4
5083.0,5
5085.0,1
5087.0,6
5089.0,2
5091.0,3
5093.0,3
5095.0,1
5097.0,2
5099.0,6
5101.0,1
5103.0,6
5105.0,2
5107.0,6
5109.0,6
5111.0,6
5113.0,6
5115.0,8
5117.0,8
5119.0,6
5121.0,5
5123.0,2
5125.0,4
5127.0,11
5129.0,10
5131.0,6
5133.0,6
5135.0,4
5137.0,2
5139.0,5
5141.0,5
5143.0,7
5145.0,8
5147.0,11
5149.0,6
5151.0,1
5153.0,4
5155.0,2
5157.0,6
5159.0,6
5161.0,6
5163.0,7
5165.0,3
5167.0,4
5169.0,3
5171.0,7
5173.0,7
5175.0,9
5177.0,4
5179.0,4
5181.0,4
5183.0,4
5185.0,6
5187.0,4
5189.0,5
5191.0,11
5193.0,4
5195.0,7
5197.0,2
5199.0,1
5201.0,1
5203.0,3
5205.0,8
5207.0,3
5209.0,2
5211.0,6
5213.0,4
5215.0,8
5217.0,1
5219.0,5
5221.0,3
5223.0,5
5225.0,11
5227.0,9
5229.0,4
5231.0,5
5233.0,8
5235.0,4
5237.0,6
5239.0,5
5241.0,7
5243.0,10
5245.0,6
5247.0,6
5249.0,7
5251.0,6
5253.0,9
5255.0,5
5257.0,11
5259.0,8
5261.0,10
5263.0,6
5265.0,8
5267.0,11
5269.0,9
5271.0,8
5273.0,8
5275.0,5
5277.0,6
5279.0,7
5281.0,5
5283.0,4
5285.0,6
5287.0,9
5289.0,1
5291.0,4
5293.0,4
5295.0,3
5297.0,7
5299.0,4
5301.0,6
5303.0,5
5305.0,10
5307.0,8
5309.0,8
5311.0,3
5313.0,5
5315.0,7
5317.0,6
5319.0,5
5321.0,7
5323.0,3
5325.0,4
5327.0,8
5329.0,8
5331.0,4
5333.0,4
5335.0,2
5337.0,3
5339.0,5
5341.0,4
5343.0,3
5345.0,5
5347.0,5
5349.0,8
5351.0,4
5353.0,7
5355.0,8
5357.0,6
5359.0,4
5361.0,6
5363.0,0
5365.0,3
5367.0,4
5369.0,8
5371.0,5
5373.0,2
5375.0,4
5377.0,7
5379.0,4
5381.0,2
5383.0,7
5385.0,3
5387.0,5
5389.0,4
5391.0,2
5393.0,2
5395.0,5
5397.0,1
5399.0,9
5401.0,6
5403.0,6
5405.0,10
5407.0,8
5409.0,10
5411.0,2
5413.0,6
5415.0,4
5417.0,3
5419.0,6
5421.0,7
5423.0,5
5425.0,6
5427.0,4
5429.0,4
5431.0,3
5433.0,6
5435.0,0
5437.0,4
5439.0,3
5441.0,3
5443.0,4
5445.0,3
5447.0,4
5449.0,3
5451.0,4
5453.0,3
5455.0,6
5457.0,2
5459.0,1
5461.0,6
5463.0,2
5465.0,3
5467.0,2
5469.0,4
5471.0,2
5473.0,3
5475.0,4
5477.0,6
5479.0,4
5481.0,2
5483.0,5
5485.0,6
5487.0,4
5489.0,5
5491.0,5
5493.0,2
5495.0,3
5497.0,4
5499.0,2
5501.0,7
5503.0,5
5505.0,4
5507.0,4
5509.0,4
5511.0,5
5513.0,7
5515.0,4
5517.0,3
5519.0,7
5521.0,5
5523.0,7
5525.0,6
5527.0,3
5529.0,7
5531.0,7
5533.0,3
5535.0,1
5537.0,3
5539.0,4
5541.0,3
5543.0,3
5545.0,3
5547.0,5
5549.0,4
5551.0,3
5553.0,4
5555.0,6
5557.0,7
5559.0,4
5561.0,5
5563.0,5
5565.0,5
5567.0,4
5569.0,2
5571.0,4
5573.0,3
5575.0,3
5577.0,3
5579.0,1
5581.0,3
5583.0,2
5585.0,0
5587.0,2
5589.0,2
5591.0,6
5593.0,6
5595.0,8
5597.0,1
5599.0,5
5601.0,2
5603.0,4
5605.0,0
5607.0,1
5609.0,1
5611.0,2
5613.0,5
5615.0,3
5617.0,3
5619.0,5
5621.0,1
5623.0,4
5625.0,4
5627.0,2
5629.0,2
5631.0,5
5633.0,3
5635.0,9
5637.0,11
5639.0,4
5641.0,7
5643.0,8
5645.0,6
5647.0,1
5649.0,2
5651.0,4
5653.0,5
5655.0,2
5657.0,4
5659.0,5
5661.0,4
5663.0,3
5665.0,2
5667.0,4
5669.0,3
5671.0,5
5673.0,3
5675.0,1
5677.0,2
5679.0,3
5681.0,5
5683.0,6
5685.0,4
5687.0,3
5689.0,4
5691.0,1
5693.0,5
5695.0,7
5697.0,6
5699.0,6
5701.0,3
5703.0,3
5705.0,3
5707.0,3
5709.0,4
5711.0,4
5713.0,1
5715.0,1
5717.0,1
5719.0,6
5721.0,6
5723.0,6
5725.0,0
5727.0,1
5729.0,4
5731.0,3
5733.0,2
5735.0,2
5737.0,3
5739.0,3
5741.0,1
5743.0,4
5745.0,8
5747.0,6
5749.0,4
5751.0,5
5753.0,4
5755.0,3
5757.0,2
5759.0,3
5761.0,7
5763.0,4
5765.0,8
5767.0,3
5769.0,0
5771.0,3
5773.0,7
5775.0,6
5777.0,7
5779.0,7
5781.0,4
5783.0,4
5785.0,2
5787.0,2
5789.0,0
5791.0,0
5793.0,0
5795.0,3
5797.0,2
5799.0,0
5801.0,4
5803.0,2
5805.0,3
5807.0,2
5809.0,2
5811.0,4
5813.0,2
5815.0,7
5817.0,3
5819.0,2
5821.0,5
5823.0,2
5825.0,3
5827.0,2
5829.0,3
5831.0,0
5833.0,1
5835.0,1
5837.0,3
5839.0,2
5841.0,1
5843.0,2
5845.0,4
5847.0,1
5849.0,2
5851.0,4
5853.0,3
5855.0,3
5857.0,6
5859.0,7
5861.0,2
5863.0,2
5865.0,2
5867.0,2
5869.0,2
5871.0,4
5873.0,3
5875.0,8
5877.0,6
5879.0,2
5881.0,4
5883.0,2
5885.0,1
5887.0,2
5889.0,1
5891.0,0
5893.0,2
5895.0,2
5897.0,2
5899.0,4
5901.0,4
5903.0,1
5905.0,1
5907.0,1
5909.0,1
5911.0,4
5913.0,3
5915.0,4
5917.0,1
5919.0,1
5921.0,4
5923.0,4
5925.0,2
5927.0,7
5929.0,2
5931.0,3
5933.0,4
5935.0,6
5937.0,4
5939.0,1
5941.0,2
5943.0,4
5945.0,1
5947.0,2
5949.0,2
5951.0,2
5953.0,1
5955.0,3
5957.0,2
5959.0,3
5961.0,3
5963.0,6
5965.0,2
5967.0,0
5969.0,2
5971.0,4
5973.0,3
5975.0,6
5977.0,0
5979.0,4
5981.0,2
5983.0,7
5985.0,3
5987.0,5
5989.0,1
5991.0,5
5993.0,2
5995.0,1
5997.0,4
5999.0,6
6001.0,7
6003.0,2
6005.0,1
6007.0,5
6009.0,3
6011.0,5
6013.0,4
6015.0,3
6017.0,0
6019.0,1
6021.0,1
6023.0,1
6025.0,2
6027.0,1
6029.0,5
6031.0,0
6033.0,3
6035.0,7
6037.0,6
6039.0,9
6041.0,1
6043.0,1
6045.0,6
6047.0,2
6049.0,1
6051.0,2
6053.0,1
6055.0,2
6057.0,1
6059.0,1
6061.0,2
6063.0,1
6065.0,4
6067.0,3
6069.0,2
6071.0,0
6073.0,3
6075.0,2
6077.0,2
6079.0,1
6081.0,0
6083.0,2
6085.0,3
6087.0,3
6089.0,3
6091.0,2
6093.0,0
6095.0,0
6097.0,2
6099.0,2
6101.0,5
6103.0,5
6105.0,3
6107.0,0
6109.0,3
6111.0,2
6113.0,4
6115.0,5
6117.0,2
6119.0,1
6121.0,1
6123.0,1
6125.0,3
6127.0,2
6129.0,2
6131.0,2
6133.0,4
6135.0,2
6137.0,4
6139.0,2
6141.0,5
6143.0,2
6145.0,4
6147.0,5
6149.0,2
6151.0,2
6153.0,4
6155.0,0
6157.0,3
6159.0,1
6161.0,1
6163.0,1
6165.0,2
6167.0,1
6169.0,3
6171.0,5
6173.0,5
6175.0,3
6177.0,3
6179.0,3
6181.0,0
6183.0,2
6185.0,4
6187.0,4
6189.0,4
6191.0,4
6193.0,2
6195.0,6
6197.0,1
6199.0,2
6201.0,2
6203.0,5
6205.0,5
6207.0,1
6209.0,1
6211.0,4
6213.0,1
6215.0,2
6217.0,2
6219.0,1
6221.0,4
6223.0,4
6225.0,2
6227.0,1
6229.0,0
6231.0,4
6233.0,0
6235.0,0
6237.0,6
6239.0,1
6241.0,2
6243.0,1
6245.0,4
6247.0,2
6249.0,3
6251.0,0
6253.0,4
6255.0,0
6257.0,6
6259.0,0
6261.0,0
6263.0,2
6265.0,2
6267.0,3
6269.0,1
6271.0,5
6273.0,3
6275.0,3
6277.0,2
6279.0,2
6281.0,1
6283.0,1
6285.0,3
6287.0,4
6289.0,1
6291.0,0
6293.0,0
6295.0,1
6297.0,1
6299.0,1
6301.0,1
6303.0,0
6305.0,4
6307.0,4
6309.0,0
6311.0,6
6313.0,7
6315.0,6
6317.0,4
6319.0,2
6321.0,3
6323.0,3
6325.0,0
6327.0,1
6329.0,0
6331.0,1
6333.0,2
6335.0,5
6337.0,0
6339.0,2
6341.0,1
6343.0,1
6345.0,1
6347.0,6
6349.0,3
6351.0,2
6353.0,1
6355.0,2
6357.0,2
6359.0,3
6361.0,2
6363.0,1
6365.0,2
6367.0,2
6369.0,1
6371.0,2
6373.0,1
6375.0,2
6377.0,1
6379.0,1
6381.0,3
6383.0,1
6385.0,2
6387.0,1
6389.0,2
6391.0,0
6393.0,2
6395.0,2
6397.0,6
6399.0,1
6401.0,1
6403.0,4
6405.0,2
6407.0,2
6409.0,4
6411.0,1
6413.0,2
6415.0,2
6417.0,1
6419.0,3
6421.0,6
6423.0,4
6425.0,4
6427.0,2
6429.0,1
6431.0,3
6433.0,1
6435.0,2
6437.0,2
6439.0,1
6441.0,0
6443.0,3
6445.0,1
6447.0,0
6449.0,0
6451.0,1
6453.0,0
6455.0,2
6457.0,1
6459.0,1
6461.0,5
6463.0,2
6465.0,4
6467.0,0
6469.0,3
6471.0,4
6473.0,2
6475.0,0
6477.0,1
6479.0,1
6481.0,1
6483.0,1
6485.0,0
6487.0,3
6489.0,3
6491.0,1
6493.0,2
6495.0,2
6497.0,1
6499.0,1
6501.0,2
6503.0,1
6505.0,3
6507.0,0
6509.0,1
6511.0,1
6513.0,3
6515.0,1
6517.0,2
6519.0,2
6521.0,2
6523.0,6
6525.0,4
6527.0,4
6529.0,3
6531.0,3
6533.0,4
6535.0,6
6537.0,4
6539.0,1
6541.0,2
6543.0,1
6545.0,0
6547.0,0
6549.0,0
6551.0,3
6553.0,1
6555.0,0
6557.0,3
6559.0,1
6561.0,2
6563.0,1
6565.0,1
6567.0,2
6569.0,1
6571.0,2
6573.0,2
6575.0,2
6577.0,2
6579.0,6
6581.0,2
6583.0,5
6585.0,1
6587.0,1
6589.0,2
6591.0,1
6593.0,3
6595.0,0
6597.0,4
6599.0,4
6601.0,0
6603.0,0
6605.0,2
6607.0,0
6609.0,2
6611.0,0
6613.0,0
6615.0,0
6617.0,1
6619.0,1
6621.0,2
6623.0,4
6625.0,3
6627.0,1
6629.0,2
6631.0,1
6633.0,1
6635.0,1
6637.0,3
6639.0,0
6641.0,1
6643.0,1
6645.0,2
6647.0,2
6649.0,0
6651.0,2
6653.0,2
6655.0,4
6657.0,0
6659.0,6
6661.0,2
6663.0,2
6665.0,2
6667.0,1
6669.0,0
6671.0,1
6673.0,1
6675.0,1
6677.0,0
6679.0,1
6681.0,3
6683.0,2
6685.0,2
6687.0,1
6689.0,6
6691.0,1
6693.0,2
6695.0,1
6697.0,1
6699.0,2
6701.0,0
6703.0,1
6705.0,1
6707.0,0
6709.0,0
6711.0,1
6713.0,2
6715.0,2
6717.0,2
6719.0,2
6721.0,2
6723.0,3
6725.0,2
6727.0,1
6729.0,5
6731.0,0
6733.0,0
6735.0,1
6737.0,0
6739.0,1
6741.0,2
6743.0,6
6745.0,4
6747.0,0
6749.0,1
6751.0,4
6753.0,1
6755.0,3
6757.0,0
6759.0,1
6761.0,0
6763.0,2
6765.0,1
6767.0,3
6769.0,0
6771.0,2
6773.0,0
6775.0,1
6777.0,1
6779.0,1
6781.0,2
6783.0,0
6785.0,1
6787.0,1
6789.0,1
6791.0,0
6793.0,2
6795.0,1
6797.0,1
6799.0,1
6801.0,0
6803.0,1
6805.0,3
6807.0,0
6809.0,1
6811.0,2
6813.0,1
6815.0,0
6817.0,2
6819.0,2
6821.0,0
6823.0,2
6825.0,1
6827.0,1
6829.0,1
6831.0,0
6833.0,1
6835.0,1
6837.0,1
6839.0,1
6841.0,2
6843.0,1
6845.0,0
6847.0,1
6849.0,1
6851.0,0
6853.0,1
6855.0,0
6857.0,1
6859.0,1
6861.0,0
6863.0,3
6865.0,1
6867.0,1
6869.0,1
6871.0,2
6873.0,4
6875.0,2
6877.0,1
6879.0,1
6881.0,0
6883.0,0
6885.0,0
6887.0,1
6889.0,0
6891.0,0
6893.0,1
6895.0,1
6897.0,1
6899.0,1
6901.0,0
6903.0,1
6905.0,3
6907.0,2
6909.0,1
6911.0,3
6913.0,0
6915.0,1
6917.0,0
6919.0,3
6921.0,0
6923.0,2
6925.0,2
6927.0,0
6929.0,1
6931.0,3
6933.0,0
6935.0,3
6937.0,1
6939.0,4
6941.0,0
6943.0,0
6945.0,1
6947.0,3
6949.0,2
6951.0,0
6953.0,4
6955.0,0
6957.0,3
6959.0,3
6961.0,0
6963.0,0
6965.0,0
6967.0,0
6969.0,0
6971.0,1
6973.0,0
6975.0,1
6977.0,0
6979.0,3
6981.0,0
6983.0,1
6985.0,1
6987.0,0
6989.0,1
6991.0,1
6993.0,2
6995.0,2
6997.0,0
6999.0,2
7001.0,0
7003.0,1
7005.0,1
7007.0,3
7009.0,1
7011.0,0
7013.0,1
7015.0,2
7017.0,0
7019.0,1
7021.0,0
7023.0,2
7025.0,0
7027.0,1
7029.0,2
7031.0,2
7033.0,0
7035.0,2
7037.0,0
7039.0,1
7041.0,0
7043.0,1
7045.0,0
7047.0,1
7049.0,2
7051.0,0
7053.0,2
7055.0,0
7057.0,1
7059.0,1
7061.0,0
7063.0,1
7065.0,0
7067.0,0
7069.0,0
7071.0,0
7073.0,1
7075.0,3
7077.0,1
7079.0,3
7081.0,1
7083.0,1
7085.0,3
7087.0,1
7089.0,3
7091.0,1
7093.0,2
7095.0,1
7097.0,0
7099.0,1
7101.0,1
7103.0,1
7105.0,0
7107.0,2
7109.0,0
7111.0,1
7113.0,2
7115.0,3
7117.0,0
7119.0,0
7121.0,0
7123.0,1
7125.0,0
7127.0,1
7129.0,0
7131.0,0
7133.0,0
7135.0,1
7137.0,0
7139.0,0
7141.0,1
7143.0,1
7145.0,1
7147.0,0
7149.0,2
7151.0,1
7153.0,1
7155.0,1
7157.0,0
7159.0,1
7161.0,1
7163.0,1
7165.0,0
7167.0,1
7169.0,0
7171.0,1
7173.0,1
7175.0,0
7177.0,1
7179.0,1
7181.0,2
7183.0,2
7185.0,4
7187.0,0
7189.0,0
7191.0,0
7193.0,0
7195.0,2
7197.0,3
7199.0,1
7201.0,1
7203.0,0
7205.0,0
7207.0,0
7209.0,3
7211.0,0
7213.0,2
7215.0,2
7217.0,1
7219.0,0
7221.0,1
7223.0,1
7225.0,1
7227.0,2
7229.0,0
7231.0,3
7233.0,0
7235.0,3
7237.0,2
7239.0,1
7241.0,1
7243.0,3
7245.0,0
7247.0,1
7249.0,0
7251.0,1
7253.0,2
7255.0,0
7257.0,1
7259.0,2
7261.0,1
7263.0,1
7265.0,0
7267.0,0
7269.0,0
7271.0,0
7273.0,0
7275.0,2
7277.0,1
7279.0,2
7281.0,2
7283.0,0
7285.0,0
7287.0,2
7289.0,2
7291.0,1
7293.0,0
7295.0,0
7297.0,2
7299.0,0
7301.0,0
7303.0,0
7305.0,0
7307.0,1
7309.0,2
7311.0,1
7313.0,2
7315.0,0
7317.0,1
7319.0,1
7321.0,0
7323.0,1
7325.0,1
7327.0,1
7329.0,0
7331.0,2
7333.0,3
7335.0,2
7337.0,2
7339.0,1
7341.0,2
7343.0,2
7345.0,1
7347.0,1
7349.0,2
7351.0,0
7353.0,3
7355.0,1
7357.0,2
7359.0,1
7361.0,2
7363.0,1
7365.0,3
7367.0,0
7369.0,2
7371.0,2
7373.0,0
7375.0,0
7377.0,1
7379.0,0
7381.0,0
7383.0,1
7385.0,1
7387.0,0
7389.0,1
7391.0,3
7393.0,2
7395.0,3
7397.0,1
7399.0,0
7401.0,0
7403.0,0
7405.0,1
7407.0,3
7409.0,5
7411.0,0
7413.0,0
7415.0,1
7417.0,0
7419.0,1
7421.0,2
7423.0,0
7425.0,1
7427.0,2
7429.0,1
7431.0,1
7433.0,1
7435.0,1
7437.0,0
7439.0,0
7441.0,1
7443.0,0
7445.0,0
7447.0,1
7449.0,1
7451.0,0
7453.0,1
7455.0,0
7457.0,1
7459.0,2
7461.0,1
7463.0,1
7465.0,2
7467.0,1
7469.0,0
7471.0,1
7473.0,0
7475.0,1
7477.0,1
7479.0,0
7481.0,1
7483.0,1
7485.0,3
7487.0,1
7489.0,1
7491.0,1
7493.0,1
7495.0,1
7497.0,1
7499.0,0
7501.0,0
7503.0,2
7505.0,0
7507.0,1
7509.0,1
7511.0,2
7513.0,1
7515.0,2
7517.0,1
7519.0,2
7521.0,3
7523.0,0
7525.0,1
7527.0,1
7529.0,0
7531.0,1
7533.0,1
7535.0,1
7537.0,0
7539.0,1
7541.0,1
7543.0,1
7545.0,1
7547.0,0
7549.0,1
7551.0,0
7553.0,0
7555.0,0
7557.0,0
7559.0,1
7561.0,1
7563.0,1
7565.0,1
7567.0,0
7569.0,0
7571.0,0
7573.0,1
7575.0,1
7577.0,0
7579.0,1
7581.0,0
7583.0,0
7585.0,0
7587.0,0
7589.0,1
7591.0,2
7593.0,0
7595.0,0
7597.0,0
7599.0,0
7601.0,1
7603.0,0
7605.0,0
7607.0,0
7609.0,1
7611.0,0
7613.0,0
7615.0,1
7617.0,2
7619.0,2
7621.0,0
7623.0,0
7625.0,1
7627.0,0
7629.0,1
7631.0,0
7633.0,1
7635.0,1
7637.0,0
7639.0,1
7641.0,3
7643.0,0
7645.0,2
7647.0,0
7649.0,1
7651.0,3
7653.0,1
7655.0,1
7657.0,0
7659.0,0
7661.0,2
7663.0,0
7665.0,0
7667.0,2
7669.0,0
7671.0,0
7673.0,1
7675.0,0
7677.0,1
7679.0,0
7681.0,2
7683.0,1
7685.0,1
7687.0,1
7689.0,0
7691.0,2
7693.0,1
7695.0,2
7697.0,1
7699.0,0
7701.0,1
7703.0,0
7705.0,0
7707.0,0
7709.0,0
7711.0,0
7713.0,0
7715.0,0
7717.0,2
7719.0,0
7721.0,2
7723.0,4
7725.0,1
7727.0,0
7729.0,1
7731.0,1
7733.0,3
7735.0,0
7737.0,2
7739.0,2
7741.0,0
7743.0,0
7745.0,2
7747.0,0
7749.0,0
7751.0,1
7753.0,1
7755.0,1
7757.0,0
7759.0,1
7761.0,1
7763.0,0
7765.0,0
7767.0,0
7769.0,0
7771.0,1
7773.0,0
7775.0,0
7777.0,1
7779.0,1
7781.0,0
7783.0,0
7785.0,1
7787.0,1
7789.0,1
7791.0,1
7793.0,0
7795.0,0
7797.0,0
7799.0,0
7801.0,0
7803.0,1
7805.0,0
7807.0,0
7809.0,3
7811.0,0
7813.0,2
7815.0,0
7817.0,2
7819.0,1
7821.0,0
7823.0,0
7825.0,0
7827.0,0
7829.0,2
7831.0,0
7833.0,0
7835.0,1
7837.0,1
7839.0,1
7841.0,1
7843.0,0
7845.0,0
7847.0,1
7849.0,2
7851.0,1
7853.0,1
7855.0,1
7857.0,0
7859.0,1
7861.0,2
7863.0,0
7865.0,0
7867.0,1
7869.0,0
7871.0,1
7873.0,1
7875.0,0
7877.0,2
7879.0,1
7881.0,2
7883.0,0
7885.0,0
7887.0,1
7889.0,5
7891.0,0
7893.0,0
7895.0,1
7897.0,1
7899.0,1
7901.0,0
7903.0,0
7905.0,1
7907.0,1
7909.0,2
7911.0,1
7913.0,0
7915.0,1
7917.0,0
7919.0,0
7921.0,0
7923.0,0
7925.0,1
7927.0,0
7929.0,0
7931.0,0
7933.0,0
7935.0,2
7937.0,0
7939.0,0
7941.0,0
7943.0,1
7945.0,0
7947.0,0
7949.0,1
7951.0,0
7953.0,1
7955.0,0
7957.0,1
7959.0,3
7961.0,0
7963.0,0
7965.0,0
7967.0,0
7969.0,0
7971.0,2
7973.0,1
7975.0,3
7977.0,0
7979.0,0
7981.0,0
7983.0,0
7985.0,0
7987.0,0
7989.0,2
7991.0,0
7993.0,1
7995.0,0
7997.0,1
7999.0,0
8001.0,0
8003.0,1
8005.0,2
8007.0,2
8009.0,0
8011.0,0
8013.0,2
8015.0,1
8017.0,0
8019.0,1
8021.0,0
8023.0,0
8025.0,0
8027.0,0
8029.0,0
8031.0,0
8033.0,0
8035.0,2
8037.0,1
8039.0,0
8041.0,1
8043.0,1
8045.0,1
8047.0,3
8049.0,3
8051.0,2
8053.0,0
8055.0,2
8057.0,1
8059.0,2
8061.0,3
8063.0,3
8065.0,3
8067.0,4
8069.0,1
8071.0,0
8073.0,1
8075.0,1
8077.0,1
8079.0,0
8081.0,0
8083.0,0
8085.0,1
8087.0,0
8089.0,1
8091.0,2
8093.0,2
8095.0,2
8097.0,1
8099.0,0
8101.0,2
8103.0,1
8105.0,0
8107.0,3
8109.0,1
8111.0,0
8113.0,0
8115.0,0
8117.0,1
8119.0,0
8121.0,0
8123.0,0
8125.0,1
8127.0,0
8129.0,0
8131.0,1
8133.0,1
8135.0,0
8137.0,3
8139.0,0
8141.0,0
8143.0,1
8145.0,0
8147.0,2
8149.0,0
8151.0,0
8153.0,1
8155.0,1
8157.0,0
8159.0,1
8161.0,1
8163.0,2
8165.0,0
8167.0,1
8169.0,0
8171.0,0
8173.0,0
8175.0,2
8177.0,1
8179.0,0
8181.0,0
8183.0,0
8185.0,0
8187.0,0
8189.0,0
8191.0,2
8193.0,1
8195.0,1
8197.0,0
8199.0,1
8201.0,2
8203.0,1
8205.0,0
8207.0,2
8209.0,0
8211.0,0
8213.0,0
8215.0,0
8217.0,0
8219.0,1
8221.0,0
8223.0,0
8225.0,1
8227.0,2
8229.0,1
8231.0,0
8233.0,0
8235.0,0
8237.0,2
8239.0,1
8241.0,0
8243.0,0
8245.0,3
8247.0,0
8249.0,0
8251.0,2
8253.0,0
8255.0,1
8257.0,0
8259.0,1
8261.0,0
8263.0,0
8265.0,0
8267.0,1
8269.0,0
8271.0,0
8273.0,0
8275.0,0
8277.0,0
8279.0,0
8281.0,1
8283.0,0
8285.0,0
8287.0,1
8289.0,0
8291.0,3
8293.0,3
8295.0,0
8297.0,2
8299.0,1
8301.0,1
8303.0,1
8305.0,1
8307.0,1
8309.0,1
8311.0,0
8313.0,0
8315.0,0
8317.0,0
8319.0,0
8321.0,1
8323.0,2
8325.0,0
8327.0,0
8329.0,0
8331.0,0
8333.0,0
8335.0,0
8337.0,0
8339.0,0
8341.0,1
8343.0,1
8345.0,0
8347.0,1
8349.0,0
8351.0,0
8353.0,0
8355.0,0
8357.0,0
8359.0,2
8361.0,2
8363.0,1
8365.0,1
8367.0,2
8369.0,1
8371.0,1
8373.0,0
8375.0,1
8377.0,1
8379.0,1
8381.0,3
8383.0,0
8385.0,1
8387.0,1
8389.0,1
8391.0,1
8393.0,1
8395.0,1
8397.0,0
8399.0,1
8401.0,0
8403.0,1
8405.0,2
8407.0,0
8409.0,1
8411.0,0
8413.0,1
8415.0,1
8417.0,0
8419.0,1
8421.0,1
8423.0,1
8425.0,0
8427.0,1
8429.0,0
8431.0,1
8433.0,0
8435.0,1
8437.0,1
8439.0,0
8441.0,0
8443.0,1
8445.0,0
8447.0,0
8449.0,1
8451.0,0
8453.0,0
8455.0,1
8457.0,1
8459.0,0
8461.0,1
8463.0,1
8465.0,0
8467.0,0
8469.0,1
8471.0,2
8473.0,0
8475.0,1
8477.0,2
8479.0,1
8481.0,2
8483.0,0
8485.0,2
8487.0,0
8489.0,0
8491.0,1
8493.0,1
8495.0,1
8497.0,0
8499.0,0
8501.0,2
8503.0,2
8505.0,2
8507.0,1
8509.0,2
8511.0,1
8513.0,1
8515.0,1
8517.0,1
8519.0,1
8521.0,0
8523.0,1
8525.0,1
8527.0,2
8529.0,0
8531.0,2
8533.0,1
8535.0,2
8537.0,1
8539.0,1
8541.0,2
8543.0,5
8545.0,5
8547.0,2
8549.0,3
8551.0,2
8553.0,0
8555.0,1
8557.0,1
8559.0,0
8561.0,0
8563.0,2
8565.0,1
8567.0,1
8569.0,1
8571.0,1
8573.0,0
8575.0,1
8577.0,3
8579.0,2
8581.0,0
8583.0,0
8585.0,0
8587.0,0
8589.0,1
8591.0,0
8593.0,0
8595.0,1
8597.0,0
8599.0,0
8601.0,0
8603.0,1
8605.0,1
8607.0,0
8609.0,1
8611.0,1
8613.0,1
8615.0,1
8617.0,3
8619.0,3
8621.0,2
8623.0,1
8625.0,1
8627.0,1
8629.0,2
8631.0,0
8633.0,1
8635.0,0
8637.0,0
8639.0,2
8641.0,1
8643.0,2
8645.0,1
8647.0,4
8649.0,0
8651.0,0
8653.0,2
8655.0,1
8657.0,0
8659.0,0
8661.0,1
8663.0,0
8665.0,0
8667.0,5
8669.0,8
8671.0,1
8673.0,1
8675.0,2
8677.0,2
8679.0,1
8681.0,4
8683.0,1
8685.0,1
8687.0,1
8689.0,2
8691.0,3
8693.0,0
8695.0,2
8697.0,3
8699.0,1
8701.0,3
8703.0,2
8705.0,0
8707.0,0
8709.0,1
8711.0,1
8713.0,3
8715.0,2
8717.0,3
8719.0,3
8721.0,0
8723.0,3
8725.0,4
8727.0,4
8729.0,5
8731.0,3
8733.0,12
8735.0,3
8737.0,1
8739.0,3
8741.0,2
8743.0,2
8745.0,1
8747.0,1
8749.0,2
8751.0,0
8753.0,0
8755.0,0
8757.0,0
8759.0,2
8761.0,1
8763.0,3
8765.0,1
8767.0,5
8769.0,13
8771.0,17
8773.0,10
8775.0,12
8777.0,22
8779.0,36
8781.0,28
8783.0,17
8785.0,8
8787.0,8
8789.0,3
8791.0,8
8793.0,5
8795.0,0
8797.0,0
8799.0,0
8801.0,2
8803.0,0
8805.0,0
8807.0,0
8809.0,1
8811.0,0
8813.0,0
8815.0,1
8817.0,0
8819.0,1
8821.0,0
8823.0,3
8825.0,1
8827.0,1
8829.0,1
8831.0,1
8833.0,0
8835.0,0
8837.0,2
8839.0,0
8841.0,0
8843.0,0
8845.0,4
8847.0,0
8849.0,0
8851.0,0
8853.0,1
8855.0,0
8857.0,1
8859.0,0
8861.0,0
8863.0,0
8865.0,0
8867.0,0
8869.0,2
8871.0,0
8873.0,0
8875.0,0
8877.0,0
8879.0,3
8881.0,0
8883.0,1
8885.0,0
8887.0,0
8889.0,0
8891.0,3
8893.0,0
8895.0,1
8897.0,2
8899.0,2
8901.0,0
8903.0,0
8905.0,1
8907.0,1
8909.0,2
8911.0,3
8913.0,3
8915.0,1
8917.0,0
8919.0,1
8921.0,2
8923.0,4
8925.0,9
8927.0,5
8929.0,10
8931.0,10
8933.0,4
8935.0,5
8937.0,0
8939.0,3
8941.0,2
8943.0,6
8945.0,4
8947.0,1
8949.0,0
8951.0,2
8953.0,0
8955.0,1
8957.0,1
8959.0,0
8961.0,1
8963.0,1
8965.0,0
8967.0,0
8969.0,0
8971.0,0
8973.0,3
8975.0,1
8977.0,0
8979.0,0
8981.0,1
8983.0,1
8985.0,1
8987.0,1
8989.0,1
8991.0,0
8993.0,1
8995.0,2
8997.0,0
8999.0,2
9001.0,0
9003.0,2
9005.0,0
9007.0,1
9009.0,2
9011.0,5
9013.0,1
9015.0,3
9017.0,1
9019.0,4
9021.0,4
9023.0,8
9025.0,7
9027.0,3
9029.0,2
9031.0,1
9033.0,0
9035.0,1
9037.0,1
9039.0,0
9041.0,1
9043.0,1
9045.0,0
9047.0,0
9049.0,0
9051.0,0
9053.0,0
9055.0,0
9057.0,1
9059.0,0
9061.0,1
9063.0,0
9065.0,0
9067.0,2
9069.0,0
9071.0,0
9073.0,0
9075.0,2
9077.0,2
9079.0,0
9081.0,1
9083.0,0
9085.0,0
9087.0,0
9089.0,2
9091.0,0
9093.0,0
9095.0,1
9097.0,1
9099.0,1
9101.0,1
9103.0,0
9105.0,1
9107.0,1
9109.0,2
9111.0,0
9113.0,0
9115.0,0
9117.0,4
9119.0,0
9121.0,1
9123.0,0
9125.0,2
9127.0,2
9129.0,1
9131.0,1
9133.0,0
9135.0,1
9137.0,0
9139.0,0
9141.0,0
9143.0,2
9145.0,2
9147.0,2
9149.0,0
9151.0,1
9153.0,1
9155.0,1
9157.0,0
9159.0,2
9161.0,0
9163.0,0
9165.0,1
9167.0,0
9169.0,0
9171.0,1
9173.0,2
9175.0,2
9177.0,0
9179.0,2
9181.0,0
9183.0,1
9185.0,0
9187.0,0
9189.0,1
9191.0,0
9193.0,0
9195.0,0
9197.0,0
9199.0,0
9201.0,0
9203.0,0
9205.0,1
9207.0,0
9209.0,0
9211.0,0
9213.0,1
9215.0,0
9217.0,0
9219.0,0
9221.0,1
9223.0,0
9225.0,0
9227.0,1
9229.0,0
9231.0,0
9233.0,0
9235.0,0
9237.0,0
9239.0,1
9241.0,1
9243.0,0
9245.0,0
9247.0,0
9249.0,1
9251.0,0
9253.0,0
9255.0,0
9257.0,1
9259.0,0
9261.0,0
9263.0,1
9265.0,1
9267.0,1
9269.0,0
9271.0,0
9273.0,0
9275.0,0
9277.0,0
9279.0,0
9281.0,0
9283.0,0
9285.0,0
9287.0,1
9289.0,0
9291.0,2
9293.0,0
9295.0,1
9297.0,0
9299.0,0
9301.0,1
9303.0,0
9305.0,0
9307.0,2
9309.0,1
9311.0,0
9313.0,1
9315.0,0
9317.0,1
9319.0,0
9321.0,0
9323.0,0
9325.0,0
9327.0,2
9329.0,1
9331.0,1
9333.0,0
9335.0,2
9337.0,1
9339.0,1
9341.0,1
9343.0,0
9345.0,2
9347.0,0
9349.0,1
9351.0,1
9353.0,0
9355.0,1
9357.0,1
9359.0,0
9361.0,1
9363.0,1
9365.0,1
9367.0,0
9369.0,1
9371.0,2
9373.0,1
9375.0,1
9377.0,4
9379.0,1
9381.0,2
9383.0,0
9385.0,2
9387.0,0
9389.0,1
9391.0,0
9393.0,0
9395.0,1
9397.0,2
9399.0,3
9401.0,0
9403.0,1
9405.0,2
9407.0,1
9409.0,1
9411.0,1
9413.0,1
9415.0,0
9417.0,1
9419.0,0
9421.0,0
9423.0,0
9425.0,1
9427.0,0
9429.0,0
9431.0,0
9433.0,1
9435.0,0
9437.0,1
9439.0,1
9441.0,0
9443.0,0
9445.0,0
9447.0,1
9449.0,0
9451.0,1
9453.0,0
9455.0,0
9457.0,0
9459.0,0
9461.0,1
9463.0,0
9465.0,0
9467.0,0
9469.0,2
9471.0,0
9473.0,0
9475.0,1
9477.0,0
9479.0,0
9481.0,0
9483.0,1
9485.0,1
9487.0,1
9489.0,1
9491.0,2
9493.0,2
9495.0,3
9497.0,2
9499.0,1
9501.0,0
9503.0,4
9505.0,1
9507.0,1
9509.0,0
9511.0,1
9513.0,1
9515.0,0
9517.0,1
9519.0,2
9521.0,4
9523.0,3
9525.0,4
9527.0,4
9529.0,1
9531.0,2
9533.0,2
9535.0,3
9537.0,0
9539.0,4
9541.0,3
9543.0,1
9545.0,1
9547.0,0
9549.0,0
9551.0,1
9553.0,0
9555.0,0
9557.0,1
9559.0,2
9561.0,0
9563.0,1
9565.0,2
9567.0,2
9569.0,4
9571.0,0
9573.0,2
9575.0,1
9577.0,2
9579.0,1
9581.0,1
9583.0,1
9585.0,1
9587.0,0
9589.0,0
9591.0,1
9593.0,2
9595.0,0
9597.0,5
9599.0,0
9601.0,0
9603.0,1
9605.0,2
9607.0,4
9609.0,6
9611.0,3
9613.0,7
9615.0,2
9617.0,2
9619.0,3
9621.0,0
9623.0,0
9625.0,0
9627.0,0
9629.0,0
9631.0,1
9633.0,1
9635.0,1
9637.0,2
9639.0,2
9641.0,6
9643.0,5
9645.0,11
9647.0,7
9649.0,8
9651.0,4
9653.0,5
9655.0,5
9657.0,5
9659.0,2
9661.0,0
9663.0,1
9665.0,1
9667.0,2
9669.0,2
9671.0,5
9673.0,2
9675.0,5
9677.0,12
9679.0,18
9681.0,22
9683.0,16
9685.0,13
9687.0,9
9689.0,6
9691.0,4
9693.0,4
9695.0,2
9697.0,0
9699.0,0
9701.0,1
9703.0,2
9705.0,1
9707.0,2
9709.0,0
9711.0,0
9713.0,1
9715.0,2
9717.0,3
9719.0,1
9721.0,1
9723.0,2
9725.0,0
9727.0,1
9729.0,0
9731.0,0
9733.0,1
9735.0,0
9737.0,1
9739.0,0
9741.0,1
9743.0,0
9745.0,0
9747.0,1
9749.0,2
9751.0,1
9753.0,1
9755.0,0
9757.0,2
9759.0,0
9761.0,0
9763.0,0
9765.0,0
9767.0,0
9769.0,0
9771.0,1
9773.0,0
9775.0,0
9777.0,1
9779.0,1
9781.0,2
9783.0,1
9785.0,0
9787.0,1
9789.0,2
9791.0,2
9793.0,1
9795.0,0
9797.0,1
9799.0,1
9801.0,1
9803.0,0
9805.0,1
9807.0,0
9809.0,2
9811.0,3
9813.0,2
9815.0,5
9817.0,2
9819.0,1
9821.0,3
9823.0,3
9825.0,0
9827.0,1
9829.0,3
9831.0,1
9833.0,2
9835.0,0
9837.0,0
9839.0,2
9841.0,0
9843.0,0
9845.0,2
9847.0,0
9849.0,3
9851.0,1
9853.0,1
9855.0,4
9857.0,1
9859.0,0
9861.0,2
9863.0,4
9865.0,1
9867.0,1
9869.0,1
9871.0,0
9873.0,0
9875.0,0
9877.0,0
9879.0,1
9881.0,0
9883.0,1
9885.0,1
9887.0,0
9889.0,0
9891.0,1
9893.0,0
9895.0,0
9897.0,0
9899.0,0
9901.0,0
9903.0,0
9905.0,0
9907.0,0
9909.0,0
9911.0,0
9913.0,0
9915.0,1
9917.0,0
9919.0,2
9921.0,5
9923.0,1
9925.0,3
9927.0,0
9929.0,2
9931.0,2
9933.0,0
9935.0,1
9937.0,1
9939.0,0
9941.0,1
9943.0,0
9945.0,1
9947.0,2
9949.0,2
9951.0,1
9953.0,3
9955.0,1
9957.0,3
9959.0,1
9961.0,4
9963.0,1
9965.0,0
9967.0,0
9969.0,0
9971.0,3
9973.0,1
9975.0,1
9977.0,1
9979.0,0
9981.0,0
9983.0,1
9985.0,0
9987.0,1
9989.0,0
9991.0,0
9993.0,0
9995.0,1
9997.0,1
9999.0,1
10001.0,1
10003.0,1
10005.0,0
10007.0,0
10009.0,0
10011.0,1
10013.0,0
10015.0,1
10017.0,2
10019.0,2
10021.0,0
10023.0,1
10025.0,0
10027.0,0
10029.0,1
10031.0,0
10033.0,0
10035.0,2
10037.0,2
10039.0,1
10041.0,0
10043.0,0
10045.0,0
10047.0,0
10049.0,0
10051.0,0
10053.0,1
10055.0,0
10057.0,1
10059.0,1
10061.0,0
10063.0,0
10065.0,0
10067.0,0
10069.0,2
10071.0,0
10073.0,1
10075.0,1
10077.0,0
10079.0,0
10081.0,0
10083.0,0
10085.0,0
10087.0,0
10089.0,1
10091.0,2
10093.0,0
10095.0,2
10097.0,1
10099.0,0
10101.0,1
10103.0,0
10105.0,0
10107.0,1
10109.0,1
10111.0,1
10113.0,0
10115.0,0
10117.0,1
10119.0,0
10121.0,0
10123.0,1
10125.0,0
10127.0,0
10129.0,1
10131.0,1
10133.0,1
10135.0,0
10137.0,3
10139.0,3
10141.0,1
10143.0,0
10145.0,0
10147.0,1
10149.0,1
10151.0,2
10153.0,1
10155.0,1
10157.0,1
10159.0,1
10161.0,1
10163.0,0
10165.0,0
10167.0,1
10169.0,0
10171.0,0
10173.0,1
10175.0,0
10177.0,0
10179.0,0
10181.0,1
10183.0,0
10185.0,2
10187.0,0
10189.0,0
10191.0,1
10193.0,0
10195.0,2
10197.0,0
10199.0,2
10201.0,1
10203.0,2
10205.0,0
10207.0,0
10209.0,1
10211.0,3
10213.0,2
10215.0,0
10217.0,1
10219.0,0
10221.0,0
10223.0,0
10225.0,3
10227.0,1
10229.0,1
10231.0,0
10233.0,0
10235.0,0
10237.0,0
10239.0,0
10241.0,0
10243.0,0
10245.0,0
10247.0,1
10249.0,0
10251.0,1
10253.0,0
10255.0,3
10257.0,1
10259.0,2
10261.0,1
10263.0,1
10265.0,3
10267.0,2
10269.0,0
10271.0,2
10273.0,1
10275.0,2
10277.0,2
10279.0,3
10281.0,2
10283.0,0
10285.0,2
10287.0,0
10289.0,2
10291.0,1
10293.0,3
10295.0,0
10297.0,4
10299.0,1
10301.0,1
10303.0,1
10305.0,1
10307.0,1
10309.0,0
10311.0,1
10313.0,4
10315.0,2
10317.0,3
10319.0,1
10321.0,6
10323.0,7
10325.0,2
10327.0,2
10329.0,1
10331.0,5
10333.0,3
10335.0,1
10337.0,2
10339.0,1
10341.0,2
10343.0,2
10345.0,3
10347.0,5
10349.0,2
10351.0,4
10353.0,1
10355.0,4
10357.0,1
10359.0,6
10361.0,2
10363.0,0
10365.0,0
10367.0,0
10369.0,1
10371.0,0
10373.0,0
10375.0,3
10377.0,2
10379.0,3
10381.0,2
10383.0,3
10385.0,1
10387.0,1
10389.0,3
10391.0,7
10393.0,3
10395.0,2
10397.0,1
10399.0,2
10401.0,2
10403.0,2
10405.0,4
10407.0,0
10409.0,2
10411.0,0
10413.0,1
10415.0,2
10417.0,1
10419.0,4
10421.0,1
10423.0,0
10425.0,0
10427.0,1
10429.0,5
10431.0,1
10433.0,0
10435.0,4
10437.0,2
10439.0,1
10441.0,3
10443.0,2
10445.0,3
10447.0,4
10449.0,3
10451.0,4
10453.0,4
10455.0,2
10457.0,7
10459.0,7
10461.0,6
10463.0,4
10465.0,7
10467.0,2
10469.0,2
10471.0,1
10473.0,2
10475.0,0
10477.0,0
10479.0,2
10481.0,2
10483.0,2
10485.0,1
10487.0,1
10489.0,1
10491.0,1
10493.0,0
10495.0,4
10497.0,4
10499.0,4
10501.0,5
10503.0,3
10505.0,9
10507.0,3
10509.0,22
10511.0,13
10513.0,16
10515.0,7
10517.0,7
10519.0,7
10521.0,2
10523.0,5
10525.0,2
10527.0,3
10529.0,2
10531.0,1
10533.0,2
10535.0,2
10537.0,2
10539.0,3
10541.0,1
10543.0,1
10545.0,1
10547.0,2
10549.0,0
10551.0,0
10553.0,1
10555.0,0
10557.0,0
10559.0,0
10561.0,0
10563.0,2
10565.0,1
10567.0,1
10569.0,0
10571.0,1
10573.0,0
10575.0,0
10577.0,0
10579.0,0
10581.0,0
10583.0,1
10585.0,0
10587.0,1
10589.0,1
10591.0,0
10593.0,0
10595.0,0
10597.0,1
10599.0,0
10601.0,1
10603.0,0
10605.0,0
10607.0,0
10609.0,0
10611.0,1
10613.0,0
10615.0,2
10617.0,0
10619.0,1
10621.0,0
10623.0,2
10625.0,0
10627.0,0
10629.0,0
10631.0,1
10633.0,1
10635.0,0
10637.0,0
10639.0,4
10641.0,0
10643.0,0
10645.0,0
10647.0,0
10649.0,0
10651.0,1
10653.0,0
10655.0,1
10657.0,0
10659.0,0
10661.0,2
10663.0,0
10665.0,0
10667.0,1
10669.0,0
10671.0,0
10673.0,1
10675.0,2
10677.0,3
10679.0,2
10681.0,6
10683.0,8
10685.0,6
10687.0,2
10689.0,3
10691.0,5
10693.0,1
10695.0,0
10697.0,5
10699.0,2
10701.0,0
10703.0,1
10705.0,0
10707.0,1
10709.0,0
10711.0,0
10713.0,1
10715.0,0
10717.0,1
10719.0,1
10721.0,0
10723.0,0
10725.0,0
10727.0,0
10729.0,1
10731.0,0
10733.0,0
10735.0,1
10737.0,1
10739.0,1
10741.0,1
10743.0,0
10745.0,0
10747.0,1
10749.0,0
10751.0,0
10753.0,1
10755.0,0
10757.0,2
10759.0,0
10761.0,0
10763.0,0
10765.0,0
10767.0,0
10769.0,0
10771.0,1
10773.0,1
10775.0,1
10777.0,0
10779.0,0
10781.0,1
10783.0,1
10785.0,1
10787.0,0
10789.0,2
10791.0,0
10793.0,1
10795.0,0
10797.0,0
10799.0,0
10801.0,0
10803.0,0
10805.0,0
10807.0,0
10809.0,0
10811.0,1
10813.0,1
10815.0,0
10817.0,0
10819.0,1
10821.0,0
10823.0,0
10825.0,1
10827.0,0
10829.0,0
10831.0,0
10833.0,0
10835.0,1
10837.0,0
10839.0,0
10841.0,1
10843.0,0
10845.0,0
10847.0,0
10849.0,1
10851.0,0
10853.0,1
10855.0,0
10857.0,0
10859.0,0
10861.0,0
10863.0,1
10865.0,0
10867.0,0
10869.0,0
10871.0,0
10873.0,0
10875.0,2
10877.0,0
10879.0,3
10881.0,1
10883.0,1
10885.0,0
10887.0,0
10889.0,0
10891.0,0
10893.0,2
10895.0,1
10897.0,0
10899.0,1
10901.0,0
10903.0,1
10905.0,0
10907.0,0
10909.0,0
10911.0,3
10913.0,1
10915.0,0
10917.0,1
10919.0,0
10921.0,1
10923.0,1
10925.0,1
10927.0,1
10929.0,0
10931.0,1
10933.0,0
10935.0,0
10937.0,0
10939.0,1
10941.0,0
10943.0,0
10945.0,0
10947.0,2
10949.0,0
10951.0,0
10953.0,3
10955.0,1
10957.0,0
10959.0,1
10961.0,0
10963.0,1
10965.0,1
10967.0,0
10969.0,0
10971.0,0
10973.0,0
10975.0,1
10977.0,0
10979.0,2
10981.0,0
10983.0,1
10985.0,0
10987.0,2
10989.0,0
10991.0,0
10993.0,0
10995.0,0
10997.0,2
10999.0,0
11001.0,5
11003.0,1
11005.0,2
11007.0,1
11009.0,1
11011.0,1
11013.0,1
11015.0,0
11017.0,0
11019.0,1
11021.0,2
11023.0,0
11025.0,0
11027.0,1
11029.0,1
11031.0,0
11033.0,1
11035.0,0
11037.0,2
11039.0,0
11041.0,1
11043.0,0
11045.0,1
11047.0,0
11049.0,0
11051.0,1
11053.0,0
11055.0,0
11057.0,0
11059.0,2
11061.0,0
11063.0,0
11065.0,0
11067.0,1
11069.0,1
11071.0,1
11073.0,1
11075.0,1
11077.0,1
11079.0,0
11081.0,1
11083.0,0
11085.0,1
11087.0,5
11089.0,2
11091.0,0
11093.0,1
11095.0,0
11097.0,1
11099.0,1
11101.0,0
11103.0,3
11105.0,1
11107.0,0
11109.0,0
11111.0,0
11113.0,1
11115.0,0
11117.0,1
11119.0,0
11121.0,0
11123.0,0
11125.0,3
11127.0,2
11129.0,2
11131.0,3
11133.0,4
11135.0,6
11137.0,2
11139.0,1
11141.0,0
11143.0,2
11145.0,0
11147.0,1
11149.0,0
11151.0,0
11153.0,1
11155.0,0
11157.0,0
11159.0,0
11161.0,2
11163.0,0
11165.0,0
11167.0,2
11169.0,0
11171.0,1
11173.0,0
11175.0,0
11177.0,1
11179.0,0
11181.0,0
11183.0,0
11185.0,2
11187.0,0
11189.0,0
11191.0,0
11193.0,0
11195.0,0
11197.0,0
11199.0,0
11201.0,2
11203.0,1
11205.0,0
11207.0,0
11209.0,1
11211.0,0
11213.0,0
11215.0,0
11217.0,1
11219.0,0
11221.0,0
11223.0,0
11225.0,0
11227.0,0
11229.0,0
11231.0,0
11233.0,0
11235.0,0
11237.0,1
11239.0,0
11241.0,1
11243.0,0
11245.0,1
11247.0,0
11249.0,1
11251.0,0
11253.0,0
11255.0,0
11257.0,0
11259.0,0
11261.0,1
11263.0,1
11265.0,0
11267.0,1
11269.0,2
11271.0,0
11273.0,0
11275.0,0
11277.0,0
11279.0,0
11281.0,0
11283.0,0
11285.0,1
11287.0,0
11289.0,1
11291.0,1
11293.0,1
11295.0,0
11297.0,1
11299.0,0
11301.0,2
11303.0,0
11305.0,0
11307.0,0
11309.0,2
11311.0,0
11313.0,0
11315.0,2
11317.0,0
11319.0,0
11321.0,1
11323.0,0
11325.0,0
11327.0,0
11329.0,0
11331.0,0
11333.0,0
11335.0,1
11337.0,0
11339.0,1
11341.0,1
11343.0,0
11345.0,0
11347.0,1
11349.0,1
11351.0,0
11353.0,0
11355.0,2
11357.0,0
11359.0,1
11361.0,1
11363.0,4
11365.0,0
11367.0,1
11369.0,0
11371.0,1
11373.0,1
11375.0,0
11377.0,1
11379.0,0
11381.0,1
11383.0,0
11385.0,1
11387.0,0
11389.0,1
11391.0,1
11393.0,0
11395.0,0
11397.0,0
11399.0,1
11401.0,0
11403.0,0
11405.0,0
11407.0,1
11409.0,0
11411.0,0
11413.0,0
11415.0,0
11417.0,0
11419.0,1
11421.0,1
11423.0,0
11425.0,0
11427.0,0
11429.0,2
11431.0,0
11433.0,1
11435.0,1
11437.0,0
11439.0,1
11441.0,0
11443.0,0
11445.0,0
11447.0,0
11449.0,0
11451.0,0
11453.0,0
11455.0,1
11457.0,0
11459.0,1
11461.0,0
11463.0,0
11465.0,0
11467.0,0
11469.0,1
11471.0,2
11473.0,0
11475.0,0
11477.0,1
11479.0,1
11481.0,2
11483.0,0
11485.0,1
11487.0,0
11489.0,1
11491.0,1
11493.0,1
11495.0,0
11497.0,0
11499.0,0
11501.0,2
11503.0,1
11505.0,1
11507.0,0
11509.0,2
11511.0,2
11513.0,2
11515.0,1
11517.0,0
11519.0,2
11521.0,1
11523.0,0
11525.0,0
11527.0,1
11529.0,0
11531.0,0
11533.0,0
11535.0,1
11537.0,3
11539.0,0
11541.0,1
11543.0,4
11545.0,0
11547.0,2
11549.0,3
11551.0,4
11553.0,2
11555.0,1
11557.0,1
11559.0,3
11561.0,0
11563.0,0
11565.0,0
11567.0,1
11569.0,0
11571.0,2
11573.0,1
11575.0,1
11577.0,0
11579.0,0
11581.0,1
11583.0,0
11585.0,0
11587.0,3
11589.0,0
11591.0,1
11593.0,1
11595.0,4
11597.0,0
11599.0,6
11601.0,1
11603.0,2
11605.0,0
11607.0,1
11609.0,0
11611.0,1
11613.0,0
11615.0,2
11617.0,0
11619.0,0
11621.0,1
11623.0,2
11625.0,1
11627.0,0
11629.0,0
11631.0,0
11633.0,0
11635.0,2
11637.0,0
11639.0,2
11641.0,1
11643.0,2
11645.0,2
11647.0,2
11649.0,4
11651.0,4
11653.0,3
11655.0,2
11657.0,2
11659.0,1
11661.0,0
11663.0,0
11665.0,0
11667.0,0
11669.0,1
11671.0,2
11673.0,2
11675.0,1
11677.0,1
11679.0,1
11681.0,1
11683.0,2
11685.0,2
11687.0,0
11689.0,0
11691.0,4
11693.0,7
11695.0,3
11697.0,3
11699.0,2
11701.0,3
11703.0,2
11705.0,2
11707.0,1
11709.0,1
11711.0,3
11713.0,1
11715.0,2
11717.0,2
11719.0,4
11721.0,2
11723.0,1
11725.0,4
11727.0,5
11729.0,5
11731.0,2
11733.0,1
11735.0,2
11737.0,4
11739.0,3
11741.0,6
11743.0,3
11745.0,1
11747.0,0
11749.0,0
11751.0,1
11753.0,0
11755.0,1
11757.0,1
11759.0,0
11761.0,0
11763.0,0
11765.0,1
11767.0,1
11769.0,0
11771.0,0
11773.0,0
11775.0,1
11777.0,0
11779.0,0
11781.0,0
11783.0,0
11785.0,0
11787.0,0
11789.0,0
11791.0,0
11793.0,0
11795.0,0
11797.0,0
11799.0,0
11801.0,0
11803.0,0
11805.0,0
11807.0,1
11809.0,0
11811.0,0
11813.0,0
11815.0,0
11817.0,1
11819.0,1
11821.0,1
11823.0,2
11825.0,0
11827.0,0
11829.0,0
11831.0,0
11833.0,0
11835.0,0
11837.0,0
11839.0,1
11841.0,0
11843.0,0
11845.0,0
11847.0,0
11849.0,0
11851.0,0
11853.0,0
11855.0,0
11857.0,1
11859.0,0
11861.0,0
11863.0,0
11865.0,0
11867.0,0
11869.0,0
11871.0,0
11873.0,0
11875.0,0
11877.0,0
11879.0,0
11881.0,0
11883.0,0
11885.0,0
11887.0,1
11889.0,0
11891.0,0
11893.0,0
11895.0,0
11897.0,0
11899.0,0
11901.0,0
11903.0,0
11905.0,0
11907.0,0
11909.0,0
11911.0,0
11913.0,1
11915.0,0
11917.0,0
11919.0,1
11921.0,0
11923.0,1
11925.0,1
11927.0,0
11929.0,0
11931.0,1
11933.0,0
11935.0,0
11937.0,0
11939.0,0
11941.0,0
11943.0,1
11945.0,0
11947.0,0
11949.0,1
11951.0,0
11953.0,1
11955.0,0
11957.0,0
11959.0,0
11961.0,0
11963.0,0
11965.0,0
11967.0,0
11969.0,0
11971.0,0
11973.0,0
11975.0,1
11977.0,0
11979.0,0
11981.0,0
11983.0,0
11985.0,0
11987.0,0
11989.0,0
11991.0,1
11993.0,0
11995.0,0
11997.0,1
11999.0,0
12001.0,0
12003.0,1
12005.0,0
12007.0,0
12009.0,0
12011.0,1
12013.0,0
12015.0,0
12017.0,0
12019.0,0
12021.0,0
12023.0,1
12025.0,0
12027.0,0
12029.0,0
12031.0,0
12033.0,0
12035.0,1
12037.0,1
12039.0,0
12041.0,0
12043.0,0
12045.0,0
12047.0,0
12049.0,0
12051.0,0
12053.0,0
12055.0,0
12057.0,0
12059.0,0
12061.0,0
12063.0,0
12065.0,1
12067.0,0
12069.0,0
12071.0,0
12073.0,0
12075.0,1
12077.0,0
12079.0,0
12081.0,0
12083.0,0
12085.0,0
12087.0,0
12089.0,2
12091.0,1
12093.0,1
12095.0,0
12097.0,0
12099.0,0
12101.0,0
12103.0,1
12105.0,0
12107.0,0
12109.0,0
12111.0,0
12113.0,0
12115.0,0
12117.0,0
12119.0,0
12121.0,0
12123.0,0
12125.0,0
12127.0,0
12129.0,0
12131.0,0
12133.0,0
12135.0,0
12137.0,0
12139.0,0
12141.0,0
12143.0,0
12145.0,0
12147.0,0
12149.0,0
12151.0,0
12153.0,0
12155.0,0
12157.0,0
12159.0,0
12161.0,0
12163.0,0
12165.0,0
12167.0,0
12169.0,0
12171.0,0
12173.0,0
12175.0,0
12177.0,0
12179.0,0
12181.0,0
12183.0,0
12185.0,0
12187.0,0
12189.0,0
12191.0,0
12193.0,0
12195.0,0
12197.0,0
12199.0,0
12201.0,0
12203.0,0
12205.0,0
12207.0,1
12209.0,1
12211.0,0
12213.0,0
12215.0,0
12217.0,0
12219.0,0
12221.0,0
12223.0,0
12225.0,0
12227.0,0
12229.0,0
12231.0,0
12233.0,0
12235.0,0
12237.0,0
12239.0,0
12241.0,0
12243.0,0
12245.0,1
12247.0,0
12249.0,0
12251.0,0
12253.0,0
12255.0,0
12257.0,0
12259.0,0
12261.0,0
12263.0,1
12265.0,0
12267.0,0
12269.0,0
12271.0,0
12273.0,0
12275.0,0
12277.0,0
12279.0,0
12281.0,0
12283.0,0
12285.0,0
12287.0,0
12289.0,0
12291.0,0
12293.0,0
12295.0,1
12297.0,0
12299.0,0
12301.0,0
12303.0,0
12305.0,0
12307.0,0
12309.0,0
12311.0,0
12313.0,0
12315.0,0
12317.0,0
12319.0,1
12321.0,0
12323.0,0
12325.0,0
12327.0,0
12329.0,0
12331.0,1
12333.0,0
12335.0,0
12337.0,0
12339.0,0
12341.0,0
12343.0,0
12345.0,1
12347.0,0
12349.0,0
12351.0,0
12353.0,0
12355.0,0
12357.0,1
12359.0,0
12361.0,0
12363.0,0
12365.0,0
12367.0,0
12369.0,0
12371.0,0
12373.0,0
12375.0,0
12377.0,1
12379.0,0
12381.0,0
12383.0,0
12385.0,0
12387.0,1
12389.0,0
12391.0,1
12393.0,0
12395.0,0
12397.0,0
12399.0,2
12401.0,0
12403.0,0
12405.0,0
12407.0,1
12409.0,0
12411.0,0
12413.0,0
12415.0,1
12417.0,1
12419.0,0
12421.0,1
12423.0,1
12425.0,0
12427.0,0
12429.0,2
12431.0,0
12433.0,0
12435.0,0
12437.0,0
12439.0,1
12441.0,0
12443.0,0
12445.0,1
12447.0,0
12449.0,0
12451.0,1
12453.0,0
12455.0,0
12457.0,0
12459.0,0
12461.0,0
12463.0,0
12465.0,0
12467.0,0
12469.0,0
12471.0,0
12473.0,0
12475.0,0
12477.0,0
12479.0,0
12481.0,0
12483.0,1
12485.0,0
12487.0,0
12489.0,0
12491.0,0
12493.0,0
12495.0,0
12497.0,0
12499.0,0
12501.0,0
12503.0,0
12505.0,0
12507.0,0
12509.0,0
12511.0,0
12513.0,0
12515.0,0
12517.0,0
12519.0,0
12521.0,0
12523.0,0
12525.0,0
12527.0,0
12529.0,0
12531.0,0
12533.0,0
12535.0,0
12537.0,1
12539.0,0
12541.0,0
12543.0,0
12545.0,0
12547.0,0
12549.0,0
12551.0,0
12553.0,0
12555.0,0
12557.0,0
12559.0,1
12561.0,0
12563.0,0
12565.0,1
12567.0,2
12569.0,1
12571.0,0
12573.0,0
12575.0,0
12577.0,0
12579.0,0
12581.0,0
12583.0,0
12585.0,0
12587.0,0
12589.0,0
12591.0,0
12593.0,0
12595.0,0
12597.0,0
12599.0,0
12601.0,0
12603.0,0
12605.0,0
12607.0,2
12609.0,0
12611.0,0
12613.0,0
12615.0,0
12617.0,0
12619.0,1
12621.0,0
12623.0,0
12625.0,1
12627.0,0
12629.0,0
12631.0,0
12633.0,1
12635.0,0
12637.0,1
12639.0,1
12641.0,0
12643.0,0
12645.0,0
12647.0,1
12649.0,0
12651.0,0
12653.0,1
12655.0,0
12657.0,1
12659.0,0
12661.0,2
12663.0,0
12665.0,0
12667.0,0
12669.0,2
12671.0,1
12673.0,1
12675.0,0
12677.0,1
12679.0,0
12681.0,1
12683.0,1
12685.0,0
12687.0,0
12689.0,0
12691.0,0
12693.0,0
12695.0,2
12697.0,0
12699.0,0
12701.0,0
12703.0,0
12705.0,0
12707.0,1
12709.0,0
12711.0,0
12713.0,0
12715.0,0
12717.0,1
12719.0,1
12721.0,0
12723.0,0
12725.0,0
12727.0,0
12729.0,1
12731.0,0
12733.0,0
12735.0,1
12737.0,0
12739.0,1
12741.0,1
12743.0,0
12745.0,0
12747.0,0
12749.0,2
12751.0,0
12753.0,2
12755.0,0
12757.0,0
12759.0,0
12761.0,0
12763.0,0
12765.0,0
12767.0,0
12769.0,1
12771.0,0
12773.0,0
12775.0,3
12777.0,0
12779.0,0
12781.0,1
12783.0,0
12785.0,0
12787.0,1
12789.0,0
12791.0,1
12793.0,0
12795.0,1
12797.0,0
12799.0,1
12801.0,0
12803.0,0
12805.0,0
12807.0,0
12809.0,0
12811.0,0
12813.0,0
12815.0,2
12817.0,0
12819.0,0
12821.0,0
12823.0,1
12825.0,0
12827.0,0
12829.0,1
12831.0,0
12833.0,0
12835.0,0
12837.0,0
12839.0,2
12841.0,0
12843.0,0
12845.0,0
12847.0,1
12849.0,0
12851.0,0
12853.0,0
12855.0,1
12857.0,0
12859.0,0
12861.0,0
12863.0,1
12865.0,1
12867.0,0
12869.0,0
12871.0,0
12873.0,0
12875.0,0
12877.0,0
12879.0,0
12881.0,0
12883.0,1
12885.0,0
12887.0,1
12889.0,1
12891.0,0
12893.0,0
12895.0,0
12897.0,1
12899.0,0
12901.0,0
12903.0,0
12905.0,0
12907.0,0
12909.0,1
12911.0,0
12913.0,0
12915.0,1
12917.0,0
12919.0,0
12921.0,0
12923.0,0
12925.0,0
12927.0,0
12929.0,2
12931.0,0
12933.0,0
12935.0,0
12937.0,0
12939.0,0
12941.0,0
12943.0,0
12945.0,0
12947.0,0
12949.0,0
12951.0,0
12953.0,0
12955.0,0
12957.0,0
12959.0,0
12961.0,0
12963.0,0
12965.0,0
12967.0,0
12969.0,0
12971.0,0
12973.0,0
12975.0,0
12977.0,0
12979.0,0
12981.0,0
12983.0,0
12985.0,0
12987.0,0
12989.0,0
12991.0,0
12993.0,0
12995.0,0
12997.0,0
