Bin center (eV),Counts per 2 eV bin
801.0,10
803.0,10
805.0,7
807.0,15
809.0,10
811.0,10
813.0,13
815.0,17
817.0,18
819.0,16
821.0,14
823.0,13
825.0,18
827.0,16
829.0,10
831.0,14
833.0,16
835.0,18
837.0,12
839.0,7
841.0,18
843.0,18
845.0,15
847.0,14
849.0,18
851.0,15
853.0,25
855.0,25
857.0,8
859.0,17
861.0,16
863.0,16
865.0,19
867.0,14
869.0,13
871.0,20
873.0,18
875.0,11
877.0,9
879.0,15
881.0,13
883.0,15
885.0,17
887.0,21
889.0,29
891.0,43
893.0,56
895.0,56
897.0,48
899.0,43
901.0,18
903.0,21
905.0,25
907.0,23
909.0,18
911.0,22
913.0,24
915.0,26
917.0,37
919.0,38
921.0,17
923.0,38
925.0,36
927.0,45
929.0,54
931.0,70
933.0,64
935.0,68
937.0,53
939.0,64
941.0,57
943.0,44
945.0,64
947.0,100
949.0,134
951.0,169
953.0,297
955.0,345
957.0,328
959.0,322
961.0,283
963.0,375
965.0,481
967.0,538
969.0,456
971.0,305
973.0,205
975.0,137
977.0,102
979.0,86
981.0,59
983.0,49
985.0,46
987.0,39
989.0,45
991.0,46
993.0,36
995.0,29
997.0,45
999.0,67
1001.0,46
1003.0,60
1005.0,62
1007.0,61
1009.0,84
1011.0,157
1013.0,262
1015.0,386
1017.0,302
1019.0,191
1021.0,166
1023.0,172
1025.0,246
1027.0,412
1029.0,484
1031.0,359
1033.0,260
1035.0,266
1037.0,315
1039.0,280
1041.0,205
1043.0,159
1045.0,111
1047.0,90
1049.0,76
1051.0,61
1053.0,60
1055.0,85
1057.0,52
1059.0,65
1061.0,48
1063.0,57
1065.0,60
1067.0,42
1069.0,55
1071.0,36
1073.0,46
1075.0,55
1077.0,51
1079.0,49
1081.0,36
1083.0,49
1085.0,33
1087.0,35
1089.0,35
1091.0,30
1093.0,33
1095.0,50
1097.0,46
1099.0,29
1101.0,36
1103.0,20
1105.0,28
1107.0,46
1109.0,36
1111.0,43
1113.0,35
1115.0,24
1117.0,21
1119.0,23
1121.0,32
1123.0,57
1125.0,61
1127.0,53
1129.0,42
1131.0,37
1133.0,30
1135.0,26
1137.0,24
1139.0,26
1141.0,23
1143.0,18
1145.0,15
1147.0,28
1149.0,26
1151.0,30
1153.0,21
1155.0,26
1157.0,28
1159.0,26
1161.0,26
1163.0,23
1165.0,23
1167.0,20
1169.0,27
1171.0,28
1173.0,25
1175.0,28
1177.0,23
1179.0,30
1181.0,22
1183.0,25
1185.0,18
1187.0,16
1189.0,23
1191.0,21
1193.0,27
1195.0,38
1197.0,35
1199.0,29
1201.0,14
1203.0,25
1205.0,26
1207.0,24
1209.0,29
1211.0,33
1213.0,26
1215.0,36
1217.0,31
1219.0,40
1221.0,25
1223.0,21
1225.0,16
1227.0,22
1229.0,29
1231.0,28
1233.0,35
1235.0,39
1237.0,33
1239.0,36
1241.0,28
1243.0,29
1245.0,30
1247.0,27
1249.0,30
1251.0,31
1253.0,25
1255.0,29
1257.0,37
1259.0,29
1261.0,19
1263.0,25
1265.0,36
1267.0,40
1269.0,26
1271.0,36
1273.0,32
1275.0,36
1277.0,30
1279.0,38
1281.0,30
1283.0,35
1285.0,32
1287.0,25
1289.0,27
1291.0,35
1293.0,38
1295.0,34
1297.0,39
1299.0,36
1301.0,37
1303.0,27
1305.0,26
1307.0,32
1309.0,37
1311.0,17
1313.0,44
1315.0,40
1317.0,44
1319.0,26
1321.0,25
1323.0,37
1325.0,39
1327.0,39
1329.0,39
1331.0,39
1333.0,35
1335.0,30
1337.0,30
1339.0,35
1341.0,35
1343.0,43
1345.0,48
1347.0,49
1349.0,28
1351.0,34
1353.0,38
1355.0,36
1357.0,40
1359.0,44
1361.0,35
1363.0,31
1365.0,33
1367.0,25
1369.0,20
1371.0,28
1373.0,38
1375.0,22
1377.0,36
1379.0,46
1381.0,45
1383.0,45
1385.0,33
1387.0,36
1389.0,36
1391.0,34
1393.0,19
1395.0,28
1397.0,39
1399.0,28
1401.0,30
1403.0,29
1405.0,32
1407.0,45
1409.0,39
1411.0,33
1413.0,40
1415.0,19
1417.0,35
1419.0,29
1421.0,35
1423.0,28
1425.0,22
1427.0,19
1429.0,26
1431.0,35
1433.0,29
1435.0,40
1437.0,35
1439.0,39
1441.0,27
1443.0,27
1445.0,34
1447.0,28
1449.0,27
1451.0,28
1453.0,30
1455.0,32
1457.0,25
1459.0,31
1461.0,32
1463.0,33
1465.0,17
1467.0,20
1469.0,38
1471.0,55
1473.0,70
1475.0,50
1477.0,34
1479.0,57
1481.0,70
1483.0,40
1485.0,44
1487.0,33
1489.0,31
1491.0,35
1493.0,23
1495.0,26
1497.0,30
1499.0,30
1501.0,40
1503.0,46
1505.0,51
1507.0,34
1509.0,30
1511.0,26
1513.0,35
1515.0,26
1517.0,25
1519.0,29
1521.0,31
1523.0,27
1525.0,28
1527.0,36
1529.0,26
1531.0,26
1533.0,25
1535.0,23
1537.0,19
1539.0,21
1541.0,30
1543.0,20
1545.0,29
1547.0,27
1549.0,21
1551.0,20
1553.0,24
1555.0,14
1557.0,12
1559.0,7
1561.0,22
1563.0,11
1565.0,21
1567.0,22
1569.0,9
1571.0,12
1573.0,16
1575.0,16
1577.0,15
1579.0,23
1581.0,18
1583.0,15
1585.0,15
1587.0,24
1589.0,28
1591.0,23
1593.0,22
1595.0,24
1597.0,18
1599.0,28
1601.0,52
1603.0,68
1605.0,38
1607.0,23
1609.0,18
1611.0,24
1613.0,19
1615.0,17
1617.0,14
1619.0,20
1621.0,11
1623.0,19
1625.0,25
1627.0,18
1629.0,22
1631.0,18
1633.0,19
1635.0,23
1637.0,34
1639.0,45
1641.0,60
1643.0,34
1645.0,32
1647.0,14
1649.0,20
1651.0,25
1653.0,31
1655.0,25
1657.0,29
1659.0,16
1661.0,18
1663.0,23
1665.0,31
1667.0,25
1669.0,22
1671.0,13
1673.0,13
1675.0,20
1677.0,18
1679.0,13
1681.0,13
1683.0,20
1685.0,10
1687.0,13
1689.0,18
1691.0,19
1693.0,24
1695.0,26
1697.0,22
1699.0,18
1701.0,24
1703.0,23
1705.0,21
1707.0,25
1709.0,28
1711.0,24
1713.0,27
1715.0,20
1717.0,15
1719.0,13
1721.0,23
1723.0,24
1725.0,26
1727.0,15
1729.0,9
1731.0,26
1733.0,16
1735.0,25
1737.0,14
1739.0,18
1741.0,23
1743.0,23
1745.0,15
1747.0,17
1749.0,15
1751.0,24
1753.0,14
1755.0,18
1757.0,21
1759.0,18
1761.0,21
1763.0,22
1765.0,33
1767.0,22
1769.0,15
1771.0,7
1773.0,13
1775.0,25
1777.0,21
1779.0,12
1781.0,16
1783.0,14
1785.0,15
1787.0,15
1789.0,22
1791.0,14
1793.0,14
1795.0,17
1797.0,18
1799.0,42
1801.0,38
1803.0,32
1805.0,19
1807.0,13
1809.0,19
1811.0,17
1813.0,19
1815.0,19
1817.0,13
1819.0,14
1821.0,22
1823.0,20
1825.0,14
1827.0,18
1829.0,17
1831.0,13
1833.0,18
1835.0,19
1837.0,16
1839.0,24
1841.0,21
1843.0,15
1845.0,18
1847.0,23
1849.0,14
1851.0,23
1853.0,16
1855.0,15
1857.0,17
1859.0,25
1861.0,21
1863.0,17
1865.0,27
1867.0,20
1869.0,24
1871.0,33
1873.0,38
1875.0,48
1877.0,28
1879.0,14
1881.0,17
1883.0,20
1885.0,16
1887.0,23
1889.0,24
1891.0,22
1893.0,22
1895.0,23
1897.0,22
1899.0,24
1901.0,20
1903.0,21
1905.0,23
1907.0,21
1909.0,30
1911.0,32
1913.0,31
1915.0,30
1917.0,18
1919.0,29
1921.0,18
1923.0,23
1925.0,29
1927.0,24
1929.0,39
1931.0,36
1933.0,39
1935.0,94
1937.0,101
1939.0,112
1941.0,66
1943.0,65
1945.0,55
1947.0,33
1949.0,23
1951.0,37
1953.0,35
1955.0,30
1957.0,32
1959.0,19
1961.0,41
1963.0,48
1965.0,72
1967.0,76
1969.0,56
1971.0,31
1973.0,20
1975.0,16
1977.0,32
1979.0,31
1981.0,24
1983.0,20
1985.0,20
1987.0,14
1989.0,17
1991.0,16
1993.0,21
1995.0,16
1997.0,28
1999.0,13
2001.0,19
2003.0,24
2005.0,23
2007.0,23
2009.0,32
2011.0,17
2013.0,26
2015.0,15
2017.0,21
2019.0,17
2021.0,22
2023.0,22
2025.0,20
2027.0,32
2029.0,22
2031.0,25
2033.0,20
2035.0,23
2037.0,24
2039.0,24
2041.0,35
2043.0,30
2045.0,33
2047.0,27
2049.0,17
2051.0,15
2053.0,18
2055.0,20
2057.0,14
2059.0,15
2061.0,27
2063.0,22
2065.0,29
2067.0,23
2069.0,25
2071.0,27
2073.0,10
2075.0,17
2077.0,23
2079.0,16
2081.0,18
2083.0,17
2085.0,28
2087.0,43
2089.0,31
2091.0,35
2093.0,30
2095.0,34
2097.0,22
2099.0,25
2101.0,21
2103.0,21
2105.0,20
2107.0,27
2109.0,18
2111.0,17
2113.0,10
2115.0,24
2117.0,13
2119.0,16
2121.0,18
2123.0,17
2125.0,17
2127.0,19
2129.0,26
2131.0,18
2133.0,21
2135.0,29
2137.0,21
2139.0,22
2141.0,37
2143.0,33
2145.0,49
2147.0,33
2149.0,24
2151.0,27
2153.0,43
2155.0,29
2157.0,32
2159.0,29
2161.0,22
2163.0,25
2165.0,19
2167.0,19
2169.0,22
2171.0,26
2173.0,35
2175.0,28
2177.0,32
2179.0,44
2181.0,38
2183.0,23
2185.0,15
2187.0,24
2189.0,27
2191.0,26
2193.0,33
2195.0,27
2197.0,31
2199.0,37
2201.0,24
2203.0,30
2205.0,32
2207.0,29
2209.0,32
2211.0,36
2213.0,53
2215.0,37
2217.0,33
2219.0,32
2221.0,36
2223.0,35
2225.0,50
2227.0,37
2229.0,52
2231.0,55
2233.0,55
2235.0,29
2237.0,43
2239.0,34
2241.0,35
2243.0,36
2245.0,35
2247.0,36
2249.0,31
2251.0,51
2253.0,58
2255.0,84
2257.0,66
2259.0,47
2261.0,33
2263.0,29
2265.0,33
2267.0,33
2269.0,32
2271.0,40
2273.0,38
2275.0,32
2277.0,43
2279.0,30
2281.0,41
2283.0,42
2285.0,38
2287.0,31
2289.0,27
2291.0,25
2293.0,35
2295.0,28
2297.0,39
2299.0,25
2301.0,47
2303.0,45
2305.0,56
2307.0,65
2309.0,57
2311.0,45
2313.0,49
2315.0,43
2317.0,36
2319.0,53
2321.0,38
2323.0,50
2325.0,41
2327.0,37
2329.0,40
2331.0,45
2333.0,33
2335.0,25
2337.0,33
2339.0,22
2341.0,31
2343.0,26
2345.0,33
2347.0,29
2349.0,34
2351.0,33
2353.0,38
2355.0,41
2357.0,50
2359.0,47
2361.0,54
2363.0,61
2365.0,37
2367.0,44
2369.0,43
2371.0,33
2373.0,34
2375.0,41
2377.0,38
2379.0,44
2381.0,39
2383.0,39
2385.0,29
2387.0,29
2389.0,24
2391.0,44
2393.0,40
2395.0,37
2397.0,32
2399.0,29
2401.0,34
2403.0,39
2405.0,51
2407.0,45
2409.0,71
2411.0,46
2413.0,52
2415.0,42
2417.0,53
2419.0,53
2421.0,56
2423.0,48
2425.0,38
2427.0,52
2429.0,43
2431.0,42
2433.0,46
2435.0,52
2437.0,40
2439.0,53
2441.0,43
2443.0,38
2445.0,48
2447.0,46
2449.0,46
2451.0,31
2453.0,53
2455.0,34
2457.0,42
2459.0,61
2461.0,42
2463.0,64
2465.0,65
2467.0,60
2469.0,57
2471.0,89
2473.0,94
2475.0,60
2477.0,62
2479.0,49
2481.0,44
2483.0,60
2485.0,52
2487.0,39
2489.0,40
2491.0,29
2493.0,46
2495.0,28
2497.0,37
2499.0,35
2501.0,31
2503.0,26
2505.0,44
2507.0,30
2509.0,53
2511.0,61
2513.0,66
2515.0,56
2517.0,39
2519.0,35
2521.0,33
2523.0,31
2525.0,37
2527.0,52
2529.0,41
2531.0,31
2533.0,41
2535.0,36
2537.0,32
2539.0,44
2541.0,39
2543.0,28
2545.0,41
2547.0,36
2549.0,50
2551.0,37
2553.0,44
2555.0,63
2557.0,56
2559.0,60
2561.0,59
2563.0,56
2565.0,51
2567.0,48
2569.0,52
2571.0,51
2573.0,36
2575.0,43
2577.0,31
2579.0,41
2581.0,39
2583.0,45
2585.0,43
2587.0,52
2589.0,52
2591.0,37
2593.0,38
2595.0,40
2597.0,44
2599.0,44
2601.0,57
2603.0,50
2605.0,67
2607.0,66
2609.0,55
2611.0,63
2613.0,66
2615.0,57
2617.0,63
2619.0,67
2621.0,47
2623.0,48
2625.0,41
2627.0,47
2629.0,40
2631.0,38
2633.0,30
2635.0,29
2637.0,45
2639.0,56
2641.0,55
2643.0,64
2645.0,68
2647.0,58
2649.0,56
2651.0,51
2653.0,49
2655.0,39
2657.0,56
2659.0,52
2661.0,72
2663.0,67
2665.0,49
2667.0,46
2669.0,49
2671.0,52
2673.0,44
2675.0,34
2677.0,39
2679.0,51
2681.0,42
2683.0,48
2685.0,52
2687.0,48
2689.0,50
2691.0,54
2693.0,41
2695.0,41
2697.0,49
2699.0,64
2701.0,48
2703.0,69
2705.0,49
2707.0,47
2709.0,42
2711.0,26
2713.0,26
2715.0,31
2717.0,39
2719.0,39
2721.0,54
2723.0,47
2725.0,49
2727.0,48
2729.0,52
2731.0,49
2733.0,68
2735.0,59
2737.0,42
2739.0,51
2741.0,50
2743.0,39
2745.0,52
2747.0,51
2749.0,34
2751.0,43
2753.0,36
2755.0,32
2757.0,45
2759.0,31
2761.0,34
2763.0,31
2765.0,47
2767.0,51
2769.0,46
2771.0,66
2773.0,85
2775.0,72
2777.0,89
2779.0,68
2781.0,65
2783.0,49
2785.0,59
2787.0,52
2789.0,44
2791.0,49
2793.0,42
2795.0,38
2797.0,37
2799.0,34
2801.0,37
2803.0,48
2805.0,36
2807.0,33
2809.0,37
2811.0,24
2813.0,48
2815.0,54
2817.0,67
2819.0,72
2821.0,67
2823.0,72
2825.0,93
2827.0,81
2829.0,87
2831.0,60
2833.0,69
2835.0,36
2837.0,42
2839.0,36
2841.0,32
2843.0,37
2845.0,42
2847.0,35
2849.0,47
2851.0,45
2853.0,41
2855.0,46
2857.0,35
2859.0,45
2861.0,54
2863.0,62
2865.0,71
2867.0,85
2869.0,64
2871.0,48
2873.0,65
2875.0,49
2877.0,43
2879.0,49
2881.0,46
2883.0,37
2885.0,52
2887.0,33
2889.0,44
2891.0,24
2893.0,43
2895.0,48
2897.0,62
2899.0,70
2901.0,82
2903.0,63
2905.0,58
2907.0,60
2909.0,45
2911.0,54
2913.0,55
2915.0,69
2917.0,58
2919.0,55
2921.0,62
2923.0,48
2925.0,42
2927.0,65
2929.0,45
2931.0,58
2933.0,53
2935.0,75
2937.0,38
2939.0,40
2941.0,60
2943.0,55
2945.0,76
2947.0,74
2949.0,71
2951.0,74
2953.0,50
2955.0,49
2957.0,42
2959.0,50
2961.0,43
2963.0,42
2965.0,41
2967.0,44
2969.0,53
2971.0,33
2973.0,72
2975.0,52
2977.0,68
2979.0,53
2981.0,52
2983.0,68
2985.0,70
2987.0,82
2989.0,81
2991.0,80
2993.0,70
2995.0,53
2997.0,43
2999.0,46
3001.0,55
3003.0,37
3005.0,29
3007.0,46
3009.0,48
3011.0,44
3013.0,57
3015.0,51
3017.0,73
3019.0,52
3021.0,60
3023.0,66
3025.0,60
3027.0,62
3029.0,64
3031.0,66
3033.0,59
3035.0,38
3037.0,74
3039.0,52
3041.0,54
3043.0,54
3045.0,63
3047.0,36
3049.0,48
3051.0,42
3053.0,43
3055.0,32
3057.0,22
3059.0,33
3061.0,33
3063.0,32
3065.0,32
3067.0,36
3069.0,44
3071.0,40
3073.0,46
3075.0,43
3077.0,48
3079.0,42
3081.0,50
3083.0,49
3085.0,39
3087.0,45
3089.0,48
3091.0,55
3093.0,46
3095.0,48
3097.0,71
3099.0,63
3101.0,44
3103.0,41
3105.0,39
3107.0,37
3109.0,39
3111.0,43
3113.0,51
3115.0,59
3117.0,55
3119.0,55
3121.0,49
3123.0,48
3125.0,33
3127.0,42
3129.0,45
3131.0,44
3133.0,41
3135.0,47
3137.0,43
3139.0,32
3141.0,31
3143.0,40
3145.0,39
3147.0,58
3149.0,50
3151.0,40
3153.0,43
3155.0,51
3157.0,40
3159.0,38
3161.0,35
3163.0,45
3165.0,58
3167.0,60
3169.0,59
3171.0,81
3173.0,60
3175.0,44
3177.0,53
3179.0,55
3181.0,59
3183.0,53
3185.0,55
3187.0,42
3189.0,44
3191.0,41
3193.0,47
3195.0,50
3197.0,56
3199.0,53
3201.0,55
3203.0,48
3205.0,34
3207.0,44
3209.0,41
3211.0,29
3213.0,34
3215.0,28
3217.0,40
3219.0,51
3221.0,46
3223.0,47
3225.0,71
3227.0,55
3229.0,55
3231.0,51
3233.0,47
3235.0,51
3237.0,59
3239.0,50
3241.0,54
3243.0,59
3245.0,46
3247.0,63
3249.0,53
3251.0,60
3253.0,58
3255.0,58
3257.0,51
3259.0,43
3261.0,27
3263.0,32
3265.0,38
3267.0,24
3269.0,22
3271.0,25
3273.0,27
3275.0,28
3277.0,41
3279.0,36
3281.0,30
3283.0,33
3285.0,28
3287.0,37
3289.0,36
3291.0,39
3293.0,37
3295.0,29
3297.0,41
3299.0,53
3301.0,45
3303.0,50
3305.0,41
3307.0,51
3309.0,41
3311.0,32
3313.0,40
3315.0,36
3317.0,29
3319.0,41
3321.0,37
3323.0,40
3325.0,37
3327.0,44
3329.0,47
3331.0,48
3333.0,51
3335.0,40
3337.0,35
3339.0,30
3341.0,40
3343.0,33
3345.0,47
3347.0,30
3349.0,45
3351.0,39
3353.0,48
3355.0,38
3357.0,32
3359.0,62
3361.0,64
3363.0,56
3365.0,75
3367.0,52
3369.0,52
3371.0,45
3373.0,32
3375.0,26
3377.0,29
3379.0,34
3381.0,33
3383.0,30
3385.0,31
3387.0,21
3389.0,25
3391.0,31
3393.0,40
3395.0,24
3397.0,37
3399.0,41
3401.0,29
3403.0,64
3405.0,66
3407.0,67
3409.0,69
3411.0,57
3413.0,59
3415.0,42
3417.0,45
3419.0,30
3421.0,38
3423.0,32
3425.0,28
3427.0,26
3429.0,34
3431.0,32
3433.0,36
3435.0,48
3437.0,54
3439.0,39
3441.0,44
3443.0,51
3445.0,61
3447.0,70
3449.0,61
3451.0,65
3453.0,42
3455.0,53
3457.0,43
3459.0,54
3461.0,30
3463.0,33
3465.0,35
3467.0,30
3469.0,35
3471.0,30
3473.0,25
3475.0,31
3477.0,37
3479.0,44
3481.0,58
3483.0,56
3485.0,62
3487.0,61
3489.0,67
3491.0,59
3493.0,58
3495.0,33
3497.0,32
3499.0,26
3501.0,21
3503.0,25
3505.0,40
3507.0,42
3509.0,42
3511.0,41
3513.0,46
3515.0,46
3517.0,60
3519.0,54
3521.0,37
3523.0,44
3525.0,42
3527.0,35
3529.0,38
3531.0,34
3533.0,38
3535.0,33
3537.0,31
3539.0,19
3541.0,31
3543.0,26
3545.0,38
3547.0,36
3549.0,36
3551.0,36
3553.0,30
3555.0,33
3557.0,39
3559.0,26
3561.0,43
3563.0,50
3565.0,36
3567.0,36
3569.0,35
3571.0,47
3573.0,28
3575.0,25
3577.0,35
3579.0,42
3581.0,45
3583.0,40
3585.0,41
3587.0,52
3589.0,49
3591.0,33
3593.0,45
3595.0,58
3597.0,47
3599.0,49
3601.0,62
3603.0,58
3605.0,45
3607.0,39
3609.0,47
3611.0,29
3613.0,25
3615.0,25
3617.0,17
3619.0,17
3621.0,22
3623.0,17
3625.0,28
3627.0,36
3629.0,49
3631.0,52
3633.0,50
3635.0,58
3637.0,59
3639.0,41
3641.0,43
3643.0,36
3645.0,38
3647.0,23
3649.0,26
3651.0,26
3653.0,21
3655.0,20
3657.0,21
3659.0,24
3661.0,28
3663.0,22
3665.0,29
3667.0,34
3669.0,27
3671.0,27
3673.0,43
3675.0,49
3677.0,52
3679.0,56
3681.0,50
3683.0,47
3685.0,45
3687.0,41
3689.0,45
3691.0,41
3693.0,36
3695.0,35
3697.0,30
3699.0,26
3701.0,19
3703.0,24
3705.0,26
3707.0,21
3709.0,33
3711.0,20
3713.0,22
3715.0,18
3717.0,23
3719.0,33
3721.0,29
3723.0,25
3725.0,24
3727.0,27
3729.0,18
3731.0,21
3733.0,16
3735.0,18
3737.0,17
3739.0,23
3741.0,33
3743.0,24
3745.0,27
3747.0,26
3749.0,23
3751.0,26
3753.0,21
3755.0,36
3757.0,19
3759.0,33
3761.0,24
3763.0,28
3765.0,33
3767.0,22
3769.0,35
3771.0,19
3773.0,10
3775.0,20
3777.0,13
3779.0,16
3781.0,16
3783.0,19
3785.0,19
3787.0,21
3789.0,23
3791.0,15
3793.0,29
3795.0,29
3797.0,23
3799.0,18
3801.0,23
3803.0,30
3805.0,26
3807.0,29
3809.0,22
3811.0,23
3813.0,25
3815.0,14
3817.0,20
3819.0,14
3821.0,11
3823.0,15
3825.0,17
3827.0,12
3829.0,23
3831.0,22
3833.0,25
3835.0,21
3837.0,29
3839.0,29
3841.0,16
3843.0,28
3845.0,25
3847.0,14
3849.0,25
3851.0,22
3853.0,14
3855.0,16
3857.0,20
3859.0,19
3861.0,17
3863.0,22
3865.0,12
3867.0,11
3869.0,15
3871.0,11
3873.0,14
3875.0,16
3877.0,11
3879.0,16
3881.0,14
3883.0,16
3885.0,21
3887.0,8
3889.0,22
3891.0,15
3893.0,7
3895.0,23
3897.0,18
3899.0,28
3901.0,30
3903.0,32
3905.0,19
3907.0,11
3909.0,15
3911.0,17
3913.0,5
3915.0,13
3917.0,14
3919.0,16
3921.0,16
3923.0,21
3925.0,18
3927.0,18
3929.0,10
3931.0,17
3933.0,15
3935.0,13
3937.0,11
3939.0,15
3941.0,12
3943.0,23
3945.0,18
3947.0,13
3949.0,14
3951.0,17
3953.0,17
3955.0,13
3957.0,16
3959.0,19
3961.0,19
3963.0,30
3965.0,29
3967.0,19
3969.0,23
3971.0,20
3973.0,12
3975.0,13
3977.0,15
3979.0,17
3981.0,6
3983.0,17
3985.0,6
3987.0,5
3989.0,5
3991.0,6
3993.0,12
3995.0,16
3997.0,9
3999.0,11
4001.0,16
4003.0,16
4005.0,15
4007.0,7
4009.0,5
4011.0,10
4013.0,9
4015.0,6
4017.0,7
4019.0,4
4021.0,17
4023.0,14
4025.0,17
4027.0,11
4029.0,16
4031.0,9
4033.0,11
4035.0,10
4037.0,9
4039.0,14
4041.0,15
4043.0,16
4045.0,11
4047.0,10
4049.0,19
4051.0,11
4053.0,12
4055.0,11
4057.0,11
4059.0,7
4061.0,5
4063.0,13
4065.0,17
4067.0,14
4069.0,14
4071.0,9
4073.0,12
4075.0,2
4077.0,7
4079.0,10
4081.0,12
4083.0,19
4085.0,14
4087.0,19
4089.0,9
4091.0,9
4093.0,4
4095.0,5
4097.0,11
4099.0,2
4101.0,9
4103.0,9
4105.0,12
4107.0,11
4109.0,13
4111.0,5
4113.0,13
4115.0,8
4117.0,12
4119.0,19
4121.0,19
4123.0,15
4125.0,16
4127.0,15
4129.0,16
4131.0,16
4133.0,13
4135.0,14
4137.0,15
4139.0,16
4141.0,21
4143.0,12
4145.0,12
4147.0,8
4149.0,9
4151.0,12
4153.0,12
4155.0,7
4157.0,12
4159.0,13
4161.0,13
4163.0,9
4165.0,11
4167.0,11
4169.0,5
4171.0,8
4173.0,9
4175.0,6
4177.0,11
4179.0,7
4181.0,15
4183.0,11
4185.0,8
4187.0,6
4189.0,11
4191.0,6
4193.0,6
4195.0,8
4197.0,9
4199.0,10
4201.0,15
4203.0,6
4205.0,11
4207.0,11
4209.0,16
4211.0,17
4213.0,23
4215.0,18
4217.0,18
4219.0,17
4221.0,19
4223.0,12
4225.0,12
4227.0,14
4229.0,9
4231.0,13
4233.0,11
4235.0,10
4237.0,15
4239.0,8
4241.0,10
4243.0,6
4245.0,11
4247.0,8
4249.0,8
4251.0,10
4253.0,22
4255.0,21
4257.0,14
4259.0,15
4261.0,11
4263.0,9
4265.0,6
4267.0,7
4269.0,7
4271.0,12
4273.0,21
4275.0,12
4277.0,18
4279.0,15
4281.0,12
4283.0,10
4285.0,9
4287.0,3
4289.0,6
4291.0,9
4293.0,19
4295.0,24
4297.0,34
4299.0,22
4301.0,19
4303.0,13
4305.0,6
4307.0,6
4309.0,9
4311.0,11
4313.0,9
4315.0,11
4317.0,16
4319.0,27
4321.0,15
4323.0,13
4325.0,9
4327.0,13
4329.0,9
4331.0,9
4333.0,13
4335.0,8
4337.0,13
4339.0,8
4341.0,13
4343.0,22
4345.0,22
4347.0,25
4349.0,14
4351.0,12
4353.0,11
4355.0,16
4357.0,11
4359.0,11
4361.0,13
4363.0,14
4365.0,16
4367.0,13
4369.0,14
4371.0,8
4373.0,19
4375.0,15
4377.0,9
4379.0,15
4381.0,8
4383.0,9
4385.0,12
4387.0,16
4389.0,14
4391.0,12
4393.0,19
4395.0,15
4397.0,9
4399.0,14
4401.0,14
4403.0,15
4405.0,19
4407.0,13
4409.0,12
4411.0,26
4413.0,26
4415.0,33
4417.0,15
4419.0,10
4421.0,16
4423.0,14
4425.0,11
4427.0,15
4429.0,8
4431.0,7
4433.0,6
4435.0,9
4437.0,9
4439.0,7
4441.0,5
4443.0,5
4445.0,8
4447.0,7
4449.0,4
4451.0,7
4453.0,5
4455.0,4
4457.0,8
4459.0,12
4461.0,10
4463.0,12
4465.0,25
4467.0,23
4469.0,25
4471.0,28
4473.0,25
4475.0,22
4477.0,10
4479.0,6
4481.0,3
4483.0,4
4485.0,8
4487.0,8
4489.0,8
4491.0,10
4493.0,19
4495.0,4
4497.0,13
4499.0,13
4501.0,12
4503.0,17
4505.0,10
4507.0,9
4509.0,18
4511.0,12
4513.0,10
4515.0,8
4517.0,20
4519.0,10
4521.0,14
4523.0,5
4525.0,13
4527.0,10
4529.0,6
4531.0,7
4533.0,13
4535.0,4
4537.0,6
4539.0,1
4541.0,7
4543.0,9
4545.0,8
4547.0,19
4549.0,10
4551.0,16
4553.0,13
4555.0,8
4557.0,7
4559.0,13
4561.0,16
4563.0,16
4565.0,24
4567.0,20
4569.0,24
4571.0,20
4573.0,19
4575.0,20
4577.0,9
4579.0,15
4581.0,9
4583.0,7
4585.0,13
4587.0,6
4589.0,14
4591.0,10
4593.0,15
4595.0,10
4597.0,5
4599.0,10
4601.0,7
4603.0,7
4605.0,5
4607.0,11
4609.0,23
4611.0,17
4613.0,13
4615.0,14
4617.0,6
4619.0,5
4621.0,7
4623.0,7
4625.0,11
4627.0,9
4629.0,4
4631.0,6
4633.0,3
4635.0,9
4637.0,10
4639.0,13
4641.0,6
4643.0,12
4645.0,7
4647.0,10
4649.0,4
4651.0,11
4653.0,9
4655.0,11
4657.0,18
4659.0,16
4661.0,20
4663.0,18
4665.0,7
4667.0,8
4669.0,8
4671.0,7
4673.0,4
4675.0,3
4677.0,4
4679.0,6
4681.0,4
4683.0,11
4685.0,4
4687.0,9
4689.0,14
4691.0,7
4693.0,8
4695.0,10
4697.0,5
4699.0,14
4701.0,9
4703.0,2
4705.0,7
4707.0,7
4709.0,6
4711.0,5
4713.0,8
4715.0,8
4717.0,7
4719.0,6
4721.0,7
4723.0,4
4725.0,9
4727.0,5
4729.0,7
4731.0,6
4733.0,7
4735.0,7
4737.0,2
4739.0,8
4741.0,9
4743.0,1
4745.0,8
4747.0,7
4749.0,6
4751.0,5
4753.0,6
4755.0,7
4757.0,11
4759.0,12
4761.0,11
4763.0,5
4765.0,6
4767.0,11
4769.0,11
4771.0,6
4773.0,9
4775.0,7
4777.0,5
4779.0,4
4781.0,9
4783.0,10
4785.0,13
4787.0,9
4789.0,3
4791.0,4
4793.0,4
4795.0,2
4797.0,5
4799.0,5
4801.0,4
4803.0,4
4805.0,2
4807.0,8
4809.0,2
4811.0,10
4813.0,5
4815.0,9
4817.0,4
4819.0,5
4821.0,7
4823.0,8
4825.0,6
4827.0,14
4829.0,5
4831.0,4
4833.0,5
4835.0,13
4837.0,7
4839.0,9
4841.0,10
4843.0,11
4845.0,9
4847.0,10
4849.0,14
4851.0,4
4853.0,8
4855.0,11
4857.0,8
4859.0,4
4861.0,5
4863.0,8
4865.0,3
4867.0,5
4869.0,6
4871.0,4
4873.0,1
4875.0,6
4877.0,7
4879.0,2
4881.0,5
4883.0,4
4885.0,7
4887.0,7
4889.0,10
4891.0,11
4893.0,17
4895.0,14
4897.0,12
4899.0,7
4901.0,10
4903.0,9
4905.0,5
4907.0,5
4909.0,9
4911.0,8
4913.0,3
4915.0,8
4917.0,5
4919.0,11
4921.0,7
4923.0,9
4925.0,5
4927.0,5
4929.0,10
4931.0,6
4933.0,5
4935.0,8
4937.0,8
4939.0,10
4941.0,5
4943.0,9
4945.0,8
4947.0,5
4949.0,4
4951.0,4
4953.0,7
4955.0,7
4957.0,9
4959.0,10
4961.0,12
4963.0,12
4965.0,9
4967.0,13
4969.0,19
4971.0,17
4973.0,12
4975.0,10
4977.0,8
4979.0,7
4981.0,8
4983.0,8
4985.0,10
4987.0,9
4989.0,5
4991.0,7
4993.0,3
4995.0,8
4997.0,12
4999.0,6
5001.0,10
5003.0,7
5005.0,12
5007.0,5
5009.0,7
5011.0,7
5013.0,5
5015.0,8
5017.0,6
5019.0,8
5021.0,9
5023.0,6
5025.0,6
5027.0,9
5029.0,8
5031.0,5
5033.0,9
5035.0,9
5037.0,7
5039.0,7
5041.0,11
5043.0,5
5045.0,8
5047.0,8
5049.0,3
5051.0,8
5053.0,9
5055.0,8
5057.0,4
5059.0,8
5061.0,5
5063.0,7
5065.0,9
5067.0,2
5069.0,9
5071.0,10
5073.0,4
5075.0,7
5077.0,5
5079.0,8
5081.0,7
5083.0,9
5085.0,13
5087.0,12
5089.0,10
5091.0,15
5093.0,11
5095.0,3
5097.0,6
5099.0,3
5101.0,8
5103.0,4
5105.0,4
5107.0,1
5109.0,4
5111.0,7
5113.0,8
5115.0,7
5117.0,8
5119.0,11
5121.0,11
5123.0,6
5125.0,6
5127.0,6
5129.0,9
5131.0,5
5133.0,7
5135.0,6
5137.0,6
5139.0,7
5141.0,3
5143.0,3
5145.0,8
5147.0,8
5149.0,5
5151.0,8
5153.0,5
5155.0,3
5157.0,6
5159.0,8
5161.0,11
5163.0,9
5165.0,6
5167.0,7
5169.0,5
5171.0,7
5173.0,5
5175.0,4
5177.0,4
5179.0,4
5181.0,6
5183.0,6
5185.0,9
5187.0,14
5189.0,12
5191.0,12
5193.0,6
5195.0,11
5197.0,7
5199.0,4
5201.0,3
5203.0,8
5205.0,3
5207.0,7
5209.0,2
5211.0,5
5213.0,5
5215.0,6
5217.0,6
5219.0,6
5221.0,5
5223.0,8
5225.0,11
5227.0,0
5229.0,13
5231.0,5
5233.0,7
5235.0,2
5237.0,9
5239.0,2
5241.0,7
5243.0,3
5245.0,4
5247.0,6
5249.0,7
5251.0,12
5253.0,6
5255.0,11
5257.0,8
5259.0,10
5261.0,6
5263.0,8
5265.0,9
5267.0,8
5269.0,7
5271.0,10
5273.0,7
5275.0,5
5277.0,5
5279.0,5
5281.0,6
5283.0,6
5285.0,5
5287.0,4
5289.0,3
5291.0,6
5293.0,6
5295.0,8
5297.0,2
5299.0,4
5301.0,6
5303.0,2
5305.0,8
5307.0,13
5309.0,6
5311.0,5
5313.0,10
5315.0,6
5317.0,9
5319.0,7
5321.0,8
5323.0,8
5325.0,5
5327.0,4
5329.0,6
5331.0,8
5333.0,7
5335.0,5
5337.0,6
5339.0,3
5341.0,7
5343.0,4
5345.0,4
5347.0,7
5349.0,4
5351.0,7
5353.0,15
5355.0,7
5357.0,7
5359.0,5
5361.0,12
5363.0,6
5365.0,5
5367.0,3
5369.0,6
5371.0,6
5373.0,6
5375.0,5
5377.0,4
5379.0,5
5381.0,3
5383.0,1
5385.0,3
5387.0,3
5389.0,2
5391.0,6
5393.0,5
5395.0,5
5397.0,6
5399.0,6
5401.0,14
5403.0,8
5405.0,5
5407.0,11
5409.0,5
5411.0,10
5413.0,5
5415.0,5
5417.0,5
5419.0,4
5421.0,15
5423.0,7
5425.0,4
5427.0,7
5429.0,5
5431.0,5
5433.0,5
5435.0,2
5437.0,4
5439.0,9
5441.0,2
5443.0,6
5445.0,9
5447.0,6
5449.0,3
5451.0,5
5453.0,9
5455.0,6
5457.0,4
5459.0,8
5461.0,2
5463.0,4
5465.0,3
5467.0,3
5469.0,5
5471.0,1
5473.0,4
5475.0,7
5477.0,5
5479.0,6
5481.0,4
5483.0,4
5485.0,5
5487.0,7
5489.0,6
5491.0,7
5493.0,2
5495.0,1
5497.0,4
5499.0,2
5501.0,11
5503.0,7
5505.0,10
5507.0,3
5509.0,7
5511.0,8
5513.0,6
5515.0,7
5517.0,11
5519.0,12
5521.0,12
5523.0,8
5525.0,8
5527.0,7
5529.0,8
5531.0,9
5533.0,8
5535.0,4
5537.0,7
5539.0,6
5541.0,5
5543.0,4
5545.0,8
5547.0,4
5549.0,4
5551.0,11
5553.0,10
5555.0,11
5557.0,8
5559.0,9
5561.0,10
5563.0,9
5565.0,5
5567.0,4
5569.0,5
5571.0,4
5573.0,3
5575.0,5
5577.0,3
5579.0,3
5581.0,5
5583.0,6
5585.0,4
5587.0,7
5589.0,5
5591.0,6
5593.0,7
5595.0,7
5597.0,6
5599.0,2
5601.0,6
5603.0,5
5605.0,5
5607.0,2
5609.0,8
5611.0,1
5613.0,5
5615.0,9
5617.0,3
5619.0,5
5621.0,2
5623.0,6
5625.0,5
5627.0,5
5629.0,9
5631.0,10
5633.0,3
5635.0,6
5637.0,12
5639.0,9
5641.0,9
5643.0,6
5645.0,7
5647.0,4
5649.0,5
5651.0,4
5653.0,8
5655.0,6
5657.0,7
5659.0,7
5661.0,5
5663.0,2
5665.0,5
5667.0,6
5669.0,8
5671.0,4
5673.0,4
5675.0,2
5677.0,8
5679.0,5
5681.0,1
5683.0,4
5685.0,4
5687.0,3
5689.0,3
5691.0,7
5693.0,4
5695.0,8
5697.0,5
5699.0,2
5701.0,2
5703.0,4
5705.0,3
5707.0,4
5709.0,3
5711.0,5
5713.0,7
5715.0,10
5717.0,11
5719.0,11
5721.0,12
5723.0,9
5725.0,15
5727.0,5
5729.0,4
5731.0,0
5733.0,2
5735.0,3
5737.0,4
5739.0,4
5741.0,2
5743.0,6
5745.0,5
5747.0,7
5749.0,4
5751.0,7
5753.0,4
5755.0,6
5757.0,5
5759.0,4
5761.0,4
5763.0,5
5765.0,4
5767.0,5
5769.0,7
5771.0,3
5773.0,9
5775.0,10
5777.0,9
5779.0,6
5781.0,6
5783.0,5
5785.0,1
5787.0,7
5789.0,5
5791.0,5
5793.0,4
5795.0,5
5797.0,10
5799.0,6
5801.0,4
5803.0,2
5805.0,5
5807.0,3
5809.0,4
5811.0,5
5813.0,9
5815.0,4
5817.0,1
5819.0,8
5821.0,4
5823.0,1
5825.0,3
5827.0,3
5829.0,1
5831.0,3
5833.0,3
5835.0,3
5837.0,4
5839.0,5
5841.0,6
5843.0,4
5845.0,9
5847.0,10
5849.0,4
5851.0,3
5853.0,3
5855.0,5
5857.0,3
5859.0,7
5861.0,2
5863.0,0
5865.0,5
5867.0,5
5869.0,7
5871.0,1
5873.0,2
5875.0,7
5877.0,5
5879.0,1
5881.0,4
5883.0,5
5885.0,3
5887.0,3
5889.0,3
5891.0,6
5893.0,0
5895.0,6
5897.0,3
5899.0,3
5901.0,2
5903.0,3
5905.0,1
5907.0,6
5909.0,1
5911.0,7
5913.0,3
5915.0,4
5917.0,8
5919.0,7
5921.0,6
5923.0,8
5925.0,6
5927.0,5
5929.0,4
5931.0,7
5933.0,5
5935.0,4
5937.0,4
5939.0,2
5941.0,1
5943.0,3
5945.0,4
5947.0,8
5949.0,4
5951.0,4
5953.0,9
5955.0,0
5957.0,5
5959.0,3
5961.0,2
5963.0,4
5965.0,4
5967.0,5
5969.0,6
5971.0,4
5973.0,3
5975.0,2
5977.0,5
5979.0,1
5981.0,3
5983.0,2
5985.0,3
5987.0,4
5989.0,2
5991.0,4
5993.0,5
5995.0,4
5997.0,3
5999.0,4
6001.0,5
6003.0,4
6005.0,4
6007.0,4
6009.0,6
6011.0,6
6013.0,3
6015.0,2
6017.0,1
6019.0,1
6021.0,3
6023.0,1
6025.0,2
6027.0,3
6029.0,2
6031.0,3
6033.0,0
6035.0,3
6037.0,3
6039.0,6
6041.0,6
6043.0,3
6045.0,4
6047.0,2
6049.0,3
6051.0,3
6053.0,4
6055.0,3
6057.0,1
6059.0,2
6061.0,4
6063.0,3
6065.0,0
6067.0,7
6069.0,2
6071.0,4
6073.0,6
6075.0,3
6077.0,3
6079.0,1
6081.0,5
6083.0,4
6085.0,5
6087.0,6
6089.0,3
6091.0,5
6093.0,3
6095.0,2
6097.0,5
6099.0,10
6101.0,2
6103.0,4
6105.0,3
6107.0,7
6109.0,5
6111.0,4
6113.0,0
6115.0,4
6117.0,3
6119.0,4
6121.0,4
6123.0,3
6125.0,2
6127.0,5
6129.0,1
6131.0,4
6133.0,2
6135.0,3
6137.0,0
6139.0,4
6141.0,1
6143.0,5
6145.0,1
6147.0,1
6149.0,4
6151.0,4
6153.0,5
6155.0,2
6157.0,3
6159.0,2
6161.0,3
6163.0,6
6165.0,6
6167.0,7
6169.0,9
6171.0,6
6173.0,3
6175.0,2
6177.0,2
6179.0,1
6181.0,4
6183.0,3
6185.0,5
6187.0,0
6189.0,3
6191.0,1
6193.0,1
6195.0,2
6197.0,2
6199.0,2
6201.0,3
6203.0,1
6205.0,5
6207.0,5
6209.0,5
6211.0,2
6213.0,6
6215.0,3
6217.0,5
6219.0,1
6221.0,4
6223.0,3
6225.0,1
6227.0,2
6229.0,4
6231.0,4
6233.0,1
6235.0,1
6237.0,6
6239.0,3
6241.0,3
6243.0,4
6245.0,2
6247.0,10
6249.0,7
6251.0,6
6253.0,3
6255.0,3
6257.0,6
6259.0,3
6261.0,2
6263.0,4
6265.0,4
6267.0,4
6269.0,6
6271.0,4
6273.0,5
6275.0,3
6277.0,7
6279.0,1
6281.0,7
6283.0,3
6285.0,3
6287.0,4
6289.0,1
6291.0,1
6293.0,2
6295.0,4
6297.0,2
6299.0,3
6301.0,3
6303.0,4
6305.0,3
6307.0,6
6309.0,2
6311.0,4
6313.0,2
6315.0,4
6317.0,1
6319.0,5
6321.0,2
6323.0,3
6325.0,1
6327.0,1
6329.0,8
6331.0,5
6333.0,1
6335.0,4
6337.0,1
6339.0,3
6341.0,1
6343.0,6
6345.0,5
6347.0,7
6349.0,1
6351.0,2
6353.0,11
6355.0,1
6357.0,2
6359.0,2
6361.0,2
6363.0,4
6365.0,3
6367.0,4
6369.0,3
6371.0,1
6373.0,4
6375.0,3
6377.0,4
6379.0,3
6381.0,2
6383.0,1
6385.0,1
6387.0,3
6389.0,2
6391.0,1
6393.0,3
6395.0,0
6397.0,2
6399.0,7
6401.0,5
6403.0,3
6405.0,3
6407.0,1
6409.0,2
6411.0,1
6413.0,4
6415.0,2
6417.0,3
6419.0,8
6421.0,2
6423.0,2
6425.0,4
6427.0,6
6429.0,6
6431.0,5
6433.0,3
6435.0,5
6437.0,3
6439.0,4
6441.0,1
6443.0,3
6445.0,5
6447.0,4
6449.0,2
6451.0,4
6453.0,4
6455.0,6
6457.0,2
6459.0,2
6461.0,4
6463.0,6
6465.0,6
6467.0,3
6469.0,2
6471.0,7
6473.0,4
6475.0,4
6477.0,3
6479.0,4
6481.0,3
6483.0,1
6485.0,1
6487.0,1
6489.0,0
6491.0,0
6493.0,1
6495.0,3
6497.0,1
6499.0,3
6501.0,0
6503.0,5
6505.0,1
6507.0,4
6509.0,2
6511.0,0
6513.0,1
6515.0,1
6517.0,1
6519.0,1
6521.0,1
6523.0,2
6525.0,1
6527.0,4
6529.0,1
6531.0,3
6533.0,3
6535.0,2
6537.0,1
6539.0,3
6541.0,4
6543.0,0
6545.0,3
6547.0,2
6549.0,3
6551.0,3
6553.0,2
6555.0,2
6557.0,2
6559.0,4
6561.0,3
6563.0,1
6565.0,6
6567.0,3
6569.0,1
6571.0,2
6573.0,4
6575.0,1
6577.0,1
6579.0,2
6581.0,1
6583.0,6
6585.0,1
6587.0,1
6589.0,7
6591.0,2
6593.0,2
6595.0,4
6597.0,2
6599.0,3
6601.0,1
6603.0,6
6605.0,2
6607.0,2
6609.0,0
6611.0,1
6613.0,3
6615.0,3
6617.0,2
6619.0,0
6621.0,2
6623.0,6
6625.0,1
6627.0,1
6629.0,0
6631.0,1
6633.0,0
6635.0,3
6637.0,1
6639.0,1
6641.0,3
6643.0,7
6645.0,4
6647.0,1
6649.0,3
6651.0,1
6653.0,0
6655.0,3
6657.0,1
6659.0,3
6661.0,2
6663.0,5
6665.0,2
6667.0,2
6669.0,3
6671.0,3
6673.0,3
6675.0,2
6677.0,2
6679.0,1
6681.0,3
6683.0,2
6685.0,2
6687.0,3
6689.0,1
6691.0,0
6693.0,1
6695.0,1
6697.0,4
6699.0,3
6701.0,5
6703.0,2
6705.0,4
6707.0,3
6709.0,2
6711.0,2
6713.0,0
6715.0,2
6717.0,2
6719.0,4
6721.0,1
6723.0,2
6725.0,2
6727.0,0
6729.0,3
6731.0,3
6733.0,1
6735.0,1
6737.0,1
6739.0,1
6741.0,3
6743.0,2
6745.0,0
6747.0,2
6749.0,1
6751.0,4
6753.0,2
6755.0,2
6757.0,2
6759.0,2
6761.0,0
6763.0,3
6765.0,2
6767.0,1
6769.0,3
6771.0,2
6773.0,1
6775.0,6
6777.0,0
6779.0,2
6781.0,2
6783.0,2
6785.0,5
6787.0,4
6789.0,1
6791.0,1
6793.0,0
6795.0,2
6797.0,1
6799.0,1
6801.0,2
6803.0,2
6805.0,3
6807.0,2
6809.0,3
6811.0,3
6813.0,2
6815.0,3
6817.0,2
6819.0,2
6821.0,3
6823.0,1
6825.0,0
6827.0,0
6829.0,0
6831.0,0
6833.0,0
6835.0,2
6837.0,2
6839.0,4
6841.0,1
6843.0,3
6845.0,4
6847.0,2
6849.0,1
6851.0,0
6853.0,3
6855.0,1
6857.0,0
6859.0,0
6861.0,7
6863.0,2
6865.0,1
6867.0,1
6869.0,1
6871.0,0
6873.0,1
6875.0,4
6877.0,2
6879.0,2
6881.0,1
6883.0,1
6885.0,6
6887.0,2
6889.0,0
6891.0,0
6893.0,1
6895.0,0
6897.0,1
6899.0,1
6901.0,2
6903.0,2
6905.0,2
6907.0,3
6909.0,0
6911.0,3
6913.0,1
6915.0,2
6917.0,1
6919.0,0
6921.0,1
6923.0,1
6925.0,2
6927.0,2
6929.0,2
6931.0,0
6933.0,3
6935.0,2
6937.0,2
6939.0,1
6941.0,4
6943.0,3
6945.0,2
6947.0,1
6949.0,2
6951.0,0
6953.0,1
6955.0,2
6957.0,4
6959.0,2
6961.0,0
6963.0,2
6965.0,1
6967.0,2
6969.0,2
6971.0,1
6973.0,3
6975.0,0
6977.0,0
6979.0,0
6981.0,1
6983.0,3
6985.0,3
6987.0,1
6989.0,0
6991.0,2
6993.0,3
6995.0,2
6997.0,2
6999.0,2
7001.0,1
7003.0,1
7005.0,0
7007.0,0
7009.0,1
7011.0,4
7013.0,1
7015.0,3
7017.0,4
7019.0,1
7021.0,3
7023.0,0
7025.0,0
7027.0,2
7029.0,0
7031.0,0
7033.0,3
7035.0,1
7037.0,3
7039.0,0
7041.0,0
7043.0,1
7045.0,2
7047.0,0
7049.0,1
7051.0,4
7053.0,0
7055.0,2
7057.0,2
7059.0,1
7061.0,5
7063.0,3
7065.0,1
7067.0,2
7069.0,2
7071.0,2
7073.0,1
7075.0,1
7077.0,2
7079.0,2
7081.0,2
7083.0,2
7085.0,2
7087.0,0
7089.0,1
7091.0,2
7093.0,1
7095.0,1
7097.0,2
7099.0,2
7101.0,3
7103.0,1
7105.0,4
7107.0,4
7109.0,2
7111.0,2
7113.0,0
7115.0,2
7117.0,0
7119.0,0
7121.0,3
7123.0,1
7125.0,3
7127.0,0
7129.0,3
7131.0,1
7133.0,2
7135.0,1
7137.0,2
7139.0,1
7141.0,0
7143.0,2
7145.0,0
7147.0,3
7149.0,3
7151.0,1
7153.0,1
7155.0,1
7157.0,2
7159.0,3
7161.0,2
7163.0,4
7165.0,1
7167.0,3
7169.0,2
7171.0,1
7173.0,3
7175.0,1
7177.0,2
7179.0,3
7181.0,2
7183.0,1
7185.0,0
7187.0,3
7189.0,0
7191.0,3
7193.0,1
7195.0,2
7197.0,3
7199.0,2
7201.0,1
7203.0,2
7205.0,0
7207.0,2
7209.0,0
7211.0,3
7213.0,2
7215.0,1
7217.0,4
7219.0,1
7221.0,0
7223.0,0
7225.0,0
7227.0,1
7229.0,2
7231.0,0
7233.0,5
7235.0,0
7237.0,2
7239.0,3
7241.0,2
7243.0,0
7245.0,0
7247.0,1
7249.0,1
7251.0,0
7253.0,1
7255.0,2
7257.0,0
7259.0,0
7261.0,0
7263.0,2
7265.0,3
7267.0,1
7269.0,2
7271.0,0
7273.0,0
7275.0,2
7277.0,1
7279.0,1
7281.0,1
7283.0,1
7285.0,0
7287.0,1
7289.0,1
7291.0,1
7293.0,3
7295.0,0
7297.0,2
7299.0,3
7301.0,2
7303.0,0
7305.0,0
7307.0,1
7309.0,2
7311.0,1
7313.0,1
7315.0,0
7317.0,1
7319.0,1
7321.0,5
7323.0,1
7325.0,4
7327.0,0
7329.0,1
7331.0,1
7333.0,1
7335.0,4
7337.0,1
7339.0,1
7341.0,4
7343.0,1
7345.0,2
7347.0,2
7349.0,3
7351.0,3
7353.0,0
7355.0,3
7357.0,2
7359.0,2
7361.0,0
7363.0,0
7365.0,1
7367.0,0
7369.0,1
7371.0,0
7373.0,3
7375.0,0
7377.0,0
7379.0,0
7381.0,0
7383.0,0
7385.0,1
7387.0,2
7389.0,3
7391.0,1
7393.0,2
7395.0,0
7397.0,0
7399.0,0
7401.0,2
7403.0,1
7405.0,2
7407.0,1
7409.0,1
7411.0,1
7413.0,0
7415.0,0
7417.0,2
7419.0,2
7421.0,1
7423.0,3
7425.0,3
7427.0,2
7429.0,1
7431.0,2
7433.0,0
7435.0,3
7437.0,3
7439.0,1
7441.0,0
7443.0,0
7445.0,1
7447.0,4
7449.0,0
7451.0,0
7453.0,1
7455.0,1
7457.0,0
7459.0,0
7461.0,2
7463.0,1
7465.0,1
7467.0,2
7469.0,1
7471.0,4
7473.0,3
7475.0,2
7477.0,1
7479.0,1
7481.0,1
7483.0,1
7485.0,2
7487.0,0
7489.0,0
7491.0,2
7493.0,3
7495.0,5
7497.0,1
7499.0,1
7501.0,0
7503.0,1
7505.0,3
7507.0,2
7509.0,3
7511.0,1
7513.0,0
7515.0,4
7517.0,2
7519.0,2
7521.0,1
7523.0,0
7525.0,0
7527.0,0
7529.0,1
7531.0,0
7533.0,0
7535.0,1
7537.0,2
7539.0,0
7541.0,1
7543.0,4
7545.0,2
7547.0,1
7549.0,0
7551.0,1
7553.0,2
7555.0,0
7557.0,3
7559.0,0
7561.0,0
7563.0,0
7565.0,0
7567.0,1
7569.0,3
7571.0,2
7573.0,2
7575.0,0
7577.0,0
7579.0,4
7581.0,0
7583.0,1
7585.0,3
7587.0,1
7589.0,1
7591.0,2
7593.0,2
7595.0,0
7597.0,1
7599.0,0
7601.0,1
7603.0,1
7605.0,0
7607.0,0
7609.0,0
7611.0,2
7613.0,1
7615.0,3
7617.0,1
7619.0,1
7621.0,0
7623.0,0
7625.0,1
7627.0,1
7629.0,0
7631.0,0
7633.0,1
7635.0,1
7637.0,0
7639.0,1
7641.0,1
7643.0,1
7645.0,3
7647.0,4
7649.0,1
7651.0,0
7653.0,1
7655.0,0
7657.0,0
7659.0,1
7661.0,1
7663.0,0
7665.0,0
7667.0,0
7669.0,0
7671.0,1
7673.0,1
7675.0,0
7677.0,0
7679.0,1
7681.0,0
7683.0,0
7685.0,2
7687.0,0
7689.0,0
7691.0,3
7693.0,2
7695.0,0
7697.0,1
7699.0,0
7701.0,1
7703.0,3
7705.0,0
7707.0,1
7709.0,1
7711.0,0
7713.0,0
7715.0,2
7717.0,2
7719.0,0
7721.0,1
7723.0,0
7725.0,2
7727.0,1
7729.0,2
7731.0,3
7733.0,1
7735.0,2
7737.0,1
7739.0,0
7741.0,1
7743.0,0
7745.0,0
7747.0,1
7749.0,3
7751.0,2
7753.0,0
7755.0,3
7757.0,2
7759.0,0
7761.0,2
7763.0,2
7765.0,2
7767.0,0
7769.0,0
7771.0,2
7773.0,0
7775.0,0
7777.0,0
7779.0,0
7781.0,2
7783.0,3
7785.0,0
7787.0,1
7789.0,0
7791.0,2
7793.0,0
7795.0,0
7797.0,1
7799.0,0
7801.0,0
7803.0,1
7805.0,2
7807.0,1
7809.0,2
7811.0,2
7813.0,0
7815.0,3
7817.0,1
7819.0,1
7821.0,0
7823.0,1
7825.0,0
7827.0,0
7829.0,0
7831.0,2
7833.0,3
7835.0,0
7837.0,0
7839.0,1
7841.0,0
7843.0,0
7845.0,2
7847.0,1
7849.0,0
7851.0,1
7853.0,0
7855.0,0
7857.0,1
7859.0,1
7861.0,1
7863.0,0
7865.0,1
7867.0,2
7869.0,0
7871.0,3
7873.0,2
7875.0,1
7877.0,1
7879.0,0
7881.0,0
7883.0,2
7885.0,1
7887.0,3
7889.0,0
7891.0,0
7893.0,1
7895.0,1
7897.0,1
7899.0,0
7901.0,1
7903.0,0
7905.0,1
7907.0,3
7909.0,0
7911.0,2
7913.0,4
7915.0,1
7917.0,2
7919.0,1
7921.0,0
7923.0,0
7925.0,1
7927.0,2
7929.0,4
7931.0,1
7933.0,0
7935.0,2
7937.0,0
7939.0,1
7941.0,0
7943.0,1
7945.0,1
7947.0,1
7949.0,1
7951.0,1
7953.0,0
7955.0,0
7957.0,3
7959.0,3
7961.0,1
7963.0,0
7965.0,1
7967.0,1
7969.0,3
7971.0,0
7973.0,1
7975.0,1
7977.0,0
7979.0,1
7981.0,1
7983.0,0
7985.0,0
7987.0,2
7989.0,1
7991.0,3
7993.0,1
7995.0,0
7997.0,2
7999.0,1
8001.0,1
8003.0,0
8005.0,2
8007.0,1
8009.0,2
8011.0,3
8013.0,4
8015.0,1
8017.0,0
8019.0,3
8021.0,0
8023.0,1
8025.0,0
8027.0,6
8029.0,1
8031.0,2
8033.0,3
8035.0,3
8037.0,0
8039.0,2
8041.0,0
8043.0,4
8045.0,5
8047.0,3
8049.0,3
8051.0,1
8053.0,9
8055.0,2
8057.0,4
8059.0,2
8061.0,4
8063.0,3
8065.0,2
8067.0,2
8069.0,2
8071.0,2
8073.0,2
8075.0,4
8077.0,0
8079.0,0
8081.0,3
8083.0,0
8085.0,1
8087.0,0
8089.0,2
8091.0,2
8093.0,0
8095.0,1
8097.0,2
8099.0,1
8101.0,1
8103.0,0
8105.0,1
8107.0,2
8109.0,0
8111.0,1
8113.0,1
8115.0,1
8117.0,1
8119.0,0
8121.0,1
8123.0,2
8125.0,0
8127.0,1
8129.0,2
8131.0,3
8133.0,2
8135.0,0
8137.0,4
8139.0,1
8141.0,0
8143.0,0
8145.0,2
8147.0,1
8149.0,2
8151.0,1
8153.0,0
8155.0,2
8157.0,0
8159.0,1
8161.0,1
8163.0,0
8165.0,0
8167.0,0
8169.0,0
8171.0,0
8173.0,2
8175.0,1
8177.0,1
8179.0,1
8181.0,1
8183.0,1
8185.0,2
8187.0,0
8189.0,1
8191.0,2
8193.0,2
8195.0,2
8197.0,1
8199.0,1
8201.0,0
8203.0,2
8205.0,1
8207.0,0
8209.0,1
8211.0,1
8213.0,0
8215.0,0
8217.0,0
8219.0,0
8221.0,2
8223.0,2
8225.0,1
8227.0,1
8229.0,0
8231.0,3
8233.0,2
8235.0,0
8237.0,3
8239.0,2
8241.0,1
8243.0,1
8245.0,0
8247.0,1
8249.0,1
8251.0,2
8253.0,2
8255.0,1
8257.0,3
8259.0,0
8261.0,1
8263.0,2
8265.0,0
8267.0,3
8269.0,0
8271.0,1
8273.0,3
8275.0,1
8277.0,2
8279.0,0
8281.0,2
8283.0,2
8285.0,1
8287.0,3
8289.0,0
8291.0,2
8293.0,0
8295.0,1
8297.0,1
8299.0,1
8301.0,4
8303.0,5
8305.0,3
8307.0,1
8309.0,2
8311.0,4
8313.0,1
8315.0,1
8317.0,2
8319.0,2
8321.0,0
8323.0,1
8325.0,8
8327.0,1
8329.0,4
8331.0,2
8333.0,3
8335.0,2
8337.0,3
8339.0,3
8341.0,2
8343.0,2
8345.0,2
8347.0,2
8349.0,2
8351.0,0
8353.0,1
8355.0,3
8357.0,3
8359.0,3
8361.0,3
8363.0,3
8365.0,0
8367.0,0
8369.0,1
8371.0,2
8373.0,1
8375.0,2
8377.0,3
8379.0,4
8381.0,5
8383.0,4
8385.0,2
8387.0,3
8389.0,1
8391.0,0
8393.0,3
8395.0,1
8397.0,2
8399.0,3
8401.0,0
8403.0,0
8405.0,1
8407.0,5
8409.0,3
8411.0,4
8413.0,3
8415.0,0
8417.0,1
8419.0,4
8421.0,1
8423.0,4
8425.0,4
8427.0,5
8429.0,4
8431.0,5
8433.0,4
8435.0,3
8437.0,3
8439.0,9
8441.0,12
8443.0,3
8445.0,8
8447.0,3
8449.0,6
8451.0,5
8453.0,4
8455.0,3
8457.0,5
8459.0,9
8461.0,9
8463.0,7
8465.0,8
8467.0,8
8469.0,8
8471.0,3
8473.0,6
8475.0,10
8477.0,12
8479.0,6
8481.0,5
8483.0,5
8485.0,13
8487.0,13
8489.0,18
8491.0,8
8493.0,12
8495.0,8
8497.0,11
8499.0,9
8501.0,5
8503.0,5
8505.0,3
8507.0,7
8509.0,2
8511.0,5
8513.0,8
8515.0,3
8517.0,4
8519.0,7
8521.0,5
8523.0,3
8525.0,7
8527.0,9
8529.0,8
8531.0,26
8533.0,50
8535.0,53
8537.0,68
8539.0,79
8541.0,92
8543.0,127
8545.0,119
8547.0,72
8549.0,62
8551.0,34
8553.0,19
8555.0,18
8557.0,14
8559.0,16
8561.0,12
8563.0,10
8565.0,7
8567.0,5
8569.0,3
8571.0,4
8573.0,2
8575.0,7
8577.0,2
8579.0,4
8581.0,1
8583.0,1
8585.0,2
8587.0,2
8589.0,2
8591.0,0
8593.0,3
8595.0,2
8597.0,0
8599.0,0
8601.0,1
8603.0,2
8605.0,0
8607.0,0
8609.0,0
8611.0,2
8613.0,0
8615.0,1
8617.0,1
8619.0,0
8621.0,3
8623.0,0
8625.0,3
8627.0,0
8629.0,0
8631.0,1
8633.0,2
8635.0,2
8637.0,1
8639.0,4
8641.0,1
8643.0,2
8645.0,0
8647.0,0
8649.0,1
8651.0,0
8653.0,6
8655.0,3
8657.0,3
8659.0,2
8661.0,2
8663.0,2
8665.0,3
8667.0,3
8669.0,3
8671.0,3
8673.0,0
8675.0,2
8677.0,5
8679.0,1
8681.0,1
8683.0,10
8685.0,15
8687.0,18
8689.0,24
8691.0,23
8693.0,19
8695.0,10
8697.0,6
8699.0,14
8701.0,7
8703.0,9
8705.0,8
8707.0,9
8709.0,6
8711.0,4
8713.0,5
8715.0,2
8717.0,0
8719.0,3
8721.0,1
8723.0,2
8725.0,1
8727.0,3
8729.0,2
8731.0,0
8733.0,1
8735.0,1
8737.0,1
8739.0,1
8741.0,0
8743.0,0
8745.0,0
8747.0,0
8749.0,3
8751.0,4
8753.0,2
8755.0,0
8757.0,1
8759.0,4
8761.0,5
8763.0,4
8765.0,1
8767.0,0
8769.0,1
8771.0,0
8773.0,0
8775.0,1
8777.0,0
8779.0,0
8781.0,0
8783.0,2
8785.0,1
8787.0,0
8789.0,0
8791.0,0
8793.0,2
8795.0,2
8797.0,0
8799.0,1
8801.0,0
8803.0,1
8805.0,0
8807.0,0
8809.0,0
8811.0,0
8813.0,2
8815.0,1
8817.0,1
8819.0,1
8821.0,1
8823.0,0
8825.0,0
8827.0,0
8829.0,1
8831.0,4
8833.0,3
8835.0,4
8837.0,4
8839.0,3
8841.0,3
8843.0,4
8845.0,2
8847.0,4
8849.0,1
8851.0,2
8853.0,2
8855.0,4
8857.0,1
8859.0,3
8861.0,0
8863.0,1
8865.0,0
8867.0,0
8869.0,0
8871.0,3
8873.0,0
8875.0,1
8877.0,0
8879.0,0
8881.0,0
8883.0,1
8885.0,3
8887.0,7
8889.0,2
8891.0,3
8893.0,3
8895.0,3
8897.0,0
8899.0,3
8901.0,2
8903.0,0
8905.0,2
8907.0,2
8909.0,3
8911.0,2
8913.0,1
8915.0,1
8917.0,1
8919.0,0
8921.0,2
8923.0,0
8925.0,1
8927.0,0
8929.0,1
8931.0,2
8933.0,0
8935.0,2
8937.0,0
8939.0,1
8941.0,0
8943.0,0
8945.0,1
8947.0,0
8949.0,0
8951.0,0
8953.0,0
8955.0,1
8957.0,1
8959.0,1
8961.0,1
8963.0,0
8965.0,0
8967.0,0
8969.0,1
8971.0,2
8973.0,1
8975.0,1
8977.0,0
8979.0,0
8981.0,0
8983.0,0
8985.0,2
8987.0,1
8989.0,1
8991.0,1
8993.0,0
8995.0,1
8997.0,2
8999.0,2
9001.0,1
9003.0,1
9005.0,2
9007.0,1
9009.0,0
9011.0,0
9013.0,2
9015.0,0
9017.0,1
9019.0,0
9021.0,2
9023.0,1
9025.0,2
9027.0,0
9029.0,2
9031.0,0
9033.0,1
9035.0,0
9037.0,1
9039.0,2
9041.0,0
9043.0,1
9045.0,1
9047.0,1
9049.0,0
9051.0,1
9053.0,1
9055.0,0
9057.0,0
9059.0,0
9061.0,2
9063.0,1
9065.0,2
9067.0,0
9069.0,0
9071.0,0
9073.0,0
9075.0,0
9077.0,1
9079.0,0
9081.0,0
9083.0,0
9085.0,1
9087.0,0
9089.0,0
9091.0,0
9093.0,1
9095.0,0
9097.0,0
9099.0,1
9101.0,1
9103.0,5
9105.0,3
9107.0,5
9109.0,6
9111.0,2
9113.0,3
9115.0,2
9117.0,2
9119.0,0
9121.0,1
9123.0,1
9125.0,3
9127.0,4
9129.0,1
9131.0,1
9133.0,2
9135.0,1
9137.0,0
9139.0,0
9141.0,0
9143.0,1
9145.0,2
9147.0,2
9149.0,3
9151.0,2
9153.0,2
9155.0,0
9157.0,1
9159.0,1
9161.0,3
9163.0,0
9165.0,2
9167.0,1
9169.0,0
9171.0,3
9173.0,0
9175.0,1
9177.0,4
9179.0,1
9181.0,2
9183.0,1
9185.0,2
9187.0,2
9189.0,0
9191.0,4
9193.0,0
9195.0,1
9197.0,1
9199.0,1
9201.0,0
9203.0,1
9205.0,2
9207.0,3
9209.0,3
9211.0,7
9213.0,1
9215.0,3
9217.0,2
9219.0,1
9221.0,5
9223.0,1
9225.0,1
9227.0,3
9229.0,2
9231.0,3
9233.0,3
9235.0,2
9237.0,2
9239.0,4
9241.0,1
9243.0,8
9245.0,6
9247.0,3
9249.0,5
9251.0,3
9253.0,2
9255.0,1
9257.0,4
9259.0,3
9261.0,8
9263.0,6
9265.0,15
9267.0,5
9269.0,6
9271.0,5
9273.0,1
9275.0,2
9277.0,1
9279.0,4
9281.0,9
9283.0,4
9285.0,5
9287.0,10
9289.0,5
9291.0,9
9293.0,5
9295.0,12
9297.0,3
9299.0,5
9301.0,8
9303.0,5
9305.0,3
9307.0,4
9309.0,1
9311.0,2
9313.0,2
9315.0,2
9317.0,1
9319.0,6
9321.0,3
9323.0,1
9325.0,11
9327.0,7
9329.0,18
9331.0,11
9333.0,12
9335.0,11
9337.0,6
9339.0,15
9341.0,3
9343.0,8
9345.0,3
9347.0,3
9349.0,2
9351.0,2
9353.0,8
9355.0,2
9357.0,4
9359.0,10
9361.0,12
9363.0,24
9365.0,28
9367.0,18
9369.0,12
9371.0,23
9373.0,17
9375.0,10
9377.0,8
9379.0,8
9381.0,8
9383.0,6
9385.0,11
9387.0,4
9389.0,9
9391.0,13
9393.0,17
9395.0,38
9397.0,50
9399.0,73
9401.0,73
9403.0,72
9405.0,70
9407.0,43
9409.0,30
9411.0,22
9413.0,21
9415.0,20
9417.0,15
9419.0,12
9421.0,17
9423.0,15
9425.0,12
9427.0,14
9429.0,17
9431.0,11
9433.0,6
9435.0,1
9437.0,3
9439.0,3
9441.0,2
9443.0,1
9445.0,1
9447.0,2
9449.0,3
9451.0,0
9453.0,4
9455.0,2
9457.0,1
9459.0,3
9461.0,1
9463.0,0
9465.0,2
9467.0,1
9469.0,2
9471.0,1
9473.0,1
9475.0,0
9477.0,1
9479.0,1
9481.0,1
9483.0,1
9485.0,1
9487.0,1
9489.0,1
9491.0,1
9493.0,1
9495.0,0
9497.0,0
9499.0,0
9501.0,0
9503.0,3
9505.0,2
9507.0,2
9509.0,4
9511.0,1
9513.0,0
9515.0,1
9517.0,0
9519.0,0
9521.0,1
9523.0,1
9525.0,5
9527.0,3
9529.0,0
9531.0,5
9533.0,8
9535.0,7
9537.0,5
9539.0,9
9541.0,11
9543.0,3
9545.0,8
9547.0,5
9549.0,0
9551.0,1
9553.0,2
9555.0,3
9557.0,2
9559.0,1
9561.0,0
9563.0,1
9565.0,1
9567.0,1
9569.0,3
9571.0,3
9573.0,7
9575.0,7
9577.0,3
9579.0,1
9581.0,6
9583.0,4
9585.0,3
9587.0,1
9589.0,1
9591.0,0
9593.0,1
9595.0,1
9597.0,1
9599.0,1
9601.0,1
9603.0,0
9605.0,0
9607.0,2
9609.0,1
9611.0,2
9613.0,0
9615.0,0
9617.0,1
9619.0,0
9621.0,1
9623.0,0
9625.0,0
9627.0,0
9629.0,0
9631.0,0
9633.0,1
9635.0,0
9637.0,0
9639.0,0
9641.0,0
9643.0,3
9645.0,0
9647.0,1
9649.0,0
9651.0,0
9653.0,0
9655.0,2
9657.0,1
9659.0,0
9661.0,0
9663.0,0
9665.0,1
9667.0,1
9669.0,0
9671.0,1
9673.0,0
9675.0,1
9677.0,2
9679.0,3
9681.0,2
9683.0,0
9685.0,4
9687.0,1
9689.0,2
9691.0,1
9693.0,3
9695.0,1
9697.0,2
9699.0,4
9701.0,5
9703.0,3
9705.0,2
9707.0,1
9709.0,2
9711.0,0
9713.0,0
9715.0,5
9717.0,1
9719.0,1
9721.0,1
9723.0,0
9725.0,0
9727.0,0
9729.0,0
9731.0,0
9733.0,2
9735.0,1
9737.0,0
9739.0,1
9741.0,2
9743.0,0
9745.0,0
9747.0,0
9749.0,1
9751.0,0
9753.0,0
9755.0,3
9757.0,0
9759.0,0
9761.0,1
9763.0,2
9765.0,0
9767.0,1
9769.0,0
9771.0,0
9773.0,1
9775.0,0
9777.0,1
9779.0,2
9781.0,1
9783.0,4
9785.0,1
9787.0,0
9789.0,0
9791.0,0
9793.0,1
9795.0,0
9797.0,1
9799.0,1
9801.0,1
9803.0,0
9805.0,1
9807.0,0
9809.0,1
9811.0,0
9813.0,0
9815.0,3
9817.0,1
9819.0,0
9821.0,0
9823.0,0
9825.0,1
9827.0,1
9829.0,0
9831.0,0
9833.0,3
9835.0,0
9837.0,1
9839.0,0
9841.0,1
9843.0,2
9845.0,2
9847.0,0
9849.0,3
9851.0,2
9853.0,1
9855.0,0
9857.0,1
9859.0,2
9861.0,0
9863.0,1
9865.0,0
9867.0,1
9869.0,1
9871.0,3
9873.0,1
9875.0,2
9877.0,1
9879.0,1
9881.0,0
9883.0,1
9885.0,1
9887.0,0
9889.0,0
9891.0,0
9893.0,1
9895.0,1
9897.0,4
9899.0,1
9901.0,1
9903.0,2
9905.0,1
9907.0,0
9909.0,4
9911.0,0
9913.0,3
9915.0,1
9917.0,1
9919.0,0
9921.0,3
9923.0,5
9925.0,1
9927.0,3
9929.0,1
9931.0,0
9933.0,1
9935.0,1
9937.0,1
9939.0,3
9941.0,2
9943.0,2
9945.0,2
9947.0,1
9949.0,3
9951.0,3
9953.0,2
9955.0,2
9957.0,1
9959.0,0
9961.0,2
9963.0,5
9965.0,1
9967.0,2
9969.0,3
9971.0,2
9973.0,1
9975.0,0
9977.0,0
9979.0,2
9981.0,3
9983.0,5
9985.0,0
9987.0,3
9989.0,1
9991.0,2
9993.0,2
9995.0,3
9997.0,2
9999.0,1
10001.0,1
10003.0,2
10005.0,0
10007.0,5
10009.0,8
10011.0,7
10013.0,11
10015.0,8
10017.0,6
10019.0,4
10021.0,3
10023.0,5
10025.0,5
10027.0,4
10029.0,3
10031.0,3
10033.0,3
10035.0,2
10037.0,4
10039.0,3
10041.0,1
10043.0,2
10045.0,1
10047.0,1
10049.0,0
10051.0,2
10053.0,0
10055.0,0
10057.0,0
10059.0,0
10061.0,4
10063.0,1
10065.0,2
10067.0,1
10069.0,0
10071.0,0
10073.0,0
10075.0,0
10077.0,2
10079.0,1
10081.0,1
10083.0,1
10085.0,3
10087.0,1
10089.0,0
10091.0,0
10093.0,1
10095.0,0
10097.0,2
10099.0,1
10101.0,1
10103.0,1
10105.0,2
10107.0,0
10109.0,0
10111.0,1
10113.0,0
10115.0,0
10117.0,2
10119.0,1
10121.0,1
10123.0,2
10125.0,0
10127.0,1
10129.0,0
10131.0,0
10133.0,0
10135.0,2
10137.0,1
10139.0,0
10141.0,2
10143.0,1
10145.0,1
10147.0,1
10149.0,1
10151.0,1
10153.0,1
10155.0,1
10157.0,1
10159.0,1
10161.0,1
10163.0,1
10165.0,0
10167.0,2
10169.0,0
10171.0,1
10173.0,1
10175.0,0
10177.0,1
10179.0,0
10181.0,2
10183.0,1
10185.0,1
10187.0,3
10189.0,1
10191.0,0
10193.0,1
10195.0,1
10197.0,1
10199.0,2
10201.0,1
10203.0,0
10205.0,1
10207.0,1
10209.0,0
10211.0,1
10213.0,1
10215.0,0
10217.0,1
10219.0,1
10221.0,3
10223.0,1
10225.0,0
10227.0,0
10229.0,2
10231.0,4
10233.0,4
10235.0,0
10237.0,0
10239.0,0
10241.0,0
10243.0,0
10245.0,2
10247.0,3
10249.0,0
10251.0,2
10253.0,3
10255.0,3
10257.0,3
10259.0,3
10261.0,2
10263.0,2
10265.0,0
10267.0,2
10269.0,3
10271.0,3
10273.0,3
10275.0,1
10277.0,1
10279.0,1
10281.0,2
10283.0,0
10285.0,1
10287.0,1
10289.0,1
10291.0,0
10293.0,3
10295.0,2
10297.0,0
10299.0,0
10301.0,2
10303.0,0
10305.0,0
10307.0,0
10309.0,2
10311.0,1
10313.0,1
10315.0,1
10317.0,4
10319.0,2
10321.0,1
10323.0,1
10325.0,0
10327.0,3
10329.0,2
10331.0,1
10333.0,2
10335.0,1
10337.0,0
10339.0,2
10341.0,1
10343.0,3
10345.0,0
10347.0,3
10349.0,2
10351.0,1
10353.0,2
10355.0,0
10357.0,0
10359.0,2
10361.0,2
10363.0,0
10365.0,2
10367.0,3
10369.0,0
10371.0,0
10373.0,3
10375.0,1
10377.0,1
10379.0,1
10381.0,4
10383.0,0
10385.0,3
10387.0,2
10389.0,1
10391.0,6
10393.0,3
10395.0,1
10397.0,4
10399.0,1
10401.0,1
10403.0,2
10405.0,1
10407.0,4
10409.0,4
10411.0,1
10413.0,0
10415.0,1
10417.0,3
10419.0,2
10421.0,3
10423.0,6
10425.0,1
10427.0,4
10429.0,7
10431.0,0
10433.0,4
10435.0,4
10437.0,1
10439.0,4
10441.0,2
10443.0,6
10445.0,7
10447.0,4
10449.0,6
10451.0,6
10453.0,6
10455.0,3
10457.0,4
10459.0,5
10461.0,4
10463.0,2
10465.0,1
10467.0,4
10469.0,4
10471.0,1
10473.0,0
10475.0,1
10477.0,5
10479.0,1
10481.0,4
10483.0,1
10485.0,1
10487.0,3
10489.0,1
10491.0,1
10493.0,3
10495.0,2
10497.0,4
10499.0,1
10501.0,1
10503.0,6
10505.0,6
10507.0,5
10509.0,8
10511.0,4
10513.0,7
10515.0,9
10517.0,5
10519.0,5
10521.0,2
10523.0,3
10525.0,4
10527.0,4
10529.0,8
10531.0,1
10533.0,1
10535.0,2
10537.0,0
10539.0,2
10541.0,4
10543.0,2
10545.0,1
10547.0,4
10549.0,1
10551.0,1
10553.0,1
10555.0,1
10557.0,1
10559.0,0
10561.0,0
10563.0,1
10565.0,1
10567.0,3
10569.0,6
10571.0,3
10573.0,0
10575.0,3
10577.0,1
10579.0,1
10581.0,1
10583.0,0
10585.0,1
10587.0,1
10589.0,1
10591.0,0
10593.0,2
10595.0,2
10597.0,1
10599.0,0
10601.0,3
10603.0,4
10605.0,3
10607.0,3
10609.0,3
10611.0,1
10613.0,2
10615.0,1
10617.0,2
10619.0,0
10621.0,0
10623.0,3
10625.0,0
10627.0,5
10629.0,2
10631.0,3
10633.0,5
10635.0,3
10637.0,0
10639.0,3
10641.0,5
10643.0,3
10645.0,1
10647.0,1
10649.0,1
10651.0,5
10653.0,4
10655.0,5
10657.0,5
10659.0,9
10661.0,6
10663.0,6
10665.0,5
10667.0,6
10669.0,5
10671.0,4
10673.0,2
10675.0,5
10677.0,4
10679.0,4
10681.0,7
10683.0,3
10685.0,2
10687.0,3
10689.0,6
10691.0,2
10693.0,2
10695.0,0
10697.0,1
10699.0,1
10701.0,2
10703.0,4
10705.0,3
10707.0,1
10709.0,4
10711.0,1
10713.0,4
10715.0,5
10717.0,0
10719.0,2
10721.0,4
10723.0,4
10725.0,3
10727.0,1
10729.0,1
10731.0,4
10733.0,1
10735.0,2
10737.0,1
10739.0,5
10741.0,2
10743.0,6
10745.0,5
10747.0,4
10749.0,2
10751.0,4
10753.0,1
10755.0,6
10757.0,3
10759.0,10
10761.0,8
10763.0,14
10765.0,9
10767.0,10
10769.0,29
10771.0,16
10773.0,8
10775.0,9
10777.0,10
10779.0,4
10781.0,5
10783.0,5
10785.0,2
10787.0,6
10789.0,5
10791.0,4
10793.0,1
10795.0,5
10797.0,3
10799.0,4
10801.0,3
10803.0,0
10805.0,3
10807.0,3
10809.0,2
10811.0,2
10813.0,3
10815.0,1
10817.0,1
10819.0,1
10821.0,4
10823.0,2
10825.0,1
10827.0,2
10829.0,1
10831.0,1
10833.0,3
10835.0,2
10837.0,0
10839.0,1
10841.0,1
10843.0,0
10845.0,0
10847.0,1
10849.0,1
10851.0,1
10853.0,1
10855.0,0
10857.0,0
10859.0,0
10861.0,1
10863.0,1
10865.0,2
10867.0,2
10869.0,1
10871.0,1
10873.0,1
10875.0,0
10877.0,3
10879.0,1
10881.0,1
10883.0,0
10885.0,3
10887.0,1
10889.0,1
10891.0,1
10893.0,1
10895.0,2
10897.0,1
10899.0,0
10901.0,1
10903.0,1
10905.0,1
10907.0,2
10909.0,0
10911.0,4
10913.0,0
10915.0,2
10917.0,2
10919.0,2
10921.0,2
10923.0,1
10925.0,1
10927.0,4
10929.0,3
10931.0,4
10933.0,3
10935.0,0
10937.0,1
10939.0,1
10941.0,3
10943.0,1
10945.0,1
10947.0,1
10949.0,1
10951.0,1
10953.0,2
10955.0,1
10957.0,0
10959.0,3
10961.0,1
10963.0,4
10965.0,1
10967.0,1
10969.0,0
10971.0,0
10973.0,1
10975.0,1
10977.0,0
10979.0,1
10981.0,0
10983.0,0
10985.0,1
10987.0,0
10989.0,4
10991.0,0
10993.0,1
10995.0,0
10997.0,0
10999.0,0
11001.0,0
11003.0,2
11005.0,0
11007.0,1
11009.0,1
11011.0,1
11013.0,0
11015.0,1
11017.0,1
11019.0,0
11021.0,1
11023.0,0
11025.0,0
11027.0,0
11029.0,2
11031.0,0
11033.0,0
11035.0,1
11037.0,1
11039.0,0
11041.0,2
11043.0,1
11045.0,1
11047.0,5
11049.0,2
11051.0,2
11053.0,0
11055.0,1
11057.0,1
11059.0,1
11061.0,1
11063.0,1
11065.0,0
11067.0,1
11069.0,1
11071.0,3
11073.0,8
11075.0,2
11077.0,4
11079.0,4
11081.0,0
11083.0,2
11085.0,5
11087.0,2
11089.0,3
11091.0,2
11093.0,7
11095.0,1
11097.0,0
11099.0,1
11101.0,2
11103.0,0
11105.0,0
11107.0,0
11109.0,1
11111.0,1
11113.0,0
11115.0,1
11117.0,1
11119.0,0
11121.0,0
11123.0,0
11125.0,0
11127.0,0
11129.0,3
11131.0,0
11133.0,0
11135.0,0
11137.0,1
11139.0,0
11141.0,1
11143.0,0
11145.0,3
11147.0,0
11149.0,1
11151.0,0
11153.0,3
11155.0,2
11157.0,1
11159.0,0
11161.0,0
11163.0,2
11165.0,0
11167.0,0
11169.0,2
11171.0,0
11173.0,0
11175.0,1
11177.0,0
11179.0,0
11181.0,1
11183.0,0
11185.0,1
11187.0,2
11189.0,3
11191.0,1
11193.0,0
11195.0,1
11197.0,0
11199.0,2
11201.0,0
11203.0,1
11205.0,2
11207.0,0
11209.0,1
11211.0,0
11213.0,2
11215.0,1
11217.0,1
11219.0,0
11221.0,0
11223.0,0
11225.0,1
11227.0,0
11229.0,1
11231.0,2
11233.0,2
11235.0,0
11237.0,1
11239.0,0
11241.0,0
11243.0,3
11245.0,0
11247.0,1
11249.0,1
11251.0,2
11253.0,1
11255.0,0
11257.0,1
11259.0,1
11261.0,1
11263.0,2
11265.0,1
11267.0,1
11269.0,2
11271.0,0
11273.0,0
11275.0,0
11277.0,1
11279.0,0
11281.0,0
11283.0,0
11285.0,0
11287.0,1
11289.0,0
11291.0,0
11293.0,1
11295.0,1
11297.0,2
11299.0,2
11301.0,1
11303.0,1
11305.0,0
11307.0,2
11309.0,0
11311.0,1
11313.0,3
11315.0,1
11317.0,1
11319.0,0
11321.0,0
11323.0,0
11325.0,0
11327.0,0
11329.0,1
11331.0,0
11333.0,0
11335.0,1
11337.0,1
11339.0,2
11341.0,0
11343.0,0
11345.0,2
11347.0,3
11349.0,1
11351.0,0
11353.0,2
11355.0,2
11357.0,2
11359.0,1
11361.0,0
11363.0,0
11365.0,1
11367.0,2
11369.0,2
11371.0,1
11373.0,2
11375.0,1
11377.0,0
11379.0,0
11381.0,0
11383.0,0
11385.0,1
11387.0,1
11389.0,0
11391.0,0
11393.0,1
11395.0,0
11397.0,2
11399.0,0
11401.0,0
11403.0,2
11405.0,2
11407.0,0
11409.0,1
11411.0,4
11413.0,0
11415.0,3
11417.0,1
11419.0,1
11421.0,1
11423.0,2
11425.0,1
11427.0,0
11429.0,0
11431.0,1
11433.0,0
11435.0,1
11437.0,0
11439.0,0
11441.0,1
11443.0,0
11445.0,0
11447.0,1
11449.0,1
11451.0,2
11453.0,0
11455.0,0
11457.0,1
11459.0,2
11461.0,0
11463.0,1
11465.0,0
11467.0,0
11469.0,0
11471.0,0
11473.0,1
11475.0,0
11477.0,1
11479.0,1
11481.0,1
11483.0,0
11485.0,1
11487.0,0
11489.0,0
11491.0,1
11493.0,0
11495.0,1
11497.0,0
11499.0,1
11501.0,0
11503.0,2
11505.0,2
11507.0,0
11509.0,0
11511.0,0
11513.0,0
11515.0,1
11517.0,1
11519.0,0
11521.0,2
11523.0,0
11525.0,0
11527.0,0
11529.0,0
11531.0,2
11533.0,1
11535.0,1
11537.0,1
11539.0,3
11541.0,2
11543.0,2
11545.0,0
11547.0,1
11549.0,2
11551.0,0
11553.0,1
11555.0,2
11557.0,1
11559.0,1
11561.0,4
11563.0,4
11565.0,1
11567.0,0
11569.0,1
11571.0,0
11573.0,0
11575.0,0
11577.0,4
11579.0,0
11581.0,1
11583.0,0
11585.0,0
11587.0,2
11589.0,1
11591.0,1
11593.0,2
11595.0,1
11597.0,3
11599.0,2
11601.0,0
11603.0,0
11605.0,2
11607.0,0
11609.0,3
11611.0,1
11613.0,1
11615.0,2
11617.0,3
11619.0,1
11621.0,0
11623.0,1
11625.0,2
11627.0,1
11629.0,1
11631.0,0
11633.0,1
11635.0,0
11637.0,0
11639.0,3
11641.0,2
11643.0,0
11645.0,3
11647.0,1
11649.0,2
11651.0,4
11653.0,0
11655.0,5
11657.0,0
11659.0,0
11661.0,5
11663.0,0
11665.0,1
11667.0,3
11669.0,4
11671.0,1
11673.0,1
11675.0,1
11677.0,2
11679.0,1
11681.0,0
11683.0,3
11685.0,3
11687.0,4
11689.0,2
11691.0,2
11693.0,1
11695.0,1
11697.0,5
11699.0,4
11701.0,2
11703.0,4
11705.0,4
11707.0,3
11709.0,3
11711.0,6
11713.0,4
11715.0,0
11717.0,1
11719.0,2
11721.0,3
11723.0,1
11725.0,2
11727.0,1
11729.0,1
11731.0,1
11733.0,1
11735.0,0
11737.0,2
11739.0,4
11741.0,3
11743.0,0
11745.0,1
11747.0,3
11749.0,1
11751.0,1
11753.0,0
11755.0,1
11757.0,0
11759.0,1
11761.0,2
11763.0,1
11765.0,0
11767.0,1
11769.0,0
11771.0,0
11773.0,1
11775.0,1
11777.0,0
11779.0,1
11781.0,0
11783.0,1
11785.0,0
11787.0,0
11789.0,0
11791.0,1
11793.0,0
11795.0,1
11797.0,0
11799.0,2
11801.0,0
11803.0,1
11805.0,1
11807.0,0
11809.0,1
11811.0,0
11813.0,0
11815.0,0
11817.0,0
11819.0,0
11821.0,0
11823.0,0
11825.0,0
11827.0,1
11829.0,0
11831.0,0
11833.0,1
11835.0,0
11837.0,0
11839.0,0
11841.0,1
11843.0,0
11845.0,0
11847.0,0
11849.0,2
11851.0,0
11853.0,1
11855.0,0
11857.0,0
11859.0,0
11861.0,0
11863.0,0
11865.0,0
11867.0,1
11869.0,1
11871.0,0
11873.0,0
11875.0,1
11877.0,0
11879.0,0
11881.0,0
11883.0,0
11885.0,1
11887.0,1
11889.0,0
11891.0,0
11893.0,0
11895.0,1
11897.0,0
11899.0,1
11901.0,1
11903.0,2
11905.0,0
11907.0,0
11909.0,1
11911.0,0
11913.0,1
11915.0,0
11917.0,0
11919.0,0
11921.0,1
11923.0,2
11925.0,0
11927.0,0
11929.0,0
11931.0,1
11933.0,0
11935.0,0
11937.0,1
11939.0,1
11941.0,2
11943.0,0
11945.0,0
11947.0,0
11949.0,1
11951.0,1
11953.0,0
11955.0,0
11957.0,0
11959.0,0
11961.0,1
11963.0,0
11965.0,0
11967.0,0
11969.0,1
11971.0,1
11973.0,0
11975.0,0
11977.0,2
11979.0,0
11981.0,1
11983.0,1
11985.0,0
11987.0,0
11989.0,1
11991.0,0
11993.0,0
11995.0,1
11997.0,2
11999.0,2
12001.0,2
12003.0,0
12005.0,1
12007.0,0
12009.0,0
12011.0,0
12013.0,1
12015.0,2
12017.0,0
12019.0,0
12021.0,1
12023.0,0
12025.0,0
12027.0,1
12029.0,0
12031.0,1
12033.0,0
12035.0,0
12037.0,1
12039.0,0
12041.0,1
12043.0,0
12045.0,0
12047.0,0
12049.0,1
12051.0,0
12053.0,1
12055.0,0
12057.0,1
12059.0,0
12061.0,1
12063.0,1
12065.0,0
12067.0,0
12069.0,2
12071.0,1
12073.0,0
12075.0,1
12077.0,2
12079.0,0
12081.0,0
12083.0,1
12085.0,1
12087.0,0
12089.0,0
12091.0,0
12093.0,1
12095.0,1
12097.0,0
12099.0,0
12101.0,1
12103.0,0
12105.0,0
12107.0,0
12109.0,1
12111.0,0
12113.0,0
12115.0,1
12117.0,0
12119.0,1
12121.0,0
12123.0,0
12125.0,1
12127.0,0
12129.0,0
12131.0,2
12133.0,0
12135.0,0
12137.0,0
12139.0,0
12141.0,0
12143.0,0
12145.0,1
12147.0,1
12149.0,0
12151.0,0
12153.0,1
12155.0,1
12157.0,0
12159.0,0
12161.0,0
12163.0,0
12165.0,0
12167.0,0
12169.0,1
12171.0,1
12173.0,3
12175.0,1
12177.0,1
12179.0,0
12181.0,0
12183.0,3
12185.0,2
12187.0,1
12189.0,1
12191.0,0
12193.0,1
12195.0,0
12197.0,0
12199.0,1
12201.0,1
12203.0,0
12205.0,0
12207.0,1
12209.0,0
12211.0,0
12213.0,0
12215.0,1
12217.0,0
12219.0,1
12221.0,2
12223.0,0
12225.0,2
12227.0,0
12229.0,0
12231.0,0
12233.0,1
12235.0,0
12237.0,1
12239.0,0
12241.0,1
12243.0,0
12245.0,0
12247.0,1
12249.0,1
12251.0,0
12253.0,0
12255.0,0
12257.0,1
12259.0,1
12261.0,0
12263.0,1
12265.0,2
12267.0,1
12269.0,1
12271.0,1
12273.0,1
12275.0,2
12277.0,0
12279.0,0
12281.0,1
12283.0,5
12285.0,1
12287.0,0
12289.0,0
12291.0,0
12293.0,1
12295.0,0
12297.0,0
12299.0,1
12301.0,2
12303.0,0
12305.0,1
12307.0,0
12309.0,0
12311.0,3
12313.0,3
12315.0,1
12317.0,2
12319.0,5
12321.0,2
12323.0,0
12325.0,0
12327.0,2
12329.0,3
12331.0,1
12333.0,6
12335.0,1
12337.0,4
12339.0,7
12341.0,1
12343.0,3
12345.0,1
12347.0,0
12349.0,5
12351.0,0
12353.0,0
12355.0,0
12357.0,0
12359.0,2
12361.0,2
12363.0,0
12365.0,1
12367.0,0
12369.0,1
12371.0,0
12373.0,0
12375.0,0
12377.0,0
12379.0,1
12381.0,1
12383.0,0
12385.0,0
12387.0,0
12389.0,1
12391.0,1
12393.0,0
12395.0,0
12397.0,0
12399.0,1
12401.0,0
12403.0,0
12405.0,0
12407.0,0
12409.0,0
12411.0,1
12413.0,1
12415.0,0
12417.0,1
12419.0,0
12421.0,1
12423.0,0
12425.0,0
12427.0,0
12429.0,0
12431.0,0
12433.0,0
12435.0,0
12437.0,0
12439.0,1
12441.0,0
12443.0,0
12445.0,0
12447.0,0
12449.0,0
12451.0,1
12453.0,1
12455.0,0
12457.0,0
12459.0,0
12461.0,0
12463.0,0
12465.0,1
12467.0,0
12469.0,0
12471.0,0
12473.0,0
12475.0,0
12477.0,0
12479.0,0
12481.0,0
12483.0,0
12485.0,0
12487.0,0
12489.0,0
12491.0,0
12493.0,0
12495.0,0
12497.0,0
12499.0,0
12501.0,0
12503.0,1
12505.0,0
12507.0,0
12509.0,0
12511.0,1
12513.0,0
12515.0,1
12517.0,1
12519.0,0
12521.0,1
12523.0,0
12525.0,0
12527.0,0
12529.0,0
12531.0,0
12533.0,1
12535.0,0
12537.0,0
12539.0,0
12541.0,0
12543.0,0
12545.0,0
12547.0,0
12549.0,0
12551.0,0
12553.0,0
12555.0,0
12557.0,0
12559.0,1
12561.0,0
12563.0,0
12565.0,0
12567.0,1
12569.0,0
12571.0,1
12573.0,0
12575.0,1
12577.0,0
12579.0,0
12581.0,1
12583.0,1
12585.0,0
12587.0,1
12589.0,0
12591.0,0
12593.0,0
12595.0,0
12597.0,0
12599.0,1
12601.0,0
12603.0,0
12605.0,1
12607.0,0
12609.0,0
12611.0,0
12613.0,0
12615.0,0
12617.0,1
12619.0,0
12621.0,0
12623.0,0
12625.0,0
12627.0,1
12629.0,0
12631.0,0
12633.0,0
12635.0,0
12637.0,0
12639.0,0
12641.0,0
12643.0,0
12645.0,0
12647.0,0
12649.0,0
12651.0,0
12653.0,0
12655.0,0
12657.0,0
12659.0,0
12661.0,0
12663.0,0
12665.0,0
12667.0,0
12669.0,0
12671.0,0
12673.0,0
12675.0,0
12677.0,0
12679.0,0
12681.0,0
12683.0,0
12685.0,0
12687.0,0
12689.0,0
12691.0,1
12693.0,0
12695.0,2
12697.0,0
12699.0,0
12701.0,0
12703.0,0
12705.0,1
12707.0,1
12709.0,0
12711.0,1
12713.0,0
12715.0,0
12717.0,0
12719.0,0
12721.0,2
12723.0,0
12725.0,0
12727.0,0
12729.0,0
12731.0,0
12733.0,0
12735.0,0
12737.0,0
12739.0,0
12741.0,0
12743.0,0
12745.0,2
12747.0,0
12749.0,0
12751.0,1
12753.0,1
12755.0,0
12757.0,0
12759.0,1
12761.0,0
12763.0,0
12765.0,0
12767.0,0
12769.0,1
12771.0,0
12773.0,0
12775.0,0
12777.0,0
12779.0,1
12781.0,0
12783.0,0
12785.0,0
12787.0,0
12789.0,1
12791.0,0
12793.0,0
12795.0,1
12797.0,0
12799.0,0
12801.0,1
12803.0,0
12805.0,0
12807.0,0
12809.0,0
12811.0,1
12813.0,0
12815.0,3
12817.0,0
12819.0,0
12821.0,1
12823.0,0
12825.0,1
12827.0,0
12829.0,0
12831.0,0
12833.0,0
12835.0,0
12837.0,0
12839.0,0
12841.0,1
12843.0,1
12845.0,2
12847.0,0
12849.0,0
12851.0,0
12853.0,0
12855.0,0
12857.0,0
12859.0,1
12861.0,0
12863.0,1
12865.0,0
12867.0,0
12869.0,1
12871.0,0
12873.0,0
12875.0,0
12877.0,0
12879.0,0
12881.0,1
12883.0,0
12885.0,0
12887.0,0
12889.0,0
12891.0,0
12893.0,0
12895.0,0
12897.0,1
12899.0,1
12901.0,0
12903.0,0
12905.0,1
12907.0,0
12909.0,0
12911.0,0
12913.0,0
12915.0,0
12917.0,0
12919.0,1
12921.0,1
12923.0,0
12925.0,1
12927.0,0
12929.0,0
12931.0,0
12933.0,0
12935.0,0
12937.0,0
12939.0,0
12941.0,0
12943.0,0
12945.0,0
12947.0,1
12949.0,0
12951.0,1
12953.0,0
12955.0,0
12957.0,0
12959.0,0
12961.0,0
12963.0,1
12965.0,0
12967.0,0
12969.0,0
12971.0,1
12973.0,0
12975.0,0
12977.0,0
12979.0,0
12981.0,0
12983.0,1
12985.0,0
12987.0,1
12989.0,0
12991.0,0
12993.0,0
12995.0,0
12997.0,0
