Bin center (eV),Counts per 2 eV bin
801.0,2
803.0,3
805.0,2
807.0,0
809.0,3
811.0,3
813.0,4
815.0,2
817.0,8
819.0,3
821.0,5
823.0,2
825.0,3
827.0,3
829.0,5
831.0,8
833.0,5
835.0,5
837.0,5
839.0,6
841.0,16
843.0,11
845.0,11
847.0,17
849.0,12
851.0,13
853.0,17
855.0,12
857.0,12
859.0,4
861.0,1
863.0,7
865.0,11
867.0,1
869.0,15
871.0,3
873.0,11
875.0,2
877.0,4
879.0,5
881.0,4
883.0,4
885.0,1
887.0,6
889.0,8
891.0,5
893.0,1
895.0,3
897.0,7
899.0,5
901.0,9
903.0,8
905.0,17
907.0,10
909.0,5
911.0,8
913.0,11
915.0,12
917.0,22
919.0,12
921.0,20
923.0,16
925.0,24
927.0,21
929.0,11
931.0,15
933.0,17
935.0,14
937.0,14
939.0,11
941.0,11
943.0,4
945.0,7
947.0,7
949.0,12
951.0,11
953.0,6
955.0,5
957.0,7
959.0,2
961.0,3
963.0,6
965.0,1
967.0,3
969.0,2
971.0,1
973.0,5
975.0,3
977.0,6
979.0,5
981.0,2
983.0,7
985.0,2
987.0,7
989.0,5
991.0,4
993.0,8
995.0,6
997.0,2
999.0,3
1001.0,4
1003.0,5
1005.0,2
1007.0,8
1009.0,5
1011.0,10
1013.0,6
1015.0,2
1017.0,4
1019.0,2
1021.0,2
1023.0,8
1025.0,3
1027.0,2
1029.0,9
1031.0,2
1033.0,3
1035.0,1
1037.0,5
1039.0,2
1041.0,3
1043.0,4
1045.0,2
1047.0,4
1049.0,2
1051.0,3
1053.0,7
1055.0,8
1057.0,2
1059.0,4
1061.0,3
1063.0,5
1065.0,3
1067.0,2
1069.0,3
1071.0,3
1073.0,5
1075.0,2
1077.0,2
1079.0,6
1081.0,2
1083.0,2
1085.0,1
1087.0,8
1089.0,3
1091.0,5
1093.0,1
1095.0,8
1097.0,5
1099.0,6
1101.0,4
1103.0,2
1105.0,3
1107.0,10
1109.0,4
1111.0,8
1113.0,2
1115.0,3
1117.0,2
1119.0,5
1121.0,8
1123.0,2
1125.0,4
1127.0,3
1129.0,6
1131.0,4
1133.0,3
1135.0,4
1137.0,2
1139.0,3
1141.0,5
1143.0,4
1145.0,3
1147.0,2
1149.0,5
1151.0,7
1153.0,8
1155.0,5
1157.0,6
1159.0,0
1161.0,6
1163.0,4
1165.0,1
1167.0,7
1169.0,3
1171.0,6
1173.0,3
1175.0,7
1177.0,8
1179.0,6
1181.0,3
1183.0,5
1185.0,1
1187.0,3
1189.0,1
1191.0,1
1193.0,4
1195.0,4
1197.0,3
1199.0,3
1201.0,2
1203.0,6
1205.0,6
1207.0,5
1209.0,3
1211.0,2
1213.0,3
1215.0,5
1217.0,6
1219.0,7
1221.0,3
1223.0,5
1225.0,3
1227.0,3
1229.0,7
1231.0,5
1233.0,8
1235.0,6
1237.0,7
1239.0,6
1241.0,4
1243.0,3
1245.0,1
1247.0,3
1249.0,3
1251.0,4
1253.0,1
1255.0,3
1257.0,2
1259.0,5
1261.0,3
1263.0,6
1265.0,9
1267.0,8
1269.0,4
1271.0,3
1273.0,4
1275.0,2
1277.0,2
1279.0,4
1281.0,2
1283.0,5
1285.0,2
1287.0,4
1289.0,2
1291.0,7
1293.0,2
1295.0,2
1297.0,6
1299.0,3
1301.0,1
1303.0,2
1305.0,6
1307.0,5
1309.0,3
1311.0,4
1313.0,4
1315.0,9
1317.0,6
1319.0,3
1321.0,1
1323.0,4
1325.0,5
1327.0,4
1329.0,3
1331.0,2
1333.0,3
1335.0,0
1337.0,1
1339.0,5
1341.0,6
1343.0,3
1345.0,4
1347.0,7
1349.0,11
1351.0,8
1353.0,6
1355.0,3
1357.0,5
1359.0,0
1361.0,4
1363.0,5
1365.0,7
1367.0,4
1369.0,3
1371.0,7
1373.0,5
1375.0,7
1377.0,4
1379.0,3
1381.0,6
1383.0,6
1385.0,6
1387.0,7
1389.0,13
1391.0,13
1393.0,6
1395.0,7
1397.0,7
1399.0,4
1401.0,4
1403.0,1
1405.0,1
1407.0,3
1409.0,3
1411.0,1
1413.0,6
1415.0,1
1417.0,6
1419.0,6
1421.0,9
1423.0,5
1425.0,5
1427.0,5
1429.0,6
1431.0,5
1433.0,10
1435.0,2
1437.0,3
1439.0,2
1441.0,2
1443.0,2
1445.0,3
1447.0,2
1449.0,1
1451.0,4
1453.0,3
1455.0,4
1457.0,4
1459.0,5
1461.0,4
1463.0,5
1465.0,3
1467.0,4
1469.0,5
1471.0,4
1473.0,3
1475.0,2
1477.0,1
1479.0,3
1481.0,2
1483.0,6
1485.0,1
1487.0,3
1489.0,3
1491.0,3
1493.0,3
1495.0,4
1497.0,2
1499.0,2
1501.0,3
1503.0,4
1505.0,2
1507.0,11
1509.0,10
1511.0,6
1513.0,2
1515.0,2
1517.0,8
1519.0,8
1521.0,4
1523.0,5
1525.0,6
1527.0,5
1529.0,4
1531.0,5
1533.0,7
1535.0,5
1537.0,5
1539.0,3
1541.0,4
1543.0,3
1545.0,3
1547.0,1
1549.0,6
1551.0,3
1553.0,4
1555.0,3
1557.0,2
1559.0,5
1561.0,10
1563.0,13
1565.0,18
1567.0,11
1569.0,1
1571.0,5
1573.0,4
1575.0,2
1577.0,2
1579.0,1
1581.0,3
1583.0,2
1585.0,1
1587.0,4
1589.0,0
1591.0,1
1593.0,4
1595.0,2
1597.0,3
1599.0,1
1601.0,1
1603.0,2
1605.0,4
1607.0,4
1609.0,5
1611.0,5
1613.0,8
1615.0,6
1617.0,10
1619.0,8
1621.0,2
1623.0,6
1625.0,0
1627.0,9
1629.0,7
1631.0,9
1633.0,3
1635.0,5
1637.0,6
1639.0,3
1641.0,3
1643.0,8
1645.0,2
1647.0,4
1649.0,3
1651.0,2
1653.0,6
1655.0,5
1657.0,4
1659.0,2
1661.0,3
1663.0,4
1665.0,5
1667.0,3
1669.0,6
1671.0,9
1673.0,10
1675.0,7
1677.0,3
1679.0,1
1681.0,4
1683.0,0
1685.0,5
1687.0,7
1689.0,4
1691.0,4
1693.0,4
1695.0,8
1697.0,2
1699.0,4
1701.0,3
1703.0,4
1705.0,5
1707.0,7
1709.0,3
1711.0,3
1713.0,1
1715.0,2
1717.0,1
1719.0,6
1721.0,4
1723.0,7
1725.0,7
1727.0,6
1729.0,4
1731.0,4
1733.0,5
1735.0,2
1737.0,4
1739.0,6
1741.0,2
1743.0,4
1745.0,6
1747.0,0
1749.0,1
1751.0,4
1753.0,4
1755.0,5
1757.0,2
1759.0,3
1761.0,5
1763.0,10
1765.0,5
1767.0,7
1769.0,6
1771.0,3
1773.0,4
1775.0,4
1777.0,2
1779.0,5
1781.0,3
1783.0,3
1785.0,10
1787.0,7
1789.0,2
1791.0,4
1793.0,4
1795.0,2
1797.0,3
1799.0,5
1801.0,2
1803.0,5
1805.0,2
1807.0,2
1809.0,7
1811.0,3
1813.0,8
1815.0,5
1817.0,9
1819.0,5
1821.0,7
1823.0,9
1825.0,7
1827.0,2
1829.0,6
1831.0,5
1833.0,10
1835.0,8
1837.0,4
1839.0,4
1841.0,7
1843.0,3
1845.0,5
1847.0,4
1849.0,2
1851.0,1
1853.0,3
1855.0,3
1857.0,3
1859.0,4
1861.0,3
1863.0,11
1865.0,16
1867.0,18
1869.0,8
1871.0,14
1873.0,14
1875.0,10
1877.0,2
1879.0,5
1881.0,3
1883.0,7
1885.0,8
1887.0,10
1889.0,7
1891.0,11
1893.0,12
1895.0,12
1897.0,3
1899.0,2
1901.0,12
1903.0,1
1905.0,0
1907.0,4
1909.0,4
1911.0,2
1913.0,5
1915.0,6
1917.0,5
1919.0,5
1921.0,2
1923.0,2
1925.0,4
1927.0,7
1929.0,6
1931.0,10
1933.0,4
1935.0,3
1937.0,6
1939.0,7
1941.0,5
1943.0,6
1945.0,6
1947.0,4
1949.0,4
1951.0,4
1953.0,1
1955.0,7
1957.0,6
1959.0,2
1961.0,2
1963.0,0
1965.0,8
1967.0,3
1969.0,7
1971.0,10
1973.0,5
1975.0,3
1977.0,5
1979.0,10
1981.0,3
1983.0,8
1985.0,8
1987.0,3
1989.0,7
1991.0,6
1993.0,4
1995.0,6
1997.0,10
1999.0,6
2001.0,6
2003.0,5
2005.0,1
2007.0,4
2009.0,4
2011.0,0
2013.0,8
2015.0,5
2017.0,6
2019.0,4
2021.0,6
2023.0,5
2025.0,4
2027.0,4
2029.0,10
2031.0,3
2033.0,10
2035.0,10
2037.0,6
2039.0,8
2041.0,4
2043.0,7
2045.0,2
2047.0,3
2049.0,6
2051.0,3
2053.0,8
2055.0,5
2057.0,5
2059.0,4
2061.0,2
2063.0,4
2065.0,3
2067.0,8
2069.0,10
2071.0,13
2073.0,7
2075.0,6
2077.0,12
2079.0,4
2081.0,6
2083.0,9
2085.0,11
2087.0,12
2089.0,7
2091.0,8
2093.0,4
2095.0,6
2097.0,12
2099.0,16
2101.0,7
2103.0,7
2105.0,10
2107.0,6
2109.0,16
2111.0,13
2113.0,13
2115.0,14
2117.0,5
2119.0,5
2121.0,4
2123.0,8
2125.0,3
2127.0,10
2129.0,7
2131.0,5
2133.0,3
2135.0,10
2137.0,7
2139.0,13
2141.0,14
2143.0,9
2145.0,15
2147.0,11
2149.0,9
2151.0,11
2153.0,11
2155.0,14
2157.0,12
2159.0,21
2161.0,15
2163.0,24
2165.0,11
2167.0,17
2169.0,11
2171.0,10
2173.0,6
2175.0,7
2177.0,16
2179.0,22
2181.0,16
2183.0,21
2185.0,20
2187.0,14
2189.0,10
2191.0,10
2193.0,3
2195.0,6
2197.0,10
2199.0,5
2201.0,11
2203.0,12
2205.0,10
2207.0,8
2209.0,10
2211.0,8
2213.0,8
2215.0,9
2217.0,6
2219.0,6
2221.0,13
2223.0,4
2225.0,9
2227.0,12
2229.0,16
2231.0,13
2233.0,7
2235.0,8
2237.0,11
2239.0,10
2241.0,13
2243.0,9
2245.0,10
2247.0,10
2249.0,11
2251.0,11
2253.0,11
2255.0,14
2257.0,13
2259.0,8
2261.0,10
2263.0,9
2265.0,8
2267.0,8
2269.0,7
2271.0,14
2273.0,22
2275.0,17
2277.0,27
2279.0,14
2281.0,9
2283.0,20
2285.0,17
2287.0,4
2289.0,11
2291.0,13
2293.0,11
2295.0,19
2297.0,10
2299.0,12
2301.0,11
2303.0,15
2305.0,16
2307.0,11
2309.0,14
2311.0,11
2313.0,10
2315.0,11
2317.0,13
2319.0,15
2321.0,24
2323.0,14
2325.0,15
2327.0,13
2329.0,8
2331.0,9
2333.0,10
2335.0,12
2337.0,14
2339.0,7
2341.0,14
2343.0,13
2345.0,10
2347.0,14
2349.0,12
2351.0,11
2353.0,10
2355.0,12
2357.0,8
2359.0,16
2361.0,19
2363.0,10
2365.0,16
2367.0,18
2369.0,11
2371.0,13
2373.0,16
2375.0,10
2377.0,14
2379.0,6
2381.0,8
2383.0,11
2385.0,10
2387.0,14
2389.0,8
2391.0,15
2393.0,9
2395.0,12
2397.0,10
2399.0,14
2401.0,10
2403.0,7
2405.0,8
2407.0,16
2409.0,16
2411.0,19
2413.0,32
2415.0,22
2417.0,20
2419.0,13
2421.0,20
2423.0,14
2425.0,17
2427.0,7
2429.0,8
2431.0,11
2433.0,12
2435.0,15
2437.0,6
2439.0,9
2441.0,17
2443.0,16
2445.0,10
2447.0,11
2449.0,11
2451.0,8
2453.0,19
2455.0,13
2457.0,16
2459.0,18
2461.0,26
2463.0,21
2465.0,20
2467.0,17
2469.0,18
2471.0,7
2473.0,13
2475.0,15
2477.0,14
2479.0,11
2481.0,14
2483.0,6
2485.0,12
2487.0,13
2489.0,11
2491.0,7
2493.0,8
2495.0,14
2497.0,13
2499.0,19
2501.0,17
2503.0,14
2505.0,20
2507.0,14
2509.0,11
2511.0,16
2513.0,16
2515.0,20
2517.0,13
2519.0,15
2521.0,14
2523.0,19
2525.0,11
2527.0,20
2529.0,19
2531.0,15
2533.0,12
2535.0,5
2537.0,14
2539.0,20
2541.0,16
2543.0,16
2545.0,18
2547.0,18
2549.0,21
2551.0,22
2553.0,15
2555.0,20
2557.0,17
2559.0,15
2561.0,17
2563.0,17
2565.0,19
2567.0,11
2569.0,12
2571.0,16
2573.0,9
2575.0,14
2577.0,5
2579.0,14
2581.0,9
2583.0,17
2585.0,10
2587.0,7
2589.0,9
2591.0,15
2593.0,15
2595.0,21
2597.0,27
2599.0,15
2601.0,20
2603.0,13
2605.0,12
2607.0,12
2609.0,18
2611.0,11
2613.0,23
2615.0,14
2617.0,16
2619.0,14
2621.0,13
2623.0,11
2625.0,6
2627.0,18
2629.0,10
2631.0,15
2633.0,19
2635.0,14
2637.0,14
2639.0,16
2641.0,11
2643.0,9
2645.0,14
2647.0,13
2649.0,11
2651.0,14
2653.0,13
2655.0,17
2657.0,16
2659.0,10
2661.0,16
2663.0,12
2665.0,11
2667.0,19
2669.0,15
2671.0,24
2673.0,25
2675.0,16
2677.0,12
2679.0,13
2681.0,10
2683.0,16
2685.0,3
2687.0,12
2689.0,7
2691.0,14
2693.0,6
2695.0,7
2697.0,13
2699.0,7
2701.0,18
2703.0,19
2705.0,19
2707.0,20
2709.0,7
2711.0,14
2713.0,13
2715.0,10
2717.0,15
2719.0,12
2721.0,8
2723.0,9
2725.0,9
2727.0,11
2729.0,14
2731.0,9
2733.0,3
2735.0,6
2737.0,14
2739.0,11
2741.0,8
2743.0,10
2745.0,13
2747.0,21
2749.0,22
2751.0,19
2753.0,15
2755.0,14
2757.0,11
2759.0,21
2761.0,14
2763.0,10
2765.0,15
2767.0,12
2769.0,9
2771.0,4
2773.0,7
2775.0,8
2777.0,3
2779.0,12
2781.0,15
2783.0,14
2785.0,17
2787.0,11
2789.0,17
2791.0,10
2793.0,15
2795.0,19
2797.0,7
2799.0,15
2801.0,4
2803.0,8
2805.0,9
2807.0,5
2809.0,15
2811.0,11
2813.0,5
2815.0,13
2817.0,7
2819.0,13
2821.0,8
2823.0,12
2825.0,13
2827.0,12
2829.0,20
2831.0,11
2833.0,16
2835.0,11
2837.0,16
2839.0,8
2841.0,10
2843.0,10
2845.0,3
2847.0,5
2849.0,7
2851.0,8
2853.0,5
2855.0,7
2857.0,9
2859.0,12
2861.0,9
2863.0,14
2865.0,10
2867.0,10
2869.0,11
2871.0,15
2873.0,10
2875.0,16
2877.0,11
2879.0,15
2881.0,9
2883.0,3
2885.0,10
2887.0,10
2889.0,2
2891.0,7
2893.0,6
2895.0,6
2897.0,11
2899.0,9
2901.0,5
2903.0,9
2905.0,8
2907.0,13
2909.0,15
2911.0,18
2913.0,12
2915.0,9
2917.0,9
2919.0,5
2921.0,7
2923.0,4
2925.0,4
2927.0,3
2929.0,2
2931.0,4
2933.0,5
2935.0,7
2937.0,6
2939.0,4
2941.0,3
2943.0,7
2945.0,6
2947.0,10
2949.0,12
2951.0,3
2953.0,14
2955.0,12
2957.0,9
2959.0,17
2961.0,9
2963.0,11
2965.0,7
2967.0,6
2969.0,3
2971.0,7
2973.0,6
2975.0,5
2977.0,3
2979.0,5
2981.0,7
2983.0,3
2985.0,9
2987.0,5
2989.0,1
2991.0,14
2993.0,4
2995.0,8
2997.0,7
2999.0,7
3001.0,5
3003.0,6
3005.0,4
3007.0,4
3009.0,4
3011.0,8
3013.0,6
3015.0,9
3017.0,5
3019.0,2
3021.0,6
3023.0,4
3025.0,6
3027.0,7
3029.0,8
3031.0,5
3033.0,6
3035.0,4
3037.0,6
3039.0,6
3041.0,6
3043.0,7
3045.0,17
3047.0,9
3049.0,11
3051.0,6
3053.0,8
3055.0,7
3057.0,9
3059.0,8
3061.0,9
3063.0,7
3065.0,7
3067.0,10
3069.0,7
3071.0,7
3073.0,4
3075.0,1
3077.0,8
3079.0,3
3081.0,2
3083.0,6
3085.0,1
3087.0,2
3089.0,5
3091.0,11
3093.0,4
3095.0,3
3097.0,4
3099.0,6
3101.0,5
3103.0,5
3105.0,5
3107.0,17
3109.0,10
3111.0,4
3113.0,15
3115.0,7
3117.0,15
3119.0,6
3121.0,7
3123.0,9
3125.0,5
3127.0,6
3129.0,2
3131.0,1
3133.0,2
3135.0,0
3137.0,2
3139.0,3
3141.0,4
3143.0,1
3145.0,3
3147.0,4
3149.0,7
3151.0,7
3153.0,8
3155.0,5
3157.0,8
3159.0,5
3161.0,6
3163.0,5
3165.0,3
3167.0,5
3169.0,3
3171.0,5
3173.0,5
3175.0,3
3177.0,5
3179.0,10
3181.0,5
3183.0,7
3185.0,7
3187.0,3
3189.0,5
3191.0,7
3193.0,8
3195.0,14
3197.0,12
3199.0,12
3201.0,7
3203.0,6
3205.0,5
3207.0,2
3209.0,3
3211.0,5
3213.0,2
3215.0,1
3217.0,7
3219.0,4
3221.0,3
3223.0,3
3225.0,9
3227.0,6
3229.0,9
3231.0,4
3233.0,2
3235.0,6
3237.0,6
3239.0,5
3241.0,12
3243.0,4
3245.0,2
3247.0,4
3249.0,5
3251.0,5
3253.0,5
3255.0,2
3257.0,2
3259.0,6
3261.0,6
3263.0,1
3265.0,6
3267.0,10
3269.0,6
3271.0,14
3273.0,10
3275.0,14
3277.0,18
3279.0,10
3281.0,12
3283.0,9
3285.0,9
3287.0,3
3289.0,5
3291.0,4
3293.0,2
3295.0,5
3297.0,3
3299.0,3
3301.0,2
3303.0,3
3305.0,1
3307.0,4
3309.0,2
3311.0,3
3313.0,8
3315.0,8
3317.0,10
3319.0,9
3321.0,9
3323.0,8
3325.0,2
3327.0,4
3329.0,2
3331.0,5
3333.0,4
3335.0,2
3337.0,5
3339.0,5
3341.0,3
3343.0,8
3345.0,5
3347.0,6
3349.0,10
3351.0,11
3353.0,18
3355.0,7
3357.0,2
3359.0,2
3361.0,6
3363.0,4
3365.0,3
3367.0,0
3369.0,6
3371.0,3
3373.0,4
3375.0,3
3377.0,3
3379.0,4
3381.0,5
3383.0,2
3385.0,2
3387.0,2
3389.0,5
3391.0,9
3393.0,4
3395.0,5
3397.0,10
3399.0,3
3401.0,5
3403.0,6
3405.0,2
3407.0,2
3409.0,1
3411.0,1
3413.0,2
3415.0,2
3417.0,3
3419.0,5
3421.0,6
3423.0,4
3425.0,8
3427.0,9
3429.0,9
3431.0,10
3433.0,11
3435.0,9
3437.0,12
3439.0,1
3441.0,4
3443.0,4
3445.0,5
3447.0,2
3449.0,8
3451.0,4
3453.0,1
3455.0,3
3457.0,8
3459.0,5
3461.0,5
3463.0,2
3465.0,4
3467.0,6
3469.0,1
3471.0,5
3473.0,5
3475.0,7
3477.0,3
3479.0,3
3481.0,1
3483.0,2
3485.0,2
3487.0,2
3489.0,2
3491.0,5
3493.0,3
3495.0,3
3497.0,1
3499.0,4
3501.0,2
3503.0,8
3505.0,1
3507.0,1
3509.0,1
3511.0,2
3513.0,3
3515.0,4
3517.0,3
3519.0,5
3521.0,4
3523.0,3
3525.0,2
3527.0,6
3529.0,2
3531.0,2
3533.0,2
3535.0,5
3537.0,4
3539.0,5
3541.0,3
3543.0,4
3545.0,5
3547.0,8
3549.0,5
3551.0,3
3553.0,3
3555.0,1
3557.0,1
3559.0,5
3561.0,2
3563.0,4
3565.0,3
3567.0,3
3569.0,7
3571.0,3
3573.0,2
3575.0,4
3577.0,0
3579.0,4
3581.0,5
3583.0,3
3585.0,1
3587.0,5
3589.0,4
3591.0,1
3593.0,2
3595.0,2
3597.0,4
3599.0,5
3601.0,2
3603.0,1
3605.0,1
3607.0,0
3609.0,1
3611.0,2
3613.0,1
3615.0,2
3617.0,3
3619.0,4
3621.0,3
3623.0,5
3625.0,1
3627.0,3
3629.0,5
3631.0,5
3633.0,3
3635.0,5
3637.0,3
3639.0,2
3641.0,2
3643.0,1
3645.0,1
3647.0,3
3649.0,1
3651.0,2
3653.0,0
3655.0,1
3657.0,1
3659.0,1
3661.0,2
3663.0,1
3665.0,1
3667.0,3
3669.0,3
3671.0,6
3673.0,2
3675.0,2
3677.0,2
3679.0,2
3681.0,1
3683.0,5
3685.0,0
3687.0,1
3689.0,5
3691.0,1
3693.0,3
3695.0,5
3697.0,2
3699.0,2
3701.0,3
3703.0,1
3705.0,5
3707.0,1
3709.0,5
3711.0,3
3713.0,5
3715.0,3
3717.0,1
3719.0,0
3721.0,1
3723.0,2
3725.0,1
3727.0,3
3729.0,0
3731.0,0
3733.0,4
3735.0,2
3737.0,2
3739.0,1
3741.0,5
3743.0,3
3745.0,2
3747.0,2
3749.0,1
3751.0,3
3753.0,2
3755.0,1
3757.0,2
3759.0,3
3761.0,5
3763.0,2
3765.0,3
3767.0,2
3769.0,1
3771.0,1
3773.0,2
3775.0,1
3777.0,3
3779.0,1
3781.0,1
3783.0,6
3785.0,3
3787.0,1
3789.0,4
3791.0,1
3793.0,1
3795.0,2
3797.0,4
3799.0,3
3801.0,4
3803.0,7
3805.0,4
3807.0,3
3809.0,1
3811.0,1
3813.0,2
3815.0,4
3817.0,1
3819.0,1
3821.0,1
3823.0,0
3825.0,1
3827.0,2
3829.0,4
3831.0,5
3833.0,2
3835.0,2
3837.0,1
3839.0,2
3841.0,3
3843.0,1
3845.0,2
3847.0,4
3849.0,1
3851.0,2
3853.0,1
3855.0,1
3857.0,3
3859.0,2
3861.0,0
3863.0,3
3865.0,1
3867.0,3
3869.0,2
3871.0,3
3873.0,4
3875.0,2
3877.0,7
3879.0,1
3881.0,2
3883.0,3
3885.0,2
3887.0,1
3889.0,3
3891.0,1
3893.0,1
3895.0,2
3897.0,2
3899.0,5
3901.0,1
3903.0,2
3905.0,2
3907.0,2
3909.0,2
3911.0,4
3913.0,4
3915.0,4
3917.0,0
3919.0,5
3921.0,1
3923.0,0
3925.0,3
3927.0,4
3929.0,3
3931.0,1
3933.0,1
3935.0,3
3937.0,2
3939.0,4
3941.0,1
3943.0,1
3945.0,3
3947.0,2
3949.0,2
3951.0,1
3953.0,1
3955.0,3
3957.0,3
3959.0,3
3961.0,1
3963.0,0
3965.0,2
3967.0,0
3969.0,1
3971.0,3
3973.0,1
3975.0,1
3977.0,1
3979.0,2
3981.0,3
3983.0,0
3985.0,3
3987.0,2
3989.0,2
3991.0,1
3993.0,0
3995.0,1
3997.0,2
3999.0,0
4001.0,3
4003.0,1
4005.0,5
4007.0,2
4009.0,4
4011.0,6
4013.0,4
4015.0,5
4017.0,0
4019.0,2
4021.0,0
4023.0,0
4025.0,2
4027.0,2
4029.0,0
4031.0,4
4033.0,2
4035.0,3
4037.0,2
4039.0,1
4041.0,1
4043.0,0
4045.0,4
4047.0,1
4049.0,1
4051.0,7
4053.0,2
4055.0,0
4057.0,1
4059.0,0
4061.0,3
4063.0,1
4065.0,2
4067.0,2
4069.0,3
4071.0,1
4073.0,3
4075.0,2
4077.0,3
4079.0,1
4081.0,1
4083.0,0
4085.0,5
4087.0,4
4089.0,4
4091.0,1
4093.0,0
4095.0,2
4097.0,1
4099.0,0
4101.0,1
4103.0,0
4105.0,1
4107.0,2
4109.0,1
4111.0,4
4113.0,2
4115.0,0
4117.0,2
4119.0,2
4121.0,2
4123.0,0
4125.0,2
4127.0,0
4129.0,2
4131.0,0
4133.0,2
4135.0,0
4137.0,1
4139.0,0
4141.0,2
4143.0,2
4145.0,1
4147.0,0
4149.0,3
4151.0,0
4153.0,1
4155.0,2
4157.0,1
4159.0,2
4161.0,1
4163.0,3
4165.0,4
4167.0,2
4169.0,3
4171.0,4
4173.0,2
4175.0,0
4177.0,3
4179.0,1
4181.0,0
4183.0,0
4185.0,3
4187.0,3
4189.0,1
4191.0,4
4193.0,0
4195.0,2
4197.0,7
4199.0,3
4201.0,1
4203.0,2
4205.0,2
4207.0,1
4209.0,2
4211.0,1
4213.0,0
4215.0,1
4217.0,5
4219.0,1
4221.0,1
4223.0,0
4225.0,3
4227.0,2
4229.0,2
4231.0,3
4233.0,4
4235.0,0
4237.0,1
4239.0,0
4241.0,0
4243.0,1
4245.0,0
4247.0,0
4249.0,3
4251.0,2
4253.0,0
4255.0,0
4257.0,2
4259.0,1
4261.0,2
4263.0,1
4265.0,0
4267.0,2
4269.0,3
4271.0,0
4273.0,0
4275.0,2
4277.0,1
4279.0,1
4281.0,5
4283.0,2
4285.0,0
4287.0,3
4289.0,0
4291.0,1
4293.0,1
4295.0,1
4297.0,3
4299.0,1
4301.0,0
4303.0,2
4305.0,1
4307.0,0
4309.0,1
4311.0,0
4313.0,0
4315.0,3
4317.0,0
4319.0,3
4321.0,4
4323.0,1
4325.0,3
4327.0,1
4329.0,4
4331.0,1
4333.0,2
4335.0,1
4337.0,2
4339.0,2
4341.0,1
4343.0,4
4345.0,2
4347.0,2
4349.0,3
4351.0,3
4353.0,2
4355.0,2
4357.0,0
4359.0,1
4361.0,1
4363.0,0
4365.0,1
4367.0,1
4369.0,3
4371.0,0
4373.0,1
4375.0,0
4377.0,2
4379.0,2
4381.0,1
4383.0,1
4385.0,1
4387.0,0
4389.0,1
4391.0,2
4393.0,1
4395.0,3
4397.0,2
4399.0,1
4401.0,0
4403.0,0
4405.0,1
4407.0,0
4409.0,1
4411.0,2
4413.0,2
4415.0,1
4417.0,2
4419.0,1
4421.0,0
4423.0,0
4425.0,0
4427.0,0
4429.0,1
4431.0,1
4433.0,1
4435.0,1
4437.0,3
4439.0,1
4441.0,1
4443.0,0
4445.0,1
4447.0,1
4449.0,2
4451.0,1
4453.0,2
4455.0,4
4457.0,0
4459.0,0
4461.0,1
4463.0,3
4465.0,2
4467.0,1
4469.0,0
4471.0,0
4473.0,0
4475.0,0
4477.0,5
4479.0,3
4481.0,3
4483.0,4
4485.0,1
4487.0,0
4489.0,0
4491.0,2
4493.0,0
4495.0,0
4497.0,0
4499.0,1
4501.0,1
4503.0,2
4505.0,0
4507.0,1
4509.0,1
4511.0,0
4513.0,2
4515.0,0
4517.0,1
4519.0,1
4521.0,1
4523.0,2
4525.0,0
4527.0,1
4529.0,1
4531.0,2
4533.0,2
4535.0,0
4537.0,2
4539.0,1
4541.0,5
4543.0,0
4545.0,0
4547.0,1
4549.0,2
4551.0,2
4553.0,3
4555.0,2
4557.0,0
4559.0,4
4561.0,2
4563.0,1
4565.0,0
4567.0,0
4569.0,2
4571.0,1
4573.0,0
4575.0,0
4577.0,0
4579.0,1
4581.0,0
4583.0,0
4585.0,0
4587.0,1
4589.0,1
4591.0,0
4593.0,1
4595.0,2
4597.0,0
4599.0,1
4601.0,0
4603.0,1
4605.0,1
4607.0,2
4609.0,3
4611.0,0
4613.0,2
4615.0,0
4617.0,1
4619.0,0
4621.0,2
4623.0,0
4625.0,2
4627.0,0
4629.0,0
4631.0,0
4633.0,0
4635.0,0
4637.0,2
4639.0,1
4641.0,0
4643.0,0
4645.0,1
4647.0,0
4649.0,1
4651.0,1
4653.0,2
4655.0,0
4657.0,2
4659.0,1
4661.0,2
4663.0,0
4665.0,1
4667.0,5
4669.0,2
4671.0,0
4673.0,1
4675.0,1
4677.0,1
4679.0,0
4681.0,0
4683.0,3
4685.0,1
4687.0,3
4689.0,2
4691.0,2
4693.0,0
4695.0,0
4697.0,0
4699.0,1
4701.0,0
4703.0,2
4705.0,1
4707.0,1
4709.0,1
4711.0,0
4713.0,2
4715.0,0
4717.0,1
4719.0,0
4721.0,0
4723.0,0
4725.0,2
4727.0,0
4729.0,3
4731.0,1
4733.0,0
4735.0,2
4737.0,4
4739.0,1
4741.0,1
4743.0,1
4745.0,1
4747.0,0
4749.0,0
4751.0,0
4753.0,1
4755.0,0
4757.0,1
4759.0,0
4761.0,2
4763.0,0
4765.0,1
4767.0,2
4769.0,1
4771.0,2
4773.0,0
4775.0,2
4777.0,1
4779.0,1
4781.0,2
4783.0,0
4785.0,4
4787.0,1
4789.0,2
4791.0,1
4793.0,0
4795.0,1
4797.0,3
4799.0,3
4801.0,2
4803.0,1
4805.0,3
4807.0,2
4809.0,2
4811.0,2
4813.0,0
4815.0,1
4817.0,0
4819.0,1
4821.0,1
4823.0,1
4825.0,0
4827.0,2
4829.0,3
4831.0,1
4833.0,1
4835.0,0
4837.0,1
4839.0,1
4841.0,0
4843.0,1
4845.0,2
4847.0,0
4849.0,3
4851.0,0
4853.0,1
4855.0,0
4857.0,0
4859.0,0
4861.0,1
4863.0,0
4865.0,0
4867.0,0
4869.0,1
4871.0,0
4873.0,1
4875.0,0
4877.0,0
4879.0,1
4881.0,0
4883.0,0
4885.0,1
4887.0,1
4889.0,0
4891.0,1
4893.0,0
4895.0,1
4897.0,0
4899.0,1
4901.0,0
4903.0,1
4905.0,2
4907.0,0
4909.0,0
4911.0,2
4913.0,1
4915.0,1
4917.0,3
4919.0,2
4921.0,2
4923.0,1
4925.0,0
4927.0,1
4929.0,1
4931.0,3
4933.0,0
4935.0,0
4937.0,2
4939.0,0
4941.0,1
4943.0,1
4945.0,0
4947.0,1
4949.0,0
4951.0,1
4953.0,0
4955.0,0
4957.0,0
4959.0,0
4961.0,2
4963.0,0
4965.0,0
4967.0,0
4969.0,1
4971.0,1
4973.0,0
4975.0,1
4977.0,1
4979.0,0
4981.0,0
4983.0,0
4985.0,1
4987.0,0
4989.0,0
4991.0,0
4993.0,1
4995.0,0
4997.0,1
4999.0,0
5001.0,2
5003.0,0
5005.0,1
5007.0,1
5009.0,1
5011.0,1
5013.0,0
5015.0,2
5017.0,0
5019.0,0
5021.0,1
5023.0,1
5025.0,1
5027.0,1
5029.0,1
5031.0,1
5033.0,1
5035.0,0
5037.0,1
5039.0,0
5041.0,0
5043.0,0
5045.0,0
5047.0,1
5049.0,0
5051.0,0
5053.0,1
5055.0,0
5057.0,2
5059.0,0
5061.0,1
5063.0,0
5065.0,0
5067.0,1
5069.0,0
5071.0,1
5073.0,2
5075.0,0
5077.0,0
5079.0,1
5081.0,0
5083.0,0
5085.0,1
5087.0,1
5089.0,0
5091.0,0
5093.0,0
5095.0,0
5097.0,0
5099.0,1
5101.0,1
5103.0,0
5105.0,0
5107.0,0
5109.0,0
5111.0,1
5113.0,0
5115.0,0
5117.0,0
5119.0,1
5121.0,0
5123.0,0
5125.0,1
5127.0,0
5129.0,0
5131.0,2
5133.0,2
5135.0,0
5137.0,0
5139.0,1
5141.0,0
5143.0,0
5145.0,0
5147.0,1
5149.0,0
5151.0,0
5153.0,1
5155.0,0
5157.0,1
5159.0,1
5161.0,1
5163.0,2
5165.0,0
5167.0,1
5169.0,1
5171.0,1
5173.0,1
5175.0,0
5177.0,0
5179.0,0
5181.0,1
5183.0,0
5185.0,1
5187.0,1
5189.0,1
5191.0,0
5193.0,1
5195.0,1
5197.0,0
5199.0,0
5201.0,2
5203.0,0
5205.0,2
5207.0,0
5209.0,0
5211.0,1
5213.0,1
5215.0,1
5217.0,0
5219.0,0
5221.0,0
5223.0,0
5225.0,2
5227.0,0
5229.0,0
5231.0,1
5233.0,0
5235.0,1
5237.0,0
5239.0,2
5241.0,1
5243.0,0
5245.0,1
5247.0,1
5249.0,1
5251.0,1
5253.0,0
5255.0,0
5257.0,0
5259.0,2
5261.0,0
5263.0,1
5265.0,1
5267.0,1
5269.0,0
5271.0,1
5273.0,0
5275.0,0
5277.0,1
5279.0,3
5281.0,0
5283.0,3
5285.0,2
5287.0,0
5289.0,1
5291.0,0
5293.0,1
5295.0,0
5297.0,0
5299.0,0
5301.0,0
5303.0,0
5305.0,1
5307.0,0
5309.0,0
5311.0,0
5313.0,1
5315.0,0
5317.0,1
5319.0,0
5321.0,2
5323.0,2
5325.0,2
5327.0,0
5329.0,1
5331.0,0
5333.0,0
5335.0,0
5337.0,0
5339.0,0
5341.0,0
5343.0,0
5345.0,1
5347.0,0
5349.0,0
5351.0,0
5353.0,0
5355.0,0
5357.0,0
5359.0,0
5361.0,0
5363.0,0
5365.0,0
5367.0,2
5369.0,1
5371.0,1
5373.0,1
5375.0,0
5377.0,1
5379.0,0
5381.0,0
5383.0,2
5385.0,0
5387.0,0
5389.0,1
5391.0,0
5393.0,0
5395.0,0
5397.0,0
5399.0,1
5401.0,0
5403.0,1
5405.0,1
5407.0,2
5409.0,3
5411.0,0
5413.0,1
5415.0,0
5417.0,0
5419.0,0
5421.0,0
5423.0,0
5425.0,0
5427.0,0
5429.0,0
5431.0,1
5433.0,0
5435.0,0
5437.0,0
5439.0,0
5441.0,1
5443.0,0
5445.0,0
5447.0,0
5449.0,0
5451.0,1
5453.0,1
5455.0,0
5457.0,1
5459.0,0
5461.0,0
5463.0,0
5465.0,0
5467.0,0
5469.0,0
5471.0,0
5473.0,0
5475.0,0
5477.0,0
5479.0,0
5481.0,0
5483.0,0
5485.0,0
5487.0,2
5489.0,1
5491.0,0
5493.0,0
5495.0,0
5497.0,1
5499.0,1
5501.0,2
5503.0,0
5505.0,0
5507.0,0
5509.0,2
5511.0,1
5513.0,0
5515.0,0
5517.0,0
5519.0,0
5521.0,0
5523.0,0
5525.0,0
5527.0,0
5529.0,0
5531.0,0
5533.0,4
5535.0,2
5537.0,2
5539.0,1
5541.0,2
5543.0,1
5545.0,2
5547.0,0
5549.0,0
5551.0,0
5553.0,0
5555.0,0
5557.0,2
5559.0,1
5561.0,1
5563.0,0
5565.0,0
5567.0,0
5569.0,0
5571.0,1
5573.0,0
5575.0,0
5577.0,1
5579.0,0
5581.0,0
5583.0,1
5585.0,2
5587.0,0
5589.0,1
5591.0,0
5593.0,0
5595.0,1
5597.0,1
5599.0,1
5601.0,0
5603.0,1
5605.0,1
5607.0,0
5609.0,0
5611.0,0
5613.0,0
5615.0,0
5617.0,1
5619.0,1
5621.0,1
5623.0,1
5625.0,0
5627.0,0
5629.0,0
5631.0,0
5633.0,1
5635.0,0
5637.0,1
5639.0,0
5641.0,1
5643.0,0
5645.0,0
5647.0,1
5649.0,1
5651.0,1
5653.0,0
5655.0,0
5657.0,0
5659.0,0
5661.0,0
5663.0,2
5665.0,0
5667.0,0
5669.0,0
5671.0,1
5673.0,0
5675.0,1
5677.0,0
5679.0,0
5681.0,2
5683.0,2
5685.0,1
5687.0,1
5689.0,1
5691.0,1
5693.0,0
5695.0,0
5697.0,0
5699.0,0
5701.0,0
5703.0,0
5705.0,2
5707.0,2
5709.0,2
5711.0,2
5713.0,0
5715.0,0
5717.0,0
5719.0,0
5721.0,1
5723.0,1
5725.0,0
5727.0,2
5729.0,2
5731.0,0
5733.0,0
5735.0,1
5737.0,0
5739.0,0
5741.0,0
5743.0,1
5745.0,0
5747.0,0
5749.0,0
5751.0,0
5753.0,0
5755.0,0
5757.0,0
5759.0,0
5761.0,3
5763.0,1
5765.0,0
5767.0,1
5769.0,0
5771.0,0
5773.0,0
5775.0,0
5777.0,0
5779.0,1
5781.0,0
5783.0,0
5785.0,0
5787.0,1
5789.0,0
5791.0,1
5793.0,0
5795.0,1
5797.0,1
5799.0,0
5801.0,0
5803.0,0
5805.0,0
5807.0,0
5809.0,2
5811.0,0
5813.0,0
5815.0,1
5817.0,0
5819.0,1
5821.0,1
5823.0,0
5825.0,1
5827.0,0
5829.0,0
5831.0,0
5833.0,0
5835.0,0
5837.0,1
5839.0,1
5841.0,0
5843.0,2
5845.0,0
5847.0,1
5849.0,0
5851.0,1
5853.0,0
5855.0,0
5857.0,1
5859.0,0
5861.0,0
5863.0,4
5865.0,0
5867.0,1
5869.0,0
5871.0,0
5873.0,2
5875.0,1
5877.0,0
5879.0,1
5881.0,0
5883.0,0
5885.0,0
5887.0,0
5889.0,0
5891.0,0
5893.0,0
5895.0,1
5897.0,1
5899.0,1
5901.0,1
5903.0,0
5905.0,0
5907.0,0
5909.0,1
5911.0,0
5913.0,0
5915.0,0
5917.0,0
5919.0,0
5921.0,1
5923.0,0
5925.0,1
5927.0,0
5929.0,0
5931.0,1
5933.0,0
5935.0,0
5937.0,0
5939.0,0
5941.0,0
5943.0,0
5945.0,0
5947.0,0
5949.0,0
5951.0,0
5953.0,0
5955.0,1
5957.0,0
5959.0,2
5961.0,0
5963.0,1
5965.0,0
5967.0,1
5969.0,1
5971.0,0
5973.0,1
5975.0,0
5977.0,0
5979.0,0
5981.0,1
5983.0,0
5985.0,0
5987.0,1
5989.0,0
5991.0,1
5993.0,0
5995.0,0
5997.0,0
5999.0,0
6001.0,0
6003.0,1
6005.0,0
6007.0,0
6009.0,0
6011.0,1
6013.0,0
6015.0,0
6017.0,0
6019.0,0
6021.0,0
6023.0,0
6025.0,0
6027.0,0
6029.0,0
6031.0,0
6033.0,0
6035.0,1
6037.0,0
6039.0,0
6041.0,0
6043.0,0
6045.0,0
6047.0,1
6049.0,0
6051.0,0
6053.0,0
6055.0,0
6057.0,0
6059.0,0
6061.0,0
6063.0,0
6065.0,0
6067.0,0
6069.0,0
6071.0,0
6073.0,0
6075.0,0
6077.0,0
6079.0,0
6081.0,0
6083.0,0
6085.0,0
6087.0,1
6089.0,0
6091.0,2
6093.0,0
6095.0,1
6097.0,0
6099.0,2
6101.0,0
6103.0,1
6105.0,1
6107.0,0
6109.0,0
6111.0,0
6113.0,0
6115.0,0
6117.0,0
6119.0,0
6121.0,0
6123.0,0
6125.0,0
6127.0,0
6129.0,1
6131.0,2
6133.0,0
6135.0,0
6137.0,1
6139.0,1
6141.0,0
6143.0,1
6145.0,0
6147.0,0
6149.0,1
6151.0,0
6153.0,0
6155.0,0
6157.0,0
6159.0,0
6161.0,0
6163.0,0
6165.0,0
6167.0,0
6169.0,1
6171.0,0
6173.0,2
6175.0,0
6177.0,0
6179.0,2
6181.0,0
6183.0,0
6185.0,0
6187.0,0
6189.0,0
6191.0,1
6193.0,0
6195.0,0
6197.0,0
6199.0,0
6201.0,0
6203.0,0
6205.0,0
6207.0,2
6209.0,0
6211.0,0
6213.0,1
6215.0,0
6217.0,0
6219.0,2
6221.0,0
6223.0,0
6225.0,0
6227.0,0
6229.0,0
6231.0,0
6233.0,1
6235.0,0
6237.0,1
6239.0,1
6241.0,0
6243.0,0
6245.0,2
6247.0,0
6249.0,1
6251.0,1
6253.0,0
6255.0,0
6257.0,0
6259.0,1
6261.0,1
6263.0,0
6265.0,0
6267.0,0
6269.0,0
6271.0,0
6273.0,0
6275.0,0
6277.0,0
6279.0,0
6281.0,1
6283.0,0
6285.0,1
6287.0,0
6289.0,0
6291.0,1
6293.0,0
6295.0,0
6297.0,0
6299.0,0
6301.0,0
6303.0,0
6305.0,0
6307.0,0
6309.0,0
6311.0,0
6313.0,0
6315.0,0
6317.0,1
6319.0,0
6321.0,0
6323.0,2
6325.0,1
6327.0,1
6329.0,0
6331.0,1
6333.0,0
6335.0,0
6337.0,0
6339.0,0
6341.0,0
6343.0,0
6345.0,1
6347.0,0
6349.0,0
6351.0,0
6353.0,0
6355.0,0
6357.0,0
6359.0,0
6361.0,1
6363.0,2
6365.0,0
6367.0,0
6369.0,0
6371.0,0
6373.0,0
6375.0,0
6377.0,0
6379.0,0
6381.0,0
6383.0,0
6385.0,0
6387.0,0
6389.0,0
6391.0,0
6393.0,0
6395.0,1
6397.0,1
6399.0,1
6401.0,0
6403.0,0
6405.0,0
6407.0,2
6409.0,0
6411.0,0
6413.0,0
6415.0,0
6417.0,0
6419.0,0
6421.0,0
6423.0,1
6425.0,0
6427.0,0
6429.0,2
6431.0,2
6433.0,0
6435.0,1
6437.0,0
6439.0,0
6441.0,0
6443.0,0
6445.0,1
6447.0,0
6449.0,0
6451.0,1
6453.0,0
6455.0,0
6457.0,0
6459.0,0
6461.0,0
6463.0,0
6465.0,0
6467.0,0
6469.0,0
6471.0,1
6473.0,0
6475.0,0
6477.0,0
6479.0,0
6481.0,0
6483.0,0
6485.0,1
6487.0,0
6489.0,0
6491.0,0
6493.0,0
6495.0,0
6497.0,0
6499.0,0
6501.0,0
6503.0,0
6505.0,0
6507.0,0
6509.0,0
6511.0,0
6513.0,0
6515.0,0
6517.0,0
6519.0,0
6521.0,0
6523.0,0
6525.0,1
6527.0,0
6529.0,0
6531.0,0
6533.0,0
6535.0,0
6537.0,0
6539.0,0
6541.0,1
6543.0,0
6545.0,0
6547.0,0
6549.0,0
6551.0,0
6553.0,0
6555.0,0
6557.0,1
6559.0,0
6561.0,1
6563.0,0
6565.0,0
6567.0,1
6569.0,0
6571.0,0
6573.0,1
6575.0,0
6577.0,0
6579.0,0
6581.0,0
6583.0,1
6585.0,0
6587.0,0
6589.0,0
6591.0,1
6593.0,0
6595.0,2
6597.0,1
6599.0,0
6601.0,0
6603.0,0
6605.0,0
6607.0,1
6609.0,0
6611.0,0
6613.0,0
6615.0,0
6617.0,0
6619.0,0
6621.0,0
6623.0,1
6625.0,0
6627.0,2
6629.0,0
6631.0,0
6633.0,0
6635.0,0
6637.0,0
6639.0,1
6641.0,0
6643.0,0
6645.0,1
6647.0,0
6649.0,0
6651.0,0
6653.0,0
6655.0,0
6657.0,1
6659.0,0
6661.0,1
6663.0,0
6665.0,0
6667.0,0
6669.0,0
6671.0,0
6673.0,0
6675.0,0
6677.0,0
6679.0,1
6681.0,1
6683.0,0
6685.0,0
6687.0,1
6689.0,0
6691.0,0
6693.0,1
6695.0,0
6697.0,0
6699.0,0
6701.0,1
6703.0,1
6705.0,0
6707.0,1
6709.0,0
6711.0,1
6713.0,1
6715.0,0
6717.0,0
6719.0,0
6721.0,0
6723.0,1
6725.0,0
6727.0,2
6729.0,0
6731.0,1
6733.0,1
6735.0,0
6737.0,0
6739.0,0
6741.0,1
6743.0,0
6745.0,0
6747.0,0
6749.0,0
6751.0,1
6753.0,0
6755.0,1
6757.0,0
6759.0,0
6761.0,0
6763.0,0
6765.0,0
6767.0,0
6769.0,0
6771.0,1
6773.0,0
6775.0,0
6777.0,1
6779.0,0
6781.0,1
6783.0,0
6785.0,0
6787.0,0
6789.0,0
6791.0,0
6793.0,0
6795.0,0
6797.0,0
6799.0,1
6801.0,0
6803.0,0
6805.0,0
6807.0,0
6809.0,1
6811.0,0
6813.0,0
6815.0,0
6817.0,0
6819.0,0
6821.0,0
6823.0,0
6825.0,0
6827.0,0
6829.0,0
6831.0,0
6833.0,0
6835.0,0
6837.0,0
6839.0,0
6841.0,0
6843.0,0
6845.0,0
6847.0,0
6849.0,0
6851.0,0
6853.0,0
6855.0,1
6857.0,0
6859.0,0
6861.0,0
6863.0,0
6865.0,0
6867.0,0
6869.0,0
6871.0,0
6873.0,0
6875.0,0
6877.0,0
6879.0,1
6881.0,1
6883.0,0
6885.0,0
6887.0,0
6889.0,0
6891.0,1
6893.0,0
6895.0,0
6897.0,0
6899.0,0
6901.0,0
6903.0,0
6905.0,0
6907.0,0
6909.0,0
6911.0,0
6913.0,0
6915.0,0
6917.0,0
6919.0,0
6921.0,0
6923.0,0
6925.0,1
6927.0,0
6929.0,0
6931.0,0
6933.0,0
6935.0,0
6937.0,0
6939.0,0
6941.0,0
6943.0,0
6945.0,0
6947.0,0
6949.0,0
6951.0,0
6953.0,0
6955.0,0
6957.0,0
6959.0,0
6961.0,0
6963.0,0
6965.0,0
6967.0,0
6969.0,0
6971.0,0
6973.0,0
6975.0,0
6977.0,0
6979.0,0
6981.0,0
6983.0,0
6985.0,0
6987.0,0
6989.0,0
6991.0,1
6993.0,0
6995.0,0
6997.0,0
6999.0,0
7001.0,0
7003.0,0
7005.0,0
7007.0,2
7009.0,0
7011.0,0
7013.0,0
7015.0,0
7017.0,0
7019.0,0
7021.0,0
7023.0,0
7025.0,0
7027.0,0
7029.0,0
7031.0,0
7033.0,0
7035.0,0
7037.0,0
7039.0,0
7041.0,0
7043.0,0
7045.0,0
7047.0,0
7049.0,0
7051.0,0
7053.0,0
7055.0,0
7057.0,0
7059.0,1
7061.0,0
7063.0,0
7065.0,0
7067.0,0
7069.0,0
7071.0,0
7073.0,1
7075.0,0
7077.0,1
7079.0,0
7081.0,0
7083.0,1
7085.0,0
7087.0,1
7089.0,1
7091.0,0
7093.0,0
7095.0,0
7097.0,0
7099.0,0
7101.0,0
7103.0,0
7105.0,0
7107.0,1
7109.0,0
7111.0,0
7113.0,0
7115.0,0
7117.0,0
7119.0,0
7121.0,0
7123.0,0
7125.0,0
7127.0,0
7129.0,0
7131.0,0
7133.0,0
7135.0,0
7137.0,0
7139.0,1
7141.0,0
7143.0,1
7145.0,0
7147.0,0
7149.0,0
7151.0,0
7153.0,0
7155.0,0
7157.0,0
7159.0,0
7161.0,0
7163.0,1
7165.0,1
7167.0,0
7169.0,0
7171.0,0
7173.0,1
7175.0,0
7177.0,1
7179.0,0
7181.0,0
7183.0,0
7185.0,0
7187.0,0
7189.0,0
7191.0,1
7193.0,0
7195.0,0
7197.0,0
7199.0,0
7201.0,0
7203.0,0
7205.0,0
7207.0,0
7209.0,0
7211.0,0
7213.0,0
7215.0,0
7217.0,0
7219.0,0
7221.0,0
7223.0,0
7225.0,0
7227.0,0
7229.0,0
7231.0,0
7233.0,1
7235.0,1
7237.0,0
7239.0,0
7241.0,0
7243.0,0
7245.0,0
7247.0,0
7249.0,0
7251.0,0
7253.0,0
7255.0,0
7257.0,0
7259.0,0
7261.0,0
7263.0,0
7265.0,0
7267.0,0
7269.0,0
7271.0,0
7273.0,1
7275.0,1
7277.0,0
7279.0,0
7281.0,0
7283.0,0
7285.0,0
7287.0,0
7289.0,0
7291.0,0
7293.0,0
7295.0,0
7297.0,1
7299.0,1
7301.0,0
7303.0,1
7305.0,0
7307.0,0
7309.0,0
7311.0,0
7313.0,0
7315.0,0
7317.0,0
7319.0,0
7321.0,0
7323.0,0
7325.0,1
7327.0,0
7329.0,0
7331.0,1
7333.0,0
7335.0,0
7337.0,0
7339.0,0
7341.0,0
7343.0,0
7345.0,0
7347.0,1
7349.0,0
7351.0,0
7353.0,0
7355.0,0
7357.0,0
7359.0,0
7361.0,0
7363.0,0
7365.0,1
7367.0,0
7369.0,1
7371.0,0
7373.0,0
7375.0,0
7377.0,0
7379.0,0
7381.0,0
7383.0,0
7385.0,0
7387.0,0
7389.0,1
7391.0,0
7393.0,1
7395.0,0
7397.0,0
7399.0,0
7401.0,0
7403.0,1
7405.0,0
7407.0,0
7409.0,0
7411.0,0
7413.0,0
7415.0,0
7417.0,0
7419.0,1
7421.0,0
7423.0,0
7425.0,0
7427.0,0
7429.0,0
7431.0,0
7433.0,0
7435.0,0
7437.0,0
7439.0,0
7441.0,0
7443.0,0
7445.0,0
7447.0,0
7449.0,0
7451.0,0
7453.0,2
7455.0,1
7457.0,0
7459.0,0
7461.0,1
7463.0,1
7465.0,0
7467.0,0
7469.0,0
7471.0,0
7473.0,0
7475.0,0
7477.0,0
7479.0,1
7481.0,0
7483.0,1
7485.0,0
7487.0,0
7489.0,0
7491.0,1
7493.0,0
7495.0,0
7497.0,0
7499.0,0
7501.0,0
7503.0,0
7505.0,0
7507.0,0
7509.0,0
7511.0,0
7513.0,0
7515.0,0
7517.0,0
7519.0,0
7521.0,1
7523.0,0
7525.0,0
7527.0,0
7529.0,0
7531.0,0
7533.0,0
7535.0,0
7537.0,0
7539.0,0
7541.0,0
7543.0,0
7545.0,1
7547.0,0
7549.0,0
7551.0,0
7553.0,0
7555.0,0
7557.0,0
7559.0,0
7561.0,0
7563.0,0
7565.0,0
7567.0,0
7569.0,0
7571.0,1
7573.0,0
7575.0,0
7577.0,0
7579.0,0
7581.0,0
7583.0,0
7585.0,0
7587.0,1
7589.0,0
7591.0,0
7593.0,0
7595.0,0
7597.0,1
7599.0,1
7601.0,0
7603.0,1
7605.0,0
7607.0,0
7609.0,0
7611.0,0
7613.0,0
7615.0,0
7617.0,0
7619.0,0
7621.0,1
7623.0,0
7625.0,0
7627.0,0
7629.0,0
7631.0,0
7633.0,0
7635.0,0
7637.0,1
7639.0,0
7641.0,0
7643.0,0
7645.0,0
7647.0,0
7649.0,0
7651.0,0
7653.0,1
7655.0,0
7657.0,0
7659.0,0
7661.0,0
7663.0,0
7665.0,1
7667.0,0
7669.0,0
7671.0,0
7673.0,0
7675.0,0
7677.0,0
7679.0,0
7681.0,0
7683.0,0
7685.0,0
7687.0,0
7689.0,0
7691.0,0
7693.0,0
7695.0,0
7697.0,0
7699.0,1
7701.0,0
7703.0,0
7705.0,0
7707.0,0
7709.0,1
7711.0,0
7713.0,0
7715.0,0
7717.0,0
7719.0,1
7721.0,0
7723.0,0
7725.0,0
7727.0,0
7729.0,0
7731.0,0
7733.0,0
7735.0,2
7737.0,0
7739.0,0
7741.0,0
7743.0,0
7745.0,0
7747.0,0
7749.0,0
7751.0,0
7753.0,0
7755.0,0
7757.0,0
7759.0,0
7761.0,0
7763.0,0
7765.0,0
7767.0,0
7769.0,0
7771.0,0
7773.0,0
7775.0,0
7777.0,0
7779.0,0
7781.0,0
7783.0,0
7785.0,0
7787.0,1
7789.0,0
7791.0,0
7793.0,0
7795.0,0
7797.0,0
7799.0,0
7801.0,0
7803.0,0
7805.0,0
7807.0,1
7809.0,0
7811.0,0
7813.0,0
7815.0,0
7817.0,1
7819.0,0
7821.0,0
7823.0,1
7825.0,0
7827.0,0
7829.0,0
7831.0,0
7833.0,0
7835.0,0
7837.0,0
7839.0,0
7841.0,0
7843.0,0
7845.0,0
7847.0,0
7849.0,0
7851.0,0
7853.0,0
7855.0,0
7857.0,0
7859.0,0
7861.0,0
7863.0,0
7865.0,0
7867.0,0
7869.0,0
7871.0,0
7873.0,0
7875.0,0
7877.0,0
7879.0,0
7881.0,1
7883.0,0
7885.0,0
7887.0,0
7889.0,0
7891.0,0
7893.0,0
7895.0,0
7897.0,0
7899.0,0
7901.0,0
7903.0,0
7905.0,0
7907.0,0
7909.0,0
7911.0,0
7913.0,0
7915.0,1
7917.0,0
7919.0,0
7921.0,0
7923.0,0
7925.0,0
7927.0,0
7929.0,0
7931.0,0
7933.0,0
7935.0,0
7937.0,0
7939.0,0
7941.0,0
7943.0,0
7945.0,0
7947.0,0
7949.0,1
7951.0,0
7953.0,0
7955.0,0
7957.0,1
7959.0,0
7961.0,0
7963.0,0
7965.0,0
7967.0,0
7969.0,1
7971.0,0
7973.0,0
7975.0,0
7977.0,0
7979.0,0
7981.0,0
7983.0,0
7985.0,0
7987.0,0
7989.0,0
7991.0,0
7993.0,0
7995.0,0
7997.0,0
7999.0,0
8001.0,0
8003.0,0
8005.0,0
8007.0,1
8009.0,0
8011.0,0
8013.0,0
8015.0,1
8017.0,0
8019.0,0
8021.0,0
8023.0,0
8025.0,0
8027.0,0
8029.0,1
8031.0,0
8033.0,0
8035.0,1
8037.0,0
8039.0,0
8041.0,0
8043.0,0
8045.0,0
8047.0,0
8049.0,0
8051.0,3
8053.0,0
8055.0,0
8057.0,1
8059.0,0
8061.0,0
8063.0,0
8065.0,1
8067.0,1
8069.0,0
8071.0,3
8073.0,0
8075.0,1
8077.0,2
8079.0,1
8081.0,0
8083.0,0
8085.0,0
8087.0,1
8089.0,0
8091.0,1
8093.0,0
8095.0,1
8097.0,0
8099.0,0
8101.0,0
8103.0,1
8105.0,0
8107.0,1
8109.0,0
8111.0,0
8113.0,1
8115.0,0
8117.0,1
8119.0,1
8121.0,0
8123.0,1
8125.0,0
8127.0,1
8129.0,0
8131.0,1
8133.0,1
8135.0,0
8137.0,0
8139.0,2
8141.0,0
8143.0,0
8145.0,0
8147.0,0
8149.0,0
8151.0,0
8153.0,0
8155.0,1
8157.0,2
8159.0,0
8161.0,0
8163.0,2
8165.0,2
8167.0,0
8169.0,0
8171.0,0
8173.0,0
8175.0,0
8177.0,0
8179.0,0
8181.0,0
8183.0,1
8185.0,1
8187.0,3
8189.0,0
8191.0,2
8193.0,0
8195.0,0
8197.0,0
8199.0,0
8201.0,1
8203.0,1
8205.0,0
8207.0,1
8209.0,0
8211.0,1
8213.0,1
8215.0,0
8217.0,3
8219.0,3
8221.0,0
8223.0,1
8225.0,0
8227.0,0
8229.0,0
8231.0,2
8233.0,1
8235.0,1
8237.0,2
8239.0,0
8241.0,0
8243.0,1
8245.0,2
8247.0,2
8249.0,1
8251.0,1
8253.0,1
8255.0,0
8257.0,1
8259.0,3
8261.0,1
8263.0,1
8265.0,1
8267.0,0
8269.0,1
8271.0,3
8273.0,1
8275.0,1
8277.0,2
8279.0,1
8281.0,2
8283.0,1
8285.0,2
8287.0,0
8289.0,1
8291.0,0
8293.0,1
8295.0,1
8297.0,1
8299.0,0
8301.0,1
8303.0,1
8305.0,2
8307.0,3
8309.0,3
8311.0,7
8313.0,10
8315.0,10
8317.0,13
8319.0,15
8321.0,7
8323.0,10
8325.0,1
8327.0,2
8329.0,0
8331.0,0
8333.0,1
8335.0,0
8337.0,0
8339.0,0
8341.0,0
8343.0,0
8345.0,0
8347.0,1
8349.0,1
8351.0,0
8353.0,0
8355.0,0
8357.0,0
8359.0,0
8361.0,0
8363.0,0
8365.0,1
8367.0,1
8369.0,0
8371.0,1
8373.0,0
8375.0,0
8377.0,0
8379.0,0
8381.0,1
8383.0,0
8385.0,0
8387.0,0
8389.0,0
8391.0,0
8393.0,0
8395.0,0
8397.0,0
8399.0,0
8401.0,0
8403.0,0
8405.0,1
8407.0,1
8409.0,0
8411.0,3
8413.0,0
8415.0,1
8417.0,0
8419.0,0
8421.0,0
8423.0,0
8425.0,0
8427.0,0
8429.0,0
8431.0,0
8433.0,0
8435.0,0
8437.0,0
8439.0,0
8441.0,0
8443.0,0
8445.0,0
8447.0,0
8449.0,1
8451.0,0
8453.0,1
8455.0,1
8457.0,1
8459.0,2
8461.0,2
8463.0,2
8465.0,0
8467.0,0
8469.0,2
8471.0,2
8473.0,2
8475.0,1
8477.0,0
8479.0,1
8481.0,0
8483.0,0
8485.0,0
8487.0,0
8489.0,0
8491.0,0
8493.0,0
8495.0,0
8497.0,0
8499.0,2
8501.0,0
8503.0,0
8505.0,0
8507.0,0
8509.0,0
8511.0,0
8513.0,0
8515.0,0
8517.0,0
8519.0,1
8521.0,0
8523.0,1
8525.0,1
8527.0,1
8529.0,0
8531.0,0
8533.0,0
8535.0,0
8537.0,0
8539.0,0
8541.0,0
8543.0,0
8545.0,0
8547.0,0
8549.0,0
8551.0,0
8553.0,0
8555.0,0
8557.0,1
8559.0,0
8561.0,0
8563.0,0
8565.0,0
8567.0,0
8569.0,0
8571.0,0
8573.0,1
8575.0,0
8577.0,0
8579.0,0
8581.0,0
8583.0,0
8585.0,0
8587.0,0
8589.0,0
8591.0,0
8593.0,0
8595.0,1
8597.0,3
8599.0,2
8601.0,1
8603.0,0
8605.0,0
8607.0,1
8609.0,0
8611.0,0
8613.0,0
8615.0,0
8617.0,0
8619.0,0
8621.0,1
8623.0,0
8625.0,0
8627.0,0
8629.0,0
8631.0,0
8633.0,0
8635.0,0
8637.0,0
8639.0,0
8641.0,0
8643.0,0
8645.0,2
8647.0,0
8649.0,0
8651.0,0
8653.0,1
8655.0,1
8657.0,0
8659.0,2
8661.0,0
8663.0,0
8665.0,0
8667.0,0
8669.0,1
8671.0,0
8673.0,0
8675.0,0
8677.0,0
8679.0,1
8681.0,0
8683.0,0
8685.0,0
8687.0,0
8689.0,0
8691.0,0
8693.0,0
8695.0,0
8697.0,1
8699.0,0
8701.0,1
8703.0,0
8705.0,0
8707.0,0
8709.0,0
8711.0,0
8713.0,0
8715.0,0
8717.0,0
8719.0,0
8721.0,0
8723.0,0
8725.0,1
8727.0,1
8729.0,0
8731.0,0
8733.0,1
8735.0,0
8737.0,0
8739.0,0
8741.0,0
8743.0,0
8745.0,1
8747.0,0
8749.0,0
8751.0,0
8753.0,0
8755.0,0
8757.0,0
8759.0,0
8761.0,0
8763.0,0
8765.0,0
8767.0,0
8769.0,0
8771.0,0
8773.0,0
8775.0,1
8777.0,0
8779.0,0
8781.0,0
8783.0,0
8785.0,0
8787.0,1
8789.0,0
8791.0,0
8793.0,1
8795.0,1
8797.0,1
8799.0,1
8801.0,1
8803.0,1
8805.0,1
8807.0,0
8809.0,0
8811.0,0
8813.0,0
8815.0,0
8817.0,0
8819.0,0
8821.0,0
8823.0,0
8825.0,0
8827.0,0
8829.0,0
8831.0,0
8833.0,0
8835.0,1
8837.0,1
8839.0,0
8841.0,0
8843.0,0
8845.0,2
8847.0,0
8849.0,1
8851.0,1
8853.0,0
8855.0,0
8857.0,2
8859.0,0
8861.0,0
8863.0,0
8865.0,0
8867.0,0
8869.0,0
8871.0,0
8873.0,2
8875.0,0
8877.0,0
8879.0,2
8881.0,1
8883.0,1
8885.0,1
8887.0,0
8889.0,0
8891.0,1
8893.0,0
8895.0,0
8897.0,0
8899.0,1
8901.0,1
8903.0,0
8905.0,0
8907.0,2
8909.0,0
8911.0,0
8913.0,3
8915.0,1
8917.0,1
8919.0,0
8921.0,0
8923.0,0
8925.0,0
8927.0,1
8929.0,0
8931.0,0
8933.0,0
8935.0,2
8937.0,1
8939.0,1
8941.0,1
8943.0,0
8945.0,0
8947.0,1
8949.0,2
8951.0,0
8953.0,2
8955.0,0
8957.0,0
8959.0,0
8961.0,0
8963.0,0
8965.0,0
8967.0,2
8969.0,3
8971.0,2
8973.0,7
8975.0,3
8977.0,3
8979.0,2
8981.0,0
8983.0,1
8985.0,0
8987.0,1
8989.0,1
8991.0,0
8993.0,1
8995.0,0
8997.0,0
8999.0,0
9001.0,1
9003.0,0
9005.0,1
9007.0,1
9009.0,2
9011.0,1
9013.0,7
9015.0,2
9017.0,1
9019.0,2
9021.0,4
9023.0,0
9025.0,1
9027.0,0
9029.0,1
9031.0,1
9033.0,0
9035.0,1
9037.0,2
9039.0,0
9041.0,0
9043.0,1
9045.0,2
9047.0,1
9049.0,0
9051.0,0
9053.0,1
9055.0,0
9057.0,0
9059.0,2
9061.0,10
9063.0,4
9065.0,3
9067.0,0
9069.0,1
9071.0,2
9073.0,0
9075.0,1
9077.0,0
9079.0,0
9081.0,0
9083.0,0
9085.0,0
9087.0,0
9089.0,5
9091.0,1
9093.0,3
9095.0,1
9097.0,5
9099.0,1
9101.0,0
9103.0,5
9105.0,0
9107.0,2
9109.0,3
9111.0,0
9113.0,2
9115.0,1
9117.0,0
9119.0,1
9121.0,0
9123.0,0
9125.0,8
9127.0,5
9129.0,3
9131.0,8
9133.0,9
9135.0,1
9137.0,2
9139.0,1
9141.0,0
9143.0,2
9145.0,2
9147.0,2
9149.0,0
9151.0,0
9153.0,0
9155.0,0
9157.0,0
9159.0,1
9161.0,0
9163.0,0
9165.0,0
9167.0,0
9169.0,0
9171.0,0
9173.0,0
9175.0,0
9177.0,0
9179.0,0
9181.0,0
9183.0,2
9185.0,0
9187.0,0
9189.0,0
9191.0,0
9193.0,1
9195.0,0
9197.0,0
9199.0,1
9201.0,1
9203.0,0
9205.0,1
9207.0,0
9209.0,0
9211.0,0
9213.0,0
9215.0,1
9217.0,0
9219.0,0
9221.0,2
9223.0,1
9225.0,0
9227.0,1
9229.0,1
9231.0,0
9233.0,0
9235.0,0
9237.0,0
9239.0,2
9241.0,1
9243.0,1
9245.0,1
9247.0,0
9249.0,0
9251.0,0
9253.0,1
9255.0,0
9257.0,1
9259.0,1
9261.0,1
9263.0,1
9265.0,2
9267.0,1
9269.0,0
9271.0,0
9273.0,0
9275.0,0
9277.0,0
9279.0,0
9281.0,0
9283.0,0
9285.0,0
9287.0,0
9289.0,0
9291.0,0
9293.0,0
9295.0,0
9297.0,0
9299.0,0
9301.0,2
9303.0,1
9305.0,0
9307.0,0
9309.0,0
9311.0,0
9313.0,0
9315.0,0
9317.0,0
9319.0,0
9321.0,0
9323.0,0
9325.0,0
9327.0,0
9329.0,0
9331.0,0
9333.0,0
9335.0,0
9337.0,0
9339.0,1
9341.0,0
9343.0,0
9345.0,0
9347.0,0
9349.0,1
9351.0,0
9353.0,0
9355.0,0
9357.0,0
9359.0,0
9361.0,0
9363.0,0
9365.0,0
9367.0,0
9369.0,0
9371.0,0
9373.0,0
9375.0,0
9377.0,0
9379.0,0
9381.0,1
9383.0,0
9385.0,0
9387.0,1
9389.0,0
9391.0,1
9393.0,0
9395.0,0
9397.0,0
9399.0,0
9401.0,0
9403.0,1
9405.0,0
9407.0,0
9409.0,0
9411.0,0
9413.0,0
9415.0,0
9417.0,0
9419.0,1
9421.0,0
9423.0,0
9425.0,0
9427.0,1
9429.0,0
9431.0,1
9433.0,0
9435.0,0
9437.0,0
9439.0,0
9441.0,0
9443.0,0
9445.0,0
9447.0,0
9449.0,0
9451.0,0
9453.0,0
9455.0,0
9457.0,0
9459.0,0
9461.0,0
9463.0,0
9465.0,0
9467.0,0
9469.0,0
9471.0,0
9473.0,0
9475.0,0
9477.0,1
9479.0,0
9481.0,0
9483.0,0
9485.0,0
9487.0,0
9489.0,0
9491.0,0
9493.0,0
9495.0,0
9497.0,0
9499.0,0
9501.0,0
9503.0,0
9505.0,0
9507.0,0
9509.0,0
9511.0,0
9513.0,0
9515.0,0
9517.0,0
9519.0,0
9521.0,0
9523.0,0
9525.0,0
9527.0,0
9529.0,0
9531.0,0
9533.0,0
9535.0,1
9537.0,0
9539.0,0
9541.0,0
9543.0,1
9545.0,0
9547.0,0
9549.0,0
9551.0,0
9553.0,0
9555.0,0
9557.0,0
9559.0,1
9561.0,0
9563.0,0
9565.0,0
9567.0,0
9569.0,0
9571.0,0
9573.0,0
9575.0,0
9577.0,0
9579.0,0
9581.0,0
9583.0,1
9585.0,0
9587.0,0
9589.0,1
9591.0,0
9593.0,0
9595.0,0
9597.0,0
9599.0,0
9601.0,0
9603.0,0
9605.0,0
9607.0,1
9609.0,0
9611.0,0
9613.0,0
9615.0,0
9617.0,0
9619.0,1
9621.0,1
9623.0,0
9625.0,0
9627.0,0
9629.0,1
9631.0,0
9633.0,0
9635.0,1
9637.0,2
9639.0,0
9641.0,0
9643.0,0
9645.0,0
9647.0,1
9649.0,1
9651.0,1
9653.0,1
9655.0,0
9657.0,0
9659.0,1
9661.0,0
9663.0,0
9665.0,0
9667.0,0
9669.0,1
9671.0,0
9673.0,0
9675.0,1
9677.0,0
9679.0,0
9681.0,0
9683.0,1
9685.0,0
9687.0,1
9689.0,0
9691.0,1
9693.0,0
9695.0,1
9697.0,1
9699.0,2
9701.0,0
9703.0,1
9705.0,0
9707.0,0
9709.0,0
9711.0,0
9713.0,0
9715.0,1
9717.0,0
9719.0,1
9721.0,0
9723.0,0
9725.0,0
9727.0,0
9729.0,0
9731.0,0
9733.0,0
9735.0,0
9737.0,0
9739.0,0
9741.0,0
9743.0,0
9745.0,0
9747.0,0
9749.0,0
9751.0,0
9753.0,0
9755.0,0
9757.0,0
9759.0,0
9761.0,0
9763.0,0
9765.0,0
9767.0,0
9769.0,1
9771.0,0
9773.0,0
9775.0,0
9777.0,0
9779.0,1
9781.0,0
9783.0,0
9785.0,0
9787.0,0
9789.0,0
9791.0,0
9793.0,0
9795.0,0
9797.0,0
9799.0,0
9801.0,0
9803.0,0
9805.0,0
9807.0,0
9809.0,0
9811.0,0
9813.0,0
9815.0,0
9817.0,0
9819.0,0
9821.0,0
9823.0,0
9825.0,0
9827.0,0
9829.0,0
9831.0,0
9833.0,0
9835.0,0
9837.0,0
9839.0,0
9841.0,1
9843.0,0
9845.0,0
9847.0,0
9849.0,0
9851.0,0
9853.0,0
9855.0,0
9857.0,0
9859.0,1
9861.0,0
9863.0,0
9865.0,0
9867.0,0
9869.0,0
9871.0,0
9873.0,0
9875.0,1
9877.0,2
9879.0,0
9881.0,0
9883.0,0
9885.0,0
9887.0,0
9889.0,0
9891.0,0
9893.0,0
9895.0,0
9897.0,0
9899.0,0
9901.0,1
9903.0,0
9905.0,0
9907.0,0
9909.0,0
9911.0,0
9913.0,0
9915.0,0
9917.0,0
9919.0,0
9921.0,0
9923.0,0
9925.0,0
9927.0,0
9929.0,0
9931.0,0
9933.0,1
9935.0,0
9937.0,0
9939.0,0
9941.0,0
9943.0,0
9945.0,1
9947.0,0
9949.0,0
9951.0,0
9953.0,0
9955.0,0
9957.0,0
9959.0,0
9961.0,0
9963.0,0
9965.0,0
9967.0,0
9969.0,0
9971.0,1
9973.0,0
9975.0,0
9977.0,0
9979.0,0
9981.0,0
9983.0,1
9985.0,0
9987.0,0
9989.0,1
9991.0,1
9993.0,0
9995.0,0
9997.0,0
9999.0,0
10001.0,0
10003.0,0
10005.0,0
10007.0,0
10009.0,0
10011.0,0
10013.0,0
10015.0,0
10017.0,0
10019.0,1
10021.0,0
10023.0,0
10025.0,0
10027.0,0
10029.0,0
10031.0,0
10033.0,0
10035.0,1
10037.0,0
10039.0,0
10041.0,0
10043.0,0
10045.0,0
10047.0,0
10049.0,0
10051.0,0
10053.0,0
10055.0,1
10057.0,0
10059.0,1
10061.0,0
10063.0,0
10065.0,0
10067.0,0
10069.0,0
10071.0,0
10073.0,0
10075.0,0
10077.0,0
10079.0,0
10081.0,1
10083.0,0
10085.0,0
10087.0,0
10089.0,0
10091.0,0
10093.0,0
10095.0,0
10097.0,0
10099.0,0
10101.0,1
10103.0,0
10105.0,0
10107.0,1
10109.0,0
10111.0,0
10113.0,1
10115.0,0
10117.0,0
10119.0,0
10121.0,0
10123.0,0
10125.0,0
10127.0,0
10129.0,0
10131.0,0
10133.0,0
10135.0,0
10137.0,0
10139.0,1
10141.0,0
10143.0,0
10145.0,0
10147.0,0
10149.0,0
10151.0,0
10153.0,0
10155.0,0
10157.0,1
10159.0,0
10161.0,0
10163.0,0
10165.0,0
10167.0,0
10169.0,1
10171.0,0
10173.0,1
10175.0,0
10177.0,1
10179.0,0
10181.0,1
10183.0,1
10185.0,0
10187.0,0
10189.0,0
10191.0,3
10193.0,0
10195.0,0
10197.0,0
10199.0,1
10201.0,0
10203.0,0
10205.0,0
10207.0,0
10209.0,0
10211.0,1
10213.0,0
10215.0,0
10217.0,1
10219.0,0
10221.0,1
10223.0,0
10225.0,1
10227.0,0
10229.0,1
10231.0,0
10233.0,0
10235.0,1
10237.0,0
10239.0,0
10241.0,0
10243.0,0
10245.0,0
10247.0,0
10249.0,0
10251.0,1
10253.0,0
10255.0,1
10257.0,1
10259.0,0
10261.0,1
10263.0,0
10265.0,0
10267.0,1
10269.0,2
10271.0,0
10273.0,0
10275.0,0
10277.0,0
10279.0,0
10281.0,0
10283.0,1
10285.0,2
10287.0,0
10289.0,0
10291.0,0
10293.0,1
10295.0,0
10297.0,0
10299.0,0
10301.0,0
10303.0,0
10305.0,0
10307.0,0
10309.0,1
10311.0,0
10313.0,2
10315.0,2
10317.0,1
10319.0,1
10321.0,1
10323.0,0
10325.0,1
10327.0,1
10329.0,0
10331.0,0
10333.0,0
10335.0,0
10337.0,1
10339.0,0
10341.0,0
10343.0,2
10345.0,0
10347.0,0
10349.0,1
10351.0,2
10353.0,2
10355.0,1
10357.0,1
10359.0,0
10361.0,1
10363.0,0
10365.0,0
10367.0,0
10369.0,0
10371.0,0
10373.0,0
10375.0,0
10377.0,0
10379.0,2
10381.0,0
10383.0,1
10385.0,0
10387.0,1
10389.0,0
10391.0,0
10393.0,1
10395.0,1
10397.0,0
10399.0,1
10401.0,0
10403.0,0
10405.0,2
10407.0,0
10409.0,2
10411.0,0
10413.0,4
10415.0,0
10417.0,1
10419.0,1
10421.0,0
10423.0,0
10425.0,0
10427.0,1
10429.0,1
10431.0,1
10433.0,0
10435.0,0
10437.0,0
10439.0,0
10441.0,1
10443.0,0
10445.0,0
10447.0,0
10449.0,0
10451.0,0
10453.0,0
10455.0,0
10457.0,1
10459.0,0
10461.0,1
10463.0,1
10465.0,0
10467.0,0
10469.0,0
10471.0,0
10473.0,0
10475.0,0
10477.0,0
10479.0,0
10481.0,1
10483.0,0
10485.0,0
10487.0,0
10489.0,0
10491.0,0
10493.0,0
10495.0,0
10497.0,0
10499.0,0
10501.0,0
10503.0,1
10505.0,0
10507.0,2
10509.0,0
10511.0,0
10513.0,0
10515.0,0
10517.0,0
10519.0,0
10521.0,0
10523.0,0
10525.0,0
10527.0,0
10529.0,0
10531.0,0
10533.0,0
10535.0,0
10537.0,0
10539.0,1
10541.0,0
10543.0,0
10545.0,0
10547.0,0
10549.0,0
10551.0,0
10553.0,0
10555.0,0
10557.0,1
10559.0,0
10561.0,0
10563.0,0
10565.0,0
10567.0,0
10569.0,0
10571.0,0
10573.0,1
10575.0,0
10577.0,0
10579.0,0
10581.0,0
10583.0,0
10585.0,0
10587.0,0
10589.0,1
10591.0,0
10593.0,0
10595.0,0
10597.0,0
10599.0,0
10601.0,0
10603.0,0
10605.0,0
10607.0,2
10609.0,0
10611.0,0
10613.0,0
10615.0,0
10617.0,0
10619.0,0
10621.0,0
10623.0,0
10625.0,0
10627.0,0
10629.0,0
10631.0,0
10633.0,0
10635.0,0
10637.0,0
10639.0,0
10641.0,0
10643.0,0
10645.0,0
10647.0,0
10649.0,0
10651.0,0
10653.0,0
10655.0,0
10657.0,0
10659.0,0
10661.0,0
10663.0,0
10665.0,0
10667.0,0
10669.0,0
10671.0,0
10673.0,0
10675.0,0
10677.0,0
10679.0,0
10681.0,0
10683.0,0
10685.0,0
10687.0,0
10689.0,0
10691.0,0
10693.0,0
10695.0,0
10697.0,0
10699.0,0
10701.0,0
10703.0,0
10705.0,0
10707.0,0
10709.0,1
10711.0,1
10713.0,0
10715.0,0
10717.0,0
10719.0,0
10721.0,0
10723.0,0
10725.0,0
10727.0,0
10729.0,0
10731.0,0
10733.0,0
10735.0,0
10737.0,0
10739.0,0
10741.0,0
10743.0,0
10745.0,0
10747.0,0
10749.0,1
10751.0,0
10753.0,0
10755.0,1
10757.0,0
10759.0,0
10761.0,0
10763.0,0
10765.0,0
10767.0,0
10769.0,0
10771.0,0
10773.0,0
10775.0,0
10777.0,0
10779.0,0
10781.0,0
10783.0,0
10785.0,0
10787.0,0
10789.0,0
10791.0,0
10793.0,0
10795.0,0
10797.0,0
10799.0,0
10801.0,1
10803.0,0
10805.0,0
10807.0,0
10809.0,1
10811.0,0
10813.0,0
10815.0,0
10817.0,0
10819.0,1
10821.0,0
10823.0,0
10825.0,0
10827.0,0
10829.0,0
10831.0,0
10833.0,0
10835.0,0
10837.0,0
10839.0,0
10841.0,0
10843.0,0
10845.0,0
10847.0,0
10849.0,1
10851.0,0
10853.0,1
10855.0,0
10857.0,0
10859.0,0
10861.0,0
10863.0,0
10865.0,0
10867.0,0
10869.0,0
10871.0,0
10873.0,0
10875.0,0
10877.0,0
10879.0,0
10881.0,1
10883.0,0
10885.0,0
10887.0,0
10889.0,0
10891.0,0
10893.0,0
10895.0,0
10897.0,0
10899.0,0
10901.0,0
10903.0,0
10905.0,0
10907.0,0
10909.0,0
10911.0,0
10913.0,0
10915.0,0
10917.0,0
10919.0,0
10921.0,0
10923.0,1
10925.0,0
10927.0,0
10929.0,0
10931.0,0
10933.0,0
10935.0,0
10937.0,0
10939.0,0
10941.0,0
10943.0,0
10945.0,0
10947.0,0
10949.0,1
10951.0,0
10953.0,1
10955.0,0
10957.0,0
10959.0,0
10961.0,0
10963.0,0
10965.0,0
10967.0,1
10969.0,0
10971.0,1
10973.0,0
10975.0,1
10977.0,1
10979.0,0
10981.0,0
10983.0,0
10985.0,0
10987.0,1
10989.0,0
10991.0,0
10993.0,1
10995.0,0
10997.0,0
10999.0,0
11001.0,0
11003.0,0
11005.0,0
11007.0,0
11009.0,0
11011.0,0
11013.0,0
11015.0,0
11017.0,0
11019.0,0
11021.0,0
11023.0,0
11025.0,0
11027.0,0
11029.0,0
11031.0,0
11033.0,0
11035.0,0
11037.0,0
11039.0,0
11041.0,0
11043.0,0
11045.0,0
11047.0,0
11049.0,0
11051.0,0
11053.0,0
11055.0,0
11057.0,0
11059.0,0
11061.0,0
11063.0,0
11065.0,0
11067.0,0
11069.0,0
11071.0,0
11073.0,0
11075.0,0
11077.0,0
11079.0,0
11081.0,0
11083.0,0
11085.0,0
11087.0,0
11089.0,0
11091.0,0
11093.0,0
11095.0,0
11097.0,0
11099.0,0
11101.0,0
11103.0,0
11105.0,0
11107.0,0
11109.0,0
11111.0,0
11113.0,0
11115.0,0
11117.0,0
11119.0,0
11121.0,0
11123.0,0
11125.0,0
11127.0,0
11129.0,0
11131.0,0
11133.0,0
11135.0,0
11137.0,0
11139.0,0
11141.0,0
11143.0,0
11145.0,0
11147.0,0
11149.0,0
11151.0,0
11153.0,0
11155.0,0
11157.0,0
11159.0,0
11161.0,0
11163.0,0
11165.0,0
11167.0,0
11169.0,0
11171.0,0
11173.0,0
11175.0,0
11177.0,0
11179.0,0
11181.0,0
11183.0,0
11185.0,0
11187.0,0
11189.0,0
11191.0,0
11193.0,0
11195.0,0
11197.0,0
11199.0,0
11201.0,0
11203.0,0
11205.0,0
11207.0,0
11209.0,0
11211.0,0
11213.0,1
11215.0,0
11217.0,0
11219.0,0
11221.0,0
11223.0,0
11225.0,0
11227.0,0
11229.0,0
11231.0,0
11233.0,0
11235.0,0
11237.0,0
11239.0,0
11241.0,0
11243.0,0
11245.0,0
11247.0,0
11249.0,0
11251.0,0
11253.0,0
11255.0,0
11257.0,0
11259.0,0
11261.0,1
11263.0,0
11265.0,0
11267.0,0
11269.0,0
11271.0,0
11273.0,0
11275.0,0
11277.0,0
11279.0,0
11281.0,0
11283.0,0
11285.0,0
11287.0,0
11289.0,0
11291.0,0
11293.0,0
11295.0,1
11297.0,0
11299.0,0
11301.0,0
11303.0,0
11305.0,0
11307.0,0
11309.0,0
11311.0,0
11313.0,0
11315.0,0
11317.0,0
11319.0,0
11321.0,0
11323.0,0
11325.0,0
11327.0,0
11329.0,0
11331.0,0
11333.0,0
11335.0,0
11337.0,1
11339.0,0
11341.0,0
11343.0,0
11345.0,0
11347.0,0
11349.0,0
11351.0,0
11353.0,0
11355.0,0
11357.0,0
11359.0,0
11361.0,0
11363.0,0
11365.0,0
11367.0,0
11369.0,0
11371.0,0
11373.0,0
11375.0,0
11377.0,0
11379.0,0
11381.0,0
11383.0,0
11385.0,0
11387.0,0
11389.0,0
11391.0,0
11393.0,0
11395.0,0
11397.0,1
11399.0,0
11401.0,0
11403.0,0
11405.0,0
11407.0,1
11409.0,0
11411.0,0
11413.0,0
11415.0,0
11417.0,0
11419.0,0
11421.0,0
11423.0,0
11425.0,0
11427.0,0
11429.0,0
11431.0,0
11433.0,0
11435.0,0
11437.0,0
11439.0,0
11441.0,0
11443.0,0
11445.0,0
11447.0,0
11449.0,0
11451.0,1
11453.0,0
11455.0,0
11457.0,0
11459.0,0
11461.0,0
11463.0,0
11465.0,0
11467.0,0
11469.0,0
11471.0,0
11473.0,0
11475.0,0
11477.0,0
11479.0,0
11481.0,0
11483.0,0
11485.0,0
11487.0,0
11489.0,0
11491.0,0
11493.0,0
11495.0,0
11497.0,0
11499.0,0
11501.0,0
11503.0,0
11505.0,0
11507.0,0
11509.0,0
11511.0,0
11513.0,0
11515.0,0
11517.0,0
11519.0,0
11521.0,1
11523.0,0
11525.0,0
11527.0,0
11529.0,0
11531.0,0
11533.0,1
11535.0,1
11537.0,0
11539.0,0
11541.0,0
11543.0,0
11545.0,0
11547.0,0
11549.0,0
11551.0,0
11553.0,0
11555.0,0
11557.0,0
11559.0,0
11561.0,0
11563.0,0
11565.0,0
11567.0,0
11569.0,0
11571.0,0
11573.0,0
11575.0,0
11577.0,0
11579.0,0
11581.0,0
11583.0,0
11585.0,0
11587.0,0
11589.0,0
11591.0,0
11593.0,0
11595.0,0
11597.0,0
11599.0,0
11601.0,0
11603.0,0
11605.0,0
11607.0,0
11609.0,0
11611.0,0
11613.0,0
11615.0,0
11617.0,0
11619.0,0
11621.0,1
11623.0,0
11625.0,1
11627.0,1
11629.0,0
11631.0,0
11633.0,0
11635.0,0
11637.0,0
11639.0,0
11641.0,0
11643.0,0
11645.0,1
11647.0,0
11649.0,0
11651.0,0
11653.0,0
11655.0,0
11657.0,0
11659.0,0
11661.0,0
11663.0,0
11665.0,1
11667.0,0
11669.0,0
11671.0,1
11673.0,0
11675.0,0
11677.0,0
11679.0,0
11681.0,0
11683.0,0
11685.0,0
11687.0,0
11689.0,0
11691.0,0
11693.0,0
11695.0,0
11697.0,0
11699.0,0
11701.0,0
11703.0,0
11705.0,0
11707.0,0
11709.0,0
11711.0,0
11713.0,0
11715.0,1
11717.0,0
11719.0,0
11721.0,0
11723.0,0
11725.0,0
11727.0,0
11729.0,0
11731.0,0
11733.0,0
11735.0,0
11737.0,0
11739.0,0
11741.0,0
11743.0,0
11745.0,0
11747.0,0
11749.0,0
11751.0,0
11753.0,0
11755.0,0
11757.0,0
11759.0,0
11761.0,0
11763.0,0
11765.0,0
11767.0,0
11769.0,0
11771.0,0
11773.0,0
11775.0,0
11777.0,0
11779.0,0
11781.0,0
11783.0,0
11785.0,0
11787.0,0
11789.0,0
11791.0,0
11793.0,1
11795.0,0
11797.0,0
11799.0,0
11801.0,0
11803.0,0
11805.0,0
11807.0,0
11809.0,0
11811.0,0
11813.0,0
11815.0,0
11817.0,0
11819.0,0
11821.0,0
11823.0,0
11825.0,0
11827.0,0
11829.0,0
11831.0,0
11833.0,0
11835.0,0
11837.0,0
11839.0,0
11841.0,0
11843.0,0
11845.0,0
11847.0,0
11849.0,0
11851.0,0
11853.0,0
11855.0,0
11857.0,0
11859.0,0
11861.0,0
11863.0,0
11865.0,0
11867.0,0
11869.0,0
11871.0,0
11873.0,0
11875.0,1
11877.0,0
11879.0,0
11881.0,1
11883.0,0
11885.0,0
11887.0,0
11889.0,0
11891.0,0
11893.0,0
11895.0,0
11897.0,0
11899.0,0
11901.0,0
11903.0,0
11905.0,0
11907.0,0
11909.0,0
11911.0,0
11913.0,1
11915.0,0
11917.0,0
11919.0,0
11921.0,0
11923.0,0
11925.0,0
11927.0,0
11929.0,0
11931.0,0
11933.0,0
11935.0,0
11937.0,0
11939.0,0
11941.0,0
11943.0,0
11945.0,0
11947.0,0
11949.0,0
11951.0,1
11953.0,0
11955.0,1
11957.0,1
11959.0,0
11961.0,1
11963.0,1
11965.0,0
11967.0,1
11969.0,0
11971.0,0
11973.0,1
11975.0,0
11977.0,0
11979.0,0
11981.0,0
11983.0,0
11985.0,0
11987.0,0
11989.0,0
11991.0,0
11993.0,0
11995.0,0
11997.0,0
11999.0,0
12001.0,0
12003.0,0
12005.0,0
12007.0,0
12009.0,0
12011.0,0
12013.0,0
12015.0,0
12017.0,0
12019.0,0
12021.0,0
12023.0,0
12025.0,0
12027.0,0
12029.0,0
12031.0,0
12033.0,0
12035.0,0
12037.0,1
12039.0,0
12041.0,0
12043.0,0
12045.0,0
12047.0,0
12049.0,0
12051.0,0
12053.0,0
12055.0,0
12057.0,0
12059.0,0
12061.0,0
12063.0,0
12065.0,0
12067.0,0
12069.0,0
12071.0,0
12073.0,0
12075.0,1
12077.0,0
12079.0,0
12081.0,0
12083.0,0
12085.0,0
12087.0,0
12089.0,0
12091.0,0
12093.0,0
12095.0,0
12097.0,0
12099.0,0
12101.0,0
12103.0,0
12105.0,0
12107.0,0
12109.0,0
12111.0,0
12113.0,0
12115.0,0
12117.0,0
12119.0,0
12121.0,1
12123.0,0
12125.0,0
12127.0,0
12129.0,0
12131.0,0
12133.0,0
12135.0,0
12137.0,0
12139.0,0
12141.0,0
12143.0,0
12145.0,0
12147.0,0
12149.0,0
12151.0,0
12153.0,0
12155.0,0
12157.0,0
12159.0,0
12161.0,0
12163.0,0
12165.0,0
12167.0,0
12169.0,0
12171.0,0
12173.0,0
12175.0,0
12177.0,0
12179.0,0
12181.0,0
12183.0,0
12185.0,0
12187.0,0
12189.0,0
12191.0,0
12193.0,1
12195.0,0
12197.0,0
12199.0,0
12201.0,0
12203.0,0
12205.0,0
12207.0,0
12209.0,0
12211.0,0
12213.0,0
12215.0,0
12217.0,0
12219.0,0
12221.0,0
12223.0,0
12225.0,0
12227.0,0
12229.0,0
12231.0,0
12233.0,0
12235.0,0
12237.0,0
12239.0,0
12241.0,0
12243.0,0
12245.0,0
12247.0,0
12249.0,0
12251.0,0
12253.0,0
12255.0,0
12257.0,0
12259.0,0
12261.0,0
12263.0,0
12265.0,1
12267.0,0
12269.0,0
12271.0,0
12273.0,0
12275.0,0
12277.0,0
12279.0,0
12281.0,0
12283.0,0
12285.0,0
12287.0,0
12289.0,0
12291.0,0
12293.0,0
12295.0,0
12297.0,0
12299.0,0
12301.0,0
12303.0,0
12305.0,0
12307.0,0
12309.0,0
12311.0,0
12313.0,0
12315.0,0
12317.0,0
12319.0,0
12321.0,0
12323.0,0
12325.0,0
12327.0,0
12329.0,0
12331.0,0
12333.0,0
12335.0,0
12337.0,0
12339.0,0
12341.0,0
12343.0,0
12345.0,0
12347.0,0
12349.0,0
12351.0,0
12353.0,0
12355.0,0
12357.0,0
12359.0,0
12361.0,0
12363.0,0
12365.0,0
12367.0,0
12369.0,0
12371.0,0
12373.0,0
12375.0,0
12377.0,0
12379.0,0
12381.0,0
12383.0,0
12385.0,0
12387.0,0
12389.0,0
12391.0,0
12393.0,0
12395.0,1
12397.0,0
12399.0,0
12401.0,0
12403.0,0
12405.0,0
12407.0,0
12409.0,0
12411.0,0
12413.0,0
12415.0,0
12417.0,0
12419.0,0
12421.0,0
12423.0,0
12425.0,0
12427.0,0
12429.0,0
12431.0,0
12433.0,0
12435.0,0
12437.0,0
12439.0,0
12441.0,0
12443.0,0
12445.0,0
12447.0,0
12449.0,0
12451.0,0
12453.0,0
12455.0,0
12457.0,0
12459.0,0
12461.0,0
12463.0,0
12465.0,0
12467.0,0
12469.0,0
12471.0,0
12473.0,0
12475.0,0
12477.0,0
12479.0,0
12481.0,0
12483.0,0
12485.0,0
12487.0,0
12489.0,0
12491.0,0
12493.0,0
12495.0,0
12497.0,0
12499.0,0
12501.0,0
12503.0,0
12505.0,0
12507.0,0
12509.0,0
12511.0,0
12513.0,0
12515.0,0
12517.0,0
12519.0,0
12521.0,0
12523.0,0
12525.0,0
12527.0,0
12529.0,0
12531.0,0
12533.0,0
12535.0,0
12537.0,0
12539.0,0
12541.0,0
12543.0,0
12545.0,0
12547.0,0
12549.0,0
12551.0,0
12553.0,0
12555.0,0
12557.0,0
12559.0,0
12561.0,0
12563.0,0
12565.0,0
12567.0,0
12569.0,0
12571.0,0
12573.0,0
12575.0,0
12577.0,0
12579.0,0
12581.0,0
12583.0,0
12585.0,0
12587.0,0
12589.0,0
12591.0,0
12593.0,0
12595.0,0
12597.0,0
12599.0,0
12601.0,0
12603.0,0
12605.0,0
12607.0,0
12609.0,0
12611.0,0
12613.0,0
12615.0,0
12617.0,0
12619.0,0
12621.0,0
12623.0,0
12625.0,0
12627.0,0
12629.0,0
12631.0,0
12633.0,0
12635.0,0
12637.0,0
12639.0,0
12641.0,0
12643.0,0
12645.0,0
12647.0,0
12649.0,0
12651.0,0
12653.0,0
12655.0,0
12657.0,0
12659.0,0
12661.0,0
12663.0,0
12665.0,0
12667.0,0
12669.0,0
12671.0,0
12673.0,0
12675.0,0
12677.0,0
12679.0,0
12681.0,0
12683.0,0
12685.0,0
12687.0,0
12689.0,0
12691.0,0
12693.0,0
12695.0,0
12697.0,0
12699.0,0
12701.0,0
12703.0,0
12705.0,0
12707.0,0
12709.0,0
12711.0,0
12713.0,0
12715.0,0
12717.0,0
12719.0,0
12721.0,0
12723.0,0
12725.0,0
12727.0,0
12729.0,0
12731.0,0
12733.0,0
12735.0,0
12737.0,0
12739.0,1
12741.0,0
12743.0,0
12745.0,0
12747.0,0
12749.0,0
12751.0,0
12753.0,0
12755.0,0
12757.0,0
12759.0,0
12761.0,0
12763.0,0
12765.0,0
12767.0,0
12769.0,0
12771.0,0
12773.0,0
12775.0,0
12777.0,0
12779.0,0
12781.0,0
12783.0,0
12785.0,0
12787.0,0
12789.0,0
12791.0,0
12793.0,0
12795.0,0
12797.0,0
12799.0,0
12801.0,0
12803.0,0
12805.0,0
12807.0,0
12809.0,0
12811.0,0
12813.0,0
12815.0,0
12817.0,0
12819.0,0
12821.0,0
12823.0,0
12825.0,0
12827.0,0
12829.0,0
12831.0,0
12833.0,0
12835.0,0
12837.0,0
12839.0,0
12841.0,0
12843.0,0
12845.0,0
12847.0,0
12849.0,0
12851.0,0
12853.0,0
12855.0,0
12857.0,0
12859.0,0
12861.0,0
12863.0,0
12865.0,0
12867.0,0
12869.0,0
12871.0,0
12873.0,0
12875.0,0
12877.0,0
12879.0,0
12881.0,0
12883.0,0
12885.0,0
12887.0,0
12889.0,0
12891.0,0
12893.0,0
12895.0,0
12897.0,1
12899.0,0
12901.0,0
12903.0,0
12905.0,0
12907.0,0
12909.0,0
12911.0,0
12913.0,0
12915.0,0
12917.0,0
12919.0,0
12921.0,0
12923.0,0
12925.0,1
12927.0,0
12929.0,0
12931.0,0
12933.0,0
12935.0,0
12937.0,0
12939.0,0
12941.0,1
12943.0,0
12945.0,0
12947.0,0
12949.0,0
12951.0,0
12953.0,0
12955.0,0
12957.0,0
12959.0,0
12961.0,0
12963.0,0
12965.0,1
12967.0,0
12969.0,0
12971.0,0
12973.0,0
12975.0,0
12977.0,0
12979.0,0
12981.0,0
12983.0,0
12985.0,0
12987.0,0
12989.0,0
12991.0,0
12993.0,0
12995.0,0
12997.0,0
