Bin center (eV),Counts per 2 eV bin
801.0,26
803.0,21
805.0,25
807.0,23
809.0,18
811.0,33
813.0,43
815.0,35
817.0,39
819.0,43
821.0,30
823.0,47
825.0,37
827.0,35
829.0,46
831.0,52
833.0,72
835.0,101
837.0,115
839.0,145
841.0,155
843.0,182
845.0,214
847.0,207
849.0,236
851.0,284
853.0,308
855.0,336
857.0,281
859.0,186
861.0,134
863.0,94
865.0,52
867.0,56
869.0,56
871.0,60
873.0,46
875.0,41
877.0,30
879.0,25
881.0,22
883.0,35
885.0,31
887.0,30
889.0,34
891.0,22
893.0,34
895.0,38
897.0,40
899.0,53
901.0,80
903.0,132
905.0,169
907.0,228
909.0,247
911.0,138
913.0,130
915.0,132
917.0,186
919.0,262
921.0,277
923.0,298
925.0,349
927.0,244
929.0,211
931.0,228
933.0,190
935.0,212
937.0,157
939.0,96
941.0,92
943.0,60
945.0,49
947.0,53
949.0,40
951.0,54
953.0,50
955.0,39
957.0,33
959.0,41
961.0,36
963.0,34
965.0,29
967.0,32
969.0,24
971.0,23
973.0,32
975.0,41
977.0,24
979.0,24
981.0,24
983.0,30
985.0,27
987.0,15
989.0,18
991.0,17
993.0,12
995.0,14
997.0,15
999.0,15
1001.0,19
1003.0,14
1005.0,18
1007.0,8
1009.0,16
1011.0,17
1013.0,18
1015.0,16
1017.0,17
1019.0,11
1021.0,17
1023.0,8
1025.0,29
1027.0,27
1029.0,20
1031.0,26
1033.0,34
1035.0,29
1037.0,22
1039.0,31
1041.0,17
1043.0,15
1045.0,16
1047.0,14
1049.0,14
1051.0,21
1053.0,15
1055.0,10
1057.0,19
1059.0,10
1061.0,12
1063.0,10
1065.0,14
1067.0,7
1069.0,7
1071.0,22
1073.0,21
1075.0,18
1077.0,9
1079.0,18
1081.0,11
1083.0,15
1085.0,15
1087.0,15
1089.0,14
1091.0,13
1093.0,23
1095.0,22
1097.0,16
1099.0,24
1101.0,13
1103.0,15
1105.0,17
1107.0,21
1109.0,13
1111.0,16
1113.0,19
1115.0,11
1117.0,13
1119.0,12
1121.0,18
1123.0,20
1125.0,14
1127.0,13
1129.0,16
1131.0,16
1133.0,10
1135.0,7
1137.0,11
1139.0,11
1141.0,18
1143.0,12
1145.0,11
1147.0,13
1149.0,19
1151.0,13
1153.0,14
1155.0,14
1157.0,11
1159.0,14
1161.0,11
1163.0,15
1165.0,13
1167.0,12
1169.0,14
1171.0,16
1173.0,15
1175.0,15
1177.0,15
1179.0,17
1181.0,11
1183.0,19
1185.0,11
1187.0,10
1189.0,19
1191.0,10
1193.0,12
1195.0,21
1197.0,9
1199.0,20
1201.0,26
1203.0,33
1205.0,12
1207.0,15
1209.0,9
1211.0,14
1213.0,16
1215.0,16
1217.0,17
1219.0,17
1221.0,19
1223.0,16
1225.0,27
1227.0,17
1229.0,29
1231.0,18
1233.0,14
1235.0,20
1237.0,12
1239.0,15
1241.0,18
1243.0,23
1245.0,15
1247.0,17
1249.0,18
1251.0,15
1253.0,12
1255.0,15
1257.0,8
1259.0,6
1261.0,17
1263.0,18
1265.0,31
1267.0,28
1269.0,15
1271.0,13
1273.0,12
1275.0,21
1277.0,21
1279.0,14
1281.0,10
1283.0,18
1285.0,10
1287.0,16
1289.0,15
1291.0,17
1293.0,20
1295.0,12
1297.0,14
1299.0,10
1301.0,10
1303.0,15
1305.0,10
1307.0,17
1309.0,8
1311.0,19
1313.0,19
1315.0,19
1317.0,17
1319.0,18
1321.0,10
1323.0,17
1325.0,20
1327.0,15
1329.0,11
1331.0,15
1333.0,17
1335.0,15
1337.0,14
1339.0,15
1341.0,20
1343.0,13
1345.0,16
1347.0,29
1349.0,27
1351.0,27
1353.0,18
1355.0,13
1357.0,15
1359.0,15
1361.0,13
1363.0,18
1365.0,14
1367.0,17
1369.0,15
1371.0,11
1373.0,10
1375.0,15
1377.0,31
1379.0,31
1381.0,20
1383.0,26
1385.0,15
1387.0,13
1389.0,18
1391.0,16
1393.0,23
1395.0,15
1397.0,18
1399.0,15
1401.0,8
1403.0,14
1405.0,11
1407.0,9
1409.0,9
1411.0,13
1413.0,11
1415.0,16
1417.0,19
1419.0,15
1421.0,19
1423.0,22
1425.0,20
1427.0,17
1429.0,23
1431.0,20
1433.0,25
1435.0,13
1437.0,13
1439.0,10
1441.0,7
1443.0,9
1445.0,15
1447.0,18
1449.0,15
1451.0,14
1453.0,20
1455.0,14
1457.0,10
1459.0,13
1461.0,13
1463.0,15
1465.0,16
1467.0,11
1469.0,19
1471.0,9
1473.0,19
1475.0,20
1477.0,11
1479.0,14
1481.0,19
1483.0,14
1485.0,18
1487.0,19
1489.0,16
1491.0,11
1493.0,14
1495.0,15
1497.0,15
1499.0,14
1501.0,15
1503.0,19
1505.0,13
1507.0,18
1509.0,19
1511.0,19
1513.0,12
1515.0,26
1517.0,10
1519.0,11
1521.0,9
1523.0,16
1525.0,21
1527.0,22
1529.0,24
1531.0,15
1533.0,29
1535.0,12
1537.0,20
1539.0,16
1541.0,17
1543.0,14
1545.0,10
1547.0,12
1549.0,12
1551.0,11
1553.0,17
1555.0,18
1557.0,21
1559.0,19
1561.0,21
1563.0,25
1565.0,14
1567.0,13
1569.0,27
1571.0,21
1573.0,12
1575.0,10
1577.0,11
1579.0,11
1581.0,10
1583.0,13
1585.0,12
1587.0,7
1589.0,13
1591.0,11
1593.0,14
1595.0,11
1597.0,13
1599.0,7
1601.0,13
1603.0,7
1605.0,16
1607.0,17
1609.0,19
1611.0,16
1613.0,13
1615.0,12
1617.0,13
1619.0,9
1621.0,19
1623.0,14
1625.0,11
1627.0,13
1629.0,18
1631.0,17
1633.0,18
1635.0,12
1637.0,14
1639.0,7
1641.0,16
1643.0,14
1645.0,11
1647.0,9
1649.0,13
1651.0,13
1653.0,12
1655.0,9
1657.0,9
1659.0,11
1661.0,17
1663.0,17
1665.0,18
1667.0,12
1669.0,20
1671.0,12
1673.0,18
1675.0,12
1677.0,8
1679.0,18
1681.0,14
1683.0,13
1685.0,17
1687.0,17
1689.0,11
1691.0,7
1693.0,13
1695.0,14
1697.0,6
1699.0,9
1701.0,8
1703.0,2
1705.0,11
1707.0,13
1709.0,7
1711.0,9
1713.0,9
1715.0,8
1717.0,8
1719.0,12
1721.0,7
1723.0,9
1725.0,11
1727.0,19
1729.0,21
1731.0,16
1733.0,13
1735.0,10
1737.0,12
1739.0,9
1741.0,17
1743.0,8
1745.0,10
1747.0,11
1749.0,13
1751.0,12
1753.0,11
1755.0,11
1757.0,9
1759.0,13
1761.0,12
1763.0,23
1765.0,13
1767.0,18
1769.0,7
1771.0,14
1773.0,10
1775.0,7
1777.0,8
1779.0,7
1781.0,12
1783.0,13
1785.0,14
1787.0,18
1789.0,13
1791.0,11
1793.0,7
1795.0,6
1797.0,5
1799.0,14
1801.0,12
1803.0,4
1805.0,15
1807.0,14
1809.0,13
1811.0,15
1813.0,14
1815.0,14
1817.0,11
1819.0,9
1821.0,11
1823.0,13
1825.0,19
1827.0,15
1829.0,9
1831.0,9
1833.0,16
1835.0,28
1837.0,17
1839.0,19
1841.0,11
1843.0,10
1845.0,19
1847.0,12
1849.0,12
1851.0,18
1853.0,8
1855.0,14
1857.0,19
1859.0,32
1861.0,30
1863.0,26
1865.0,29
1867.0,35
1869.0,41
1871.0,30
1873.0,34
1875.0,44
1877.0,25
1879.0,24
1881.0,26
1883.0,18
1885.0,24
1887.0,22
1889.0,32
1891.0,47
1893.0,50
1895.0,40
1897.0,21
1899.0,19
1901.0,14
1903.0,11
1905.0,18
1907.0,9
1909.0,13
1911.0,14
1913.0,16
1915.0,8
1917.0,7
1919.0,20
1921.0,17
1923.0,18
1925.0,23
1927.0,20
1929.0,8
1931.0,11
1933.0,12
1935.0,18
1937.0,21
1939.0,15
1941.0,18
1943.0,14
1945.0,14
1947.0,9
1949.0,10
1951.0,5
1953.0,20
1955.0,6
1957.0,14
1959.0,18
1961.0,12
1963.0,16
1965.0,14
1967.0,14
1969.0,11
1971.0,11
1973.0,11
1975.0,16
1977.0,9
1979.0,22
1981.0,11
1983.0,13
1985.0,24
1987.0,16
1989.0,15
1991.0,18
1993.0,23
1995.0,10
1997.0,14
1999.0,9
2001.0,22
2003.0,11
2005.0,6
2007.0,10
2009.0,12
2011.0,15
2013.0,16
2015.0,16
2017.0,13
2019.0,12
2021.0,14
2023.0,12
2025.0,11
2027.0,11
2029.0,13
2031.0,8
2033.0,10
2035.0,7
2037.0,20
2039.0,14
2041.0,10
2043.0,25
2045.0,20
2047.0,21
2049.0,16
2051.0,20
2053.0,9
2055.0,11
2057.0,13
2059.0,16
2061.0,12
2063.0,21
2065.0,20
2067.0,14
2069.0,15
2071.0,12
2073.0,22
2075.0,17
2077.0,17
2079.0,16
2081.0,21
2083.0,25
2085.0,14
2087.0,18
2089.0,22
2091.0,19
2093.0,29
2095.0,15
2097.0,30
2099.0,16
2101.0,23
2103.0,29
2105.0,18
2107.0,31
2109.0,36
2111.0,32
2113.0,31
2115.0,12
2117.0,24
2119.0,8
2121.0,19
2123.0,19
2125.0,14
2127.0,24
2129.0,10
2131.0,17
2133.0,23
2135.0,14
2137.0,22
2139.0,25
2141.0,28
2143.0,22
2145.0,21
2147.0,25
2149.0,17
2151.0,28
2153.0,33
2155.0,25
2157.0,34
2159.0,35
2161.0,28
2163.0,32
2165.0,23
2167.0,29
2169.0,24
2171.0,23
2173.0,18
2175.0,39
2177.0,23
2179.0,38
2181.0,35
2183.0,35
2185.0,22
2187.0,25
2189.0,19
2191.0,22
2193.0,19
2195.0,18
2197.0,21
2199.0,25
2201.0,27
2203.0,19
2205.0,21
2207.0,13
2209.0,26
2211.0,17
2213.0,17
2215.0,17
2217.0,14
2219.0,20
2221.0,32
2223.0,36
2225.0,29
2227.0,36
2229.0,33
2231.0,20
2233.0,34
2235.0,17
2237.0,25
2239.0,22
2241.0,17
2243.0,26
2245.0,27
2247.0,26
2249.0,35
2251.0,38
2253.0,26
2255.0,24
2257.0,16
2259.0,17
2261.0,17
2263.0,14
2265.0,25
2267.0,31
2269.0,40
2271.0,41
2273.0,38
2275.0,38
2277.0,33
2279.0,30
2281.0,30
2283.0,21
2285.0,29
2287.0,22
2289.0,36
2291.0,46
2293.0,30
2295.0,29
2297.0,35
2299.0,38
2301.0,32
2303.0,29
2305.0,17
2307.0,19
2309.0,21
2311.0,17
2313.0,35
2315.0,34
2317.0,31
2319.0,36
2321.0,31
2323.0,39
2325.0,30
2327.0,20
2329.0,22
2331.0,24
2333.0,25
2335.0,20
2337.0,23
2339.0,39
2341.0,31
2343.0,36
2345.0,32
2347.0,27
2349.0,27
2351.0,23
2353.0,25
2355.0,26
2357.0,28
2359.0,26
2361.0,33
2363.0,38
2365.0,35
2367.0,32
2369.0,35
2371.0,19
2373.0,27
2375.0,16
2377.0,16
2379.0,31
2381.0,24
2383.0,24
2385.0,23
2387.0,30
2389.0,24
2391.0,32
2393.0,28
2395.0,28
2397.0,30
2399.0,25
2401.0,28
2403.0,23
2405.0,32
2407.0,34
2409.0,30
2411.0,59
2413.0,48
2415.0,40
2417.0,29
2419.0,39
2421.0,27
2423.0,30
2425.0,26
2427.0,33
2429.0,33
2431.0,39
2433.0,39
2435.0,44
2437.0,42
2439.0,36
2441.0,29
2443.0,33
2445.0,26
2447.0,24
2449.0,29
2451.0,43
2453.0,59
2455.0,59
2457.0,60
2459.0,64
2461.0,54
2463.0,47
2465.0,33
2467.0,28
2469.0,33
2471.0,39
2473.0,27
2475.0,22
2477.0,35
2479.0,29
2481.0,42
2483.0,23
2485.0,32
2487.0,37
2489.0,33
2491.0,28
2493.0,26
2495.0,28
2497.0,35
2499.0,36
2501.0,31
2503.0,37
2505.0,30
2507.0,29
2509.0,30
2511.0,34
2513.0,29
2515.0,28
2517.0,26
2519.0,28
2521.0,28
2523.0,30
2525.0,29
2527.0,27
2529.0,27
2531.0,14
2533.0,33
2535.0,30
2537.0,35
2539.0,39
2541.0,49
2543.0,45
2545.0,32
2547.0,40
2549.0,39
2551.0,33
2553.0,39
2555.0,23
2557.0,34
2559.0,32
2561.0,26
2563.0,31
2565.0,40
2567.0,35
2569.0,23
2571.0,17
2573.0,24
2575.0,23
2577.0,30
2579.0,44
2581.0,31
2583.0,29
2585.0,33
2587.0,46
2589.0,48
2591.0,55
2593.0,52
2595.0,32
2597.0,32
2599.0,42
2601.0,34
2603.0,23
2605.0,36
2607.0,30
2609.0,25
2611.0,34
2613.0,46
2615.0,33
2617.0,34
2619.0,39
2621.0,40
2623.0,39
2625.0,39
2627.0,43
2629.0,33
2631.0,31
2633.0,33
2635.0,22
2637.0,25
2639.0,28
2641.0,38
2643.0,28
2645.0,31
2647.0,31
2649.0,29
2651.0,37
2653.0,35
2655.0,34
2657.0,35
2659.0,28
2661.0,35
2663.0,38
2665.0,52
2667.0,61
2669.0,63
2671.0,57
2673.0,41
2675.0,39
2677.0,33
2679.0,28
2681.0,23
2683.0,20
2685.0,17
2687.0,21
2689.0,31
2691.0,28
2693.0,15
2695.0,25
2697.0,15
2699.0,30
2701.0,42
2703.0,30
2705.0,36
2707.0,41
2709.0,30
2711.0,45
2713.0,36
2715.0,41
2717.0,46
2719.0,62
2721.0,40
2723.0,39
2725.0,33
2727.0,31
2729.0,25
2731.0,24
2733.0,26
2735.0,29
2737.0,32
2739.0,27
2741.0,37
2743.0,46
2745.0,45
2747.0,38
2749.0,48
2751.0,37
2753.0,35
2755.0,30
2757.0,38
2759.0,28
2761.0,27
2763.0,23
2765.0,28
2767.0,25
2769.0,31
2771.0,26
2773.0,25
2775.0,36
2777.0,44
2779.0,68
2781.0,60
2783.0,65
2785.0,38
2787.0,43
2789.0,38
2791.0,37
2793.0,33
2795.0,43
2797.0,39
2799.0,28
2801.0,30
2803.0,33
2805.0,21
2807.0,38
2809.0,27
2811.0,31
2813.0,38
2815.0,29
2817.0,28
2819.0,32
2821.0,48
2823.0,57
2825.0,47
2827.0,68
2829.0,46
2831.0,43
2833.0,27
2835.0,40
2837.0,34
2839.0,17
2841.0,25
2843.0,32
2845.0,27
2847.0,29
2849.0,35
2851.0,44
2853.0,26
2855.0,34
2857.0,24
2859.0,33
2861.0,29
2863.0,18
2865.0,39
2867.0,35
2869.0,44
2871.0,28
2873.0,28
2875.0,29
2877.0,32
2879.0,29
2881.0,20
2883.0,27
2885.0,33
2887.0,28
2889.0,32
2891.0,54
2893.0,45
2895.0,43
2897.0,33
2899.0,36
2901.0,36
2903.0,34
2905.0,44
2907.0,50
2909.0,38
2911.0,39
2913.0,21
2915.0,26
2917.0,17
2919.0,36
2921.0,26
2923.0,34
2925.0,34
2927.0,28
2929.0,39
2931.0,21
2933.0,23
2935.0,32
2937.0,29
2939.0,25
2941.0,39
2943.0,39
2945.0,37
2947.0,33
2949.0,44
2951.0,37
2953.0,50
2955.0,46
2957.0,60
2959.0,52
2961.0,48
2963.0,36
2965.0,24
2967.0,16
2969.0,22
2971.0,22
2973.0,22
2975.0,33
2977.0,26
2979.0,17
2981.0,20
2983.0,31
2985.0,34
2987.0,38
2989.0,45
2991.0,48
2993.0,42
2995.0,37
2997.0,29
2999.0,22
3001.0,21
3003.0,26
3005.0,29
3007.0,47
3009.0,41
3011.0,32
3013.0,29
3015.0,29
3017.0,33
3019.0,22
3021.0,18
3023.0,20
3025.0,28
3027.0,25
3029.0,26
3031.0,25
3033.0,35
3035.0,21
3037.0,30
3039.0,41
3041.0,51
3043.0,47
3045.0,60
3047.0,63
3049.0,46
3051.0,30
3053.0,31
3055.0,29
3057.0,47
3059.0,32
3061.0,36
3063.0,43
3065.0,33
3067.0,35
3069.0,36
3071.0,28
3073.0,22
3075.0,26
3077.0,20
3079.0,21
3081.0,23
3083.0,30
3085.0,31
3087.0,24
3089.0,37
3091.0,42
3093.0,39
3095.0,35
3097.0,26
3099.0,42
3101.0,44
3103.0,37
3105.0,49
3107.0,46
3109.0,58
3111.0,47
3113.0,58
3115.0,50
3117.0,32
3119.0,39
3121.0,42
3123.0,34
3125.0,22
3127.0,22
3129.0,22
3131.0,20
3133.0,20
3135.0,23
3137.0,20
3139.0,18
3141.0,25
3143.0,24
3145.0,42
3147.0,38
3149.0,25
3151.0,30
3153.0,34
3155.0,26
3157.0,24
3159.0,18
3161.0,20
3163.0,25
3165.0,29
3167.0,26
3169.0,31
3171.0,34
3173.0,41
3175.0,37
3177.0,45
3179.0,32
3181.0,26
3183.0,17
3185.0,17
3187.0,20
3189.0,18
3191.0,22
3193.0,38
3195.0,33
3197.0,25
3199.0,37
3201.0,28
3203.0,20
3205.0,23
3207.0,22
3209.0,27
3211.0,28
3213.0,33
3215.0,34
3217.0,41
3219.0,33
3221.0,30
3223.0,25
3225.0,43
3227.0,41
3229.0,34
3231.0,35
3233.0,39
3235.0,33
3237.0,30
3239.0,16
3241.0,20
3243.0,26
3245.0,25
3247.0,25
3249.0,24
3251.0,31
3253.0,22
3255.0,19
3257.0,19
3259.0,20
3261.0,20
3263.0,33
3265.0,34
3267.0,34
3269.0,38
3271.0,48
3273.0,40
3275.0,47
3277.0,36
3279.0,49
3281.0,42
3283.0,32
3285.0,28
3287.0,25
3289.0,17
3291.0,30
3293.0,26
3295.0,24
3297.0,26
3299.0,19
3301.0,17
3303.0,29
3305.0,18
3307.0,25
3309.0,22
3311.0,26
3313.0,31
3315.0,46
3317.0,50
3319.0,43
3321.0,38
3323.0,23
3325.0,30
3327.0,43
3329.0,33
3331.0,32
3333.0,34
3335.0,50
3337.0,42
3339.0,36
3341.0,33
3343.0,35
3345.0,39
3347.0,37
3349.0,37
3351.0,30
3353.0,32
3355.0,15
3357.0,18
3359.0,15
3361.0,13
3363.0,21
3365.0,14
3367.0,35
3369.0,27
3371.0,42
3373.0,25
3375.0,33
3377.0,38
3379.0,49
3381.0,69
3383.0,61
3385.0,50
3387.0,50
3389.0,56
3391.0,49
3393.0,43
3395.0,36
3397.0,24
3399.0,26
3401.0,18
3403.0,20
3405.0,19
3407.0,13
3409.0,11
3411.0,28
3413.0,25
3415.0,39
3417.0,49
3419.0,47
3421.0,30
3423.0,27
3425.0,28
3427.0,33
3429.0,42
3431.0,45
3433.0,52
3435.0,40
3437.0,29
3439.0,31
3441.0,19
3443.0,22
3445.0,26
3447.0,23
3449.0,21
3451.0,25
3453.0,25
3455.0,50
3457.0,40
3459.0,40
3461.0,25
3463.0,31
3465.0,28
3467.0,38
3469.0,70
3471.0,64
3473.0,39
3475.0,24
3477.0,27
3479.0,15
3481.0,18
3483.0,16
3485.0,16
3487.0,24
3489.0,26
3491.0,32
3493.0,12
3495.0,10
3497.0,7
3499.0,10
3501.0,31
3503.0,20
3505.0,20
3507.0,16
3509.0,17
3511.0,11
3513.0,31
3515.0,25
3517.0,22
3519.0,21
3521.0,18
3523.0,20
3525.0,23
3527.0,31
3529.0,31
3531.0,26
3533.0,24
3535.0,17
3537.0,21
3539.0,38
3541.0,30
3543.0,19
3545.0,21
3547.0,21
3549.0,15
3551.0,17
3553.0,33
3555.0,29
3557.0,23
3559.0,17
3561.0,18
3563.0,16
3565.0,27
3567.0,28
3569.0,25
3571.0,32
3573.0,26
3575.0,28
3577.0,31
3579.0,25
3581.0,26
3583.0,16
3585.0,25
3587.0,24
3589.0,22
3591.0,22
3593.0,14
3595.0,9
3597.0,7
3599.0,8
3601.0,13
3603.0,3
3605.0,11
3607.0,11
3609.0,16
3611.0,19
3613.0,19
3615.0,36
3617.0,41
3619.0,42
3621.0,46
3623.0,32
3625.0,43
3627.0,24
3629.0,23
3631.0,18
3633.0,13
3635.0,15
3637.0,11
3639.0,8
3641.0,11
3643.0,9
3645.0,11
3647.0,10
3649.0,11
3651.0,11
3653.0,19
3655.0,10
3657.0,16
3659.0,16
3661.0,20
3663.0,21
3665.0,27
3667.0,30
3669.0,26
3671.0,19
3673.0,14
3675.0,16
3677.0,15
3679.0,15
3681.0,17
3683.0,36
3685.0,24
3687.0,19
3689.0,20
3691.0,6
3693.0,13
3695.0,11
3697.0,12
3699.0,17
3701.0,20
3703.0,12
3705.0,21
3707.0,17
3709.0,26
3711.0,40
3713.0,26
3715.0,13
3717.0,14
3719.0,14
3721.0,11
3723.0,11
3725.0,13
3727.0,13
3729.0,13
3731.0,13
3733.0,20
3735.0,20
3737.0,18
3739.0,11
3741.0,9
3743.0,21
3745.0,18
3747.0,21
3749.0,22
3751.0,9
3753.0,10
3755.0,20
3757.0,21
3759.0,33
3761.0,28
3763.0,11
3765.0,13
3767.0,15
3769.0,22
3771.0,14
3773.0,8
3775.0,5
3777.0,9
3779.0,11
3781.0,7
3783.0,6
3785.0,14
3787.0,17
3789.0,21
3791.0,11
3793.0,10
3795.0,14
3797.0,20
3799.0,22
3801.0,34
3803.0,34
3805.0,24
3807.0,16
3809.0,16
3811.0,7
3813.0,12
3815.0,7
3817.0,11
3819.0,10
3821.0,9
3823.0,7
3825.0,17
3827.0,16
3829.0,8
3831.0,18
3833.0,13
3835.0,16
3837.0,13
3839.0,8
3841.0,15
3843.0,18
3845.0,14
3847.0,15
3849.0,15
3851.0,13
3853.0,15
3855.0,15
3857.0,15
3859.0,18
3861.0,14
3863.0,7
3865.0,11
3867.0,6
3869.0,11
3871.0,19
3873.0,12
3875.0,17
3877.0,13
3879.0,17
3881.0,16
3883.0,8
3885.0,6
3887.0,12
3889.0,8
3891.0,9
3893.0,7
3895.0,8
3897.0,21
3899.0,31
3901.0,19
3903.0,11
3905.0,8
3907.0,5
3909.0,8
3911.0,3
3913.0,13
3915.0,17
3917.0,5
3919.0,8
3921.0,8
3923.0,11
3925.0,8
3927.0,8
3929.0,13
3931.0,10
3933.0,14
3935.0,6
3937.0,10
3939.0,9
3941.0,14
3943.0,16
3945.0,10
3947.0,6
3949.0,7
3951.0,9
3953.0,8
3955.0,15
3957.0,4
3959.0,10
3961.0,18
3963.0,20
3965.0,13
3967.0,10
3969.0,2
3971.0,6
3973.0,8
3975.0,2
3977.0,6
3979.0,1
3981.0,5
3983.0,7
3985.0,3
3987.0,12
3989.0,5
3991.0,7
3993.0,6
3995.0,4
3997.0,5
3999.0,11
4001.0,15
4003.0,5
4005.0,13
4007.0,9
4009.0,9
4011.0,9
4013.0,16
4015.0,10
4017.0,9
4019.0,8
4021.0,8
4023.0,12
4025.0,8
4027.0,10
4029.0,13
4031.0,8
4033.0,13
4035.0,6
4037.0,2
4039.0,4
4041.0,10
4043.0,8
4045.0,7
4047.0,8
4049.0,7
4051.0,8
4053.0,0
4055.0,2
4057.0,5
4059.0,5
4061.0,4
4063.0,6
4065.0,1
4067.0,12
4069.0,7
4071.0,2
4073.0,1
4075.0,6
4077.0,9
4079.0,12
4081.0,7
4083.0,23
4085.0,23
4087.0,24
4089.0,8
4091.0,6
4093.0,12
4095.0,9
4097.0,7
4099.0,7
4101.0,7
4103.0,6
4105.0,8
4107.0,3
4109.0,1
4111.0,8
4113.0,5
4115.0,5
4117.0,6
4119.0,4
4121.0,15
4123.0,14
4125.0,11
4127.0,10
4129.0,11
4131.0,6
4133.0,7
4135.0,6
4137.0,8
4139.0,5
4141.0,8
4143.0,7
4145.0,3
4147.0,6
4149.0,3
4151.0,6
4153.0,4
4155.0,5
4157.0,4
4159.0,11
4161.0,5
4163.0,15
4165.0,8
4167.0,6
4169.0,18
4171.0,10
4173.0,4
4175.0,4
4177.0,4
4179.0,5
4181.0,1
4183.0,5
4185.0,8
4187.0,7
4189.0,6
4191.0,6
4193.0,6
4195.0,6
4197.0,5
4199.0,9
4201.0,10
4203.0,13
4205.0,12
4207.0,16
4209.0,13
4211.0,8
4213.0,9
4215.0,4
4217.0,8
4219.0,7
4221.0,8
4223.0,10
4225.0,6
4227.0,3
4229.0,12
4231.0,8
4233.0,7
4235.0,9
4237.0,5
4239.0,5
4241.0,6
4243.0,5
4245.0,7
4247.0,11
4249.0,8
4251.0,9
4253.0,11
4255.0,25
4257.0,10
4259.0,6
4261.0,4
4263.0,6
4265.0,11
4267.0,4
4269.0,7
4271.0,10
4273.0,12
4275.0,9
4277.0,4
4279.0,10
4281.0,13
4283.0,5
4285.0,12
4287.0,9
4289.0,4
4291.0,8
4293.0,4
4295.0,6
4297.0,11
4299.0,11
4301.0,11
4303.0,12
4305.0,4
4307.0,5
4309.0,5
4311.0,2
4313.0,9
4315.0,12
4317.0,5
4319.0,10
4321.0,19
4323.0,8
4325.0,8
4327.0,8
4329.0,10
4331.0,12
4333.0,22
4335.0,7
4337.0,10
4339.0,6
4341.0,6
4343.0,14
4345.0,19
4347.0,13
4349.0,6
4351.0,7
4353.0,10
4355.0,5
4357.0,7
4359.0,5
4361.0,5
4363.0,11
4365.0,12
4367.0,14
4369.0,11
4371.0,11
4373.0,5
4375.0,12
4377.0,6
4379.0,9
4381.0,5
4383.0,7
4385.0,4
4387.0,8
4389.0,5
4391.0,9
4393.0,12
4395.0,8
4397.0,8
4399.0,4
4401.0,9
4403.0,3
4405.0,10
4407.0,11
4409.0,5
4411.0,24
4413.0,34
4415.0,22
4417.0,21
4419.0,8
4421.0,9
4423.0,3
4425.0,8
4427.0,7
4429.0,7
4431.0,5
4433.0,5
4435.0,9
4437.0,8
4439.0,12
4441.0,13
4443.0,5
4445.0,4
4447.0,4
4449.0,5
4451.0,3
4453.0,5
4455.0,6
4457.0,6
4459.0,6
4461.0,9
4463.0,5
4465.0,5
4467.0,7
4469.0,20
4471.0,10
4473.0,6
4475.0,9
4477.0,4
4479.0,8
4481.0,10
4483.0,7
4485.0,4
4487.0,2
4489.0,12
4491.0,3
4493.0,6
4495.0,2
4497.0,8
4499.0,10
4501.0,13
4503.0,9
4505.0,12
4507.0,21
4509.0,8
4511.0,9
4513.0,9
4515.0,5
4517.0,13
4519.0,11
4521.0,5
4523.0,6
4525.0,9
4527.0,6
4529.0,4
4531.0,4
4533.0,6
4535.0,3
4537.0,6
4539.0,8
4541.0,8
4543.0,10
4545.0,7
4547.0,10
4549.0,7
4551.0,6
4553.0,9
4555.0,7
4557.0,8
4559.0,5
4561.0,12
4563.0,11
4565.0,16
4567.0,9
4569.0,7
4571.0,5
4573.0,5
4575.0,4
4577.0,2
4579.0,6
4581.0,3
4583.0,7
4585.0,1
4587.0,5
4589.0,8
4591.0,7
4593.0,5
4595.0,3
4597.0,3
4599.0,7
4601.0,8
4603.0,11
4605.0,13
4607.0,13
4609.0,25
4611.0,22
4613.0,6
4615.0,6
4617.0,7
4619.0,9
4621.0,7
4623.0,10
4625.0,4
4627.0,1
4629.0,1
4631.0,5
4633.0,6
4635.0,6
4637.0,3
4639.0,4
4641.0,4
4643.0,4
4645.0,4
4647.0,4
4649.0,3
4651.0,3
4653.0,6
4655.0,8
4657.0,11
4659.0,12
4661.0,8
4663.0,7
4665.0,12
4667.0,2
4669.0,5
4671.0,2
4673.0,2
4675.0,6
4677.0,2
4679.0,6
4681.0,5
4683.0,5
4685.0,4
4687.0,9
4689.0,10
4691.0,3
4693.0,5
4695.0,3
4697.0,4
4699.0,6
4701.0,8
4703.0,4
4705.0,1
4707.0,6
4709.0,3
4711.0,5
4713.0,4
4715.0,5
4717.0,3
4719.0,8
4721.0,3
4723.0,2
4725.0,6
4727.0,2
4729.0,4
4731.0,11
4733.0,6
4735.0,8
4737.0,8
4739.0,11
4741.0,6
4743.0,3
4745.0,4
4747.0,2
4749.0,2
4751.0,5
4753.0,6
4755.0,7
4757.0,10
4759.0,4
4761.0,6
4763.0,6
4765.0,8
4767.0,9
4769.0,5
4771.0,5
4773.0,5
4775.0,2
4777.0,5
4779.0,0
4781.0,6
4783.0,6
4785.0,3
4787.0,7
4789.0,6
4791.0,7
4793.0,3
4795.0,7
4797.0,10
4799.0,5
4801.0,6
4803.0,4
4805.0,12
4807.0,8
4809.0,9
4811.0,9
4813.0,9
4815.0,3
4817.0,5
4819.0,9
4821.0,4
4823.0,3
4825.0,5
4827.0,3
4829.0,4
4831.0,5
4833.0,7
4835.0,8
4837.0,7
4839.0,3
4841.0,5
4843.0,4
4845.0,3
4847.0,4
4849.0,3
4851.0,4
4853.0,2
4855.0,4
4857.0,6
4859.0,4
4861.0,5
4863.0,2
4865.0,3
4867.0,3
4869.0,2
4871.0,7
4873.0,5
4875.0,1
4877.0,2
4879.0,5
4881.0,5
4883.0,0
4885.0,3
4887.0,7
4889.0,1
4891.0,3
4893.0,3
4895.0,5
4897.0,2
4899.0,3
4901.0,1
4903.0,1
4905.0,5
4907.0,5
4909.0,8
4911.0,3
4913.0,4
4915.0,15
4917.0,9
4919.0,20
4921.0,7
4923.0,7
4925.0,10
4927.0,5
4929.0,5
4931.0,8
4933.0,9
4935.0,7
4937.0,11
4939.0,11
4941.0,3
4943.0,5
4945.0,2
4947.0,4
4949.0,6
4951.0,2
4953.0,2
4955.0,5
4957.0,4
4959.0,5
4961.0,3
4963.0,2
4965.0,3
4967.0,3
4969.0,8
4971.0,3
4973.0,5
4975.0,4
4977.0,2
4979.0,1
4981.0,2
4983.0,3
4985.0,5
4987.0,3
4989.0,1
4991.0,1
4993.0,4
4995.0,3
4997.0,4
4999.0,4
5001.0,4
5003.0,5
5005.0,1
5007.0,7
5009.0,2
5011.0,1
5013.0,4
5015.0,4
5017.0,8
5019.0,8
5021.0,5
5023.0,5
5025.0,11
5027.0,4
5029.0,7
5031.0,5
5033.0,8
5035.0,6
5037.0,4
5039.0,5
5041.0,2
5043.0,6
5045.0,9
5047.0,6
5049.0,5
5051.0,1
5053.0,0
5055.0,2
5057.0,3
5059.0,5
5061.0,5
5063.0,3
5065.0,3
5067.0,5
5069.0,4
5071.0,3
5073.0,4
5075.0,3
5077.0,3
5079.0,3
5081.0,3
5083.0,3
5085.0,2
5087.0,3
5089.0,5
5091.0,4
5093.0,5
5095.0,4
5097.0,3
5099.0,3
5101.0,5
5103.0,4
5105.0,2
5107.0,3
5109.0,4
5111.0,5
5113.0,5
5115.0,7
5117.0,4
5119.0,4
5121.0,3
5123.0,1
5125.0,4
5127.0,3
5129.0,3
5131.0,4
5133.0,7
5135.0,2
5137.0,2
5139.0,5
5141.0,1
5143.0,3
5145.0,2
5147.0,4
5149.0,4
5151.0,6
5153.0,14
5155.0,6
5157.0,8
5159.0,8
5161.0,6
5163.0,7
5165.0,9
5167.0,5
5169.0,9
5171.0,5
5173.0,3
5175.0,5
5177.0,9
5179.0,2
5181.0,3
5183.0,6
5185.0,5
5187.0,2
5189.0,4
5191.0,7
5193.0,6
5195.0,4
5197.0,3
5199.0,4
5201.0,2
5203.0,7
5205.0,3
5207.0,0
5209.0,0
5211.0,3
5213.0,2
5215.0,1
5217.0,2
5219.0,3
5221.0,4
5223.0,5
5225.0,8
5227.0,3
5229.0,4
5231.0,7
5233.0,2
5235.0,5
5237.0,9
5239.0,4
5241.0,6
5243.0,5
5245.0,2
5247.0,2
5249.0,7
5251.0,9
5253.0,4
5255.0,6
5257.0,3
5259.0,4
5261.0,2
5263.0,2
5265.0,7
5267.0,6
5269.0,1
5271.0,6
5273.0,3
5275.0,14
5277.0,7
5279.0,5
5281.0,4
5283.0,6
5285.0,3
5287.0,6
5289.0,7
5291.0,3
5293.0,9
5295.0,3
5297.0,1
5299.0,5
5301.0,3
5303.0,7
5305.0,4
5307.0,8
5309.0,6
5311.0,6
5313.0,2
5315.0,4
5317.0,3
5319.0,6
5321.0,8
5323.0,7
5325.0,9
5327.0,10
5329.0,5
5331.0,2
5333.0,1
5335.0,4
5337.0,1
5339.0,3
5341.0,4
5343.0,2
5345.0,1
5347.0,5
5349.0,2
5351.0,3
5353.0,3
5355.0,9
5357.0,5
5359.0,2
5361.0,0
5363.0,1
5365.0,4
5367.0,4
5369.0,3
5371.0,2
5373.0,3
5375.0,0
5377.0,2
5379.0,6
5381.0,2
5383.0,6
5385.0,1
5387.0,2
5389.0,0
5391.0,1
5393.0,2
5395.0,3
5397.0,4
5399.0,5
5401.0,4
5403.0,10
5405.0,6
5407.0,7
5409.0,7
5411.0,7
5413.0,5
5415.0,2
5417.0,4
5419.0,6
5421.0,3
5423.0,4
5425.0,2
5427.0,6
5429.0,1
5431.0,5
5433.0,3
5435.0,2
5437.0,2
5439.0,3
5441.0,3
5443.0,4
5445.0,3
5447.0,5
5449.0,4
5451.0,4
5453.0,7
5455.0,8
5457.0,2
5459.0,4
5461.0,4
5463.0,7
5465.0,4
5467.0,2
5469.0,1
5471.0,1
5473.0,4
5475.0,5
5477.0,3
5479.0,6
5481.0,4
5483.0,2
5485.0,5
5487.0,0
5489.0,4
5491.0,4
5493.0,7
5495.0,5
5497.0,3
5499.0,3
5501.0,4
5503.0,2
5505.0,7
5507.0,2
5509.0,2
5511.0,2
5513.0,8
5515.0,4
5517.0,2
5519.0,5
5521.0,4
5523.0,3
5525.0,3
5527.0,2
5529.0,2
5531.0,6
5533.0,3
5535.0,13
5537.0,7
5539.0,7
5541.0,7
5543.0,5
5545.0,5
5547.0,6
5549.0,5
5551.0,7
5553.0,3
5555.0,3
5557.0,4
5559.0,4
5561.0,3
5563.0,3
5565.0,3
5567.0,6
5569.0,4
5571.0,4
5573.0,1
5575.0,3
5577.0,4
5579.0,1
5581.0,0
5583.0,3
5585.0,4
5587.0,4
5589.0,2
5591.0,9
5593.0,4
5595.0,7
5597.0,4
5599.0,5
5601.0,7
5603.0,5
5605.0,2
5607.0,3
5609.0,6
5611.0,3
5613.0,1
5615.0,2
5617.0,5
5619.0,4
5621.0,2
5623.0,9
5625.0,1
5627.0,4
5629.0,2
5631.0,3
5633.0,4
5635.0,4
5637.0,8
5639.0,5
5641.0,5
5643.0,1
5645.0,5
5647.0,3
5649.0,1
5651.0,2
5653.0,1
5655.0,0
5657.0,2
5659.0,2
5661.0,4
5663.0,7
5665.0,5
5667.0,6
5669.0,2
5671.0,3
5673.0,4
5675.0,4
5677.0,4
5679.0,9
5681.0,10
5683.0,2
5685.0,2
5687.0,5
5689.0,6
5691.0,2
5693.0,2
5695.0,3
5697.0,1
5699.0,4
5701.0,0
5703.0,0
5705.0,3
5707.0,4
5709.0,5
5711.0,1
5713.0,6
5715.0,2
5717.0,4
5719.0,4
5721.0,6
5723.0,4
5725.0,10
5727.0,2
5729.0,7
5731.0,0
5733.0,5
5735.0,4
5737.0,4
5739.0,3
5741.0,4
5743.0,4
5745.0,1
5747.0,3
5749.0,2
5751.0,2
5753.0,2
5755.0,5
5757.0,4
5759.0,9
5761.0,6
5763.0,3
5765.0,5
5767.0,1
5769.0,2
5771.0,1
5773.0,3
5775.0,6
5777.0,0
5779.0,2
5781.0,2
5783.0,1
5785.0,2
5787.0,1
5789.0,1
5791.0,5
5793.0,0
5795.0,3
5797.0,1
5799.0,4
5801.0,3
5803.0,5
5805.0,2
5807.0,5
5809.0,6
5811.0,4
5813.0,1
5815.0,3
5817.0,7
5819.0,0
5821.0,4
5823.0,5
5825.0,3
5827.0,4
5829.0,3
5831.0,3
5833.0,3
5835.0,3
5837.0,4
5839.0,1
5841.0,9
5843.0,0
5845.0,2
5847.0,1
5849.0,6
5851.0,4
5853.0,5
5855.0,6
5857.0,5
5859.0,3
5861.0,2
5863.0,4
5865.0,5
5867.0,1
5869.0,3
5871.0,3
5873.0,1
5875.0,4
5877.0,6
5879.0,4
5881.0,0
5883.0,2
5885.0,4
5887.0,8
5889.0,1
5891.0,2
5893.0,4
5895.0,3
5897.0,3
5899.0,3
5901.0,1
5903.0,2
5905.0,3
5907.0,1
5909.0,3
5911.0,2
5913.0,0
5915.0,4
5917.0,2
5919.0,4
5921.0,6
5923.0,5
5925.0,4
5927.0,0
5929.0,6
5931.0,5
5933.0,5
5935.0,2
5937.0,3
5939.0,0
5941.0,2
5943.0,3
5945.0,5
5947.0,3
5949.0,1
5951.0,5
5953.0,1
5955.0,4
5957.0,8
5959.0,5
5961.0,4
5963.0,1
5965.0,4
5967.0,5
5969.0,2
5971.0,2
5973.0,3
5975.0,4
5977.0,2
5979.0,4
5981.0,2
5983.0,5
5985.0,11
5987.0,4
5989.0,6
5991.0,1
5993.0,3
5995.0,1
5997.0,4
5999.0,5
6001.0,1
6003.0,2
6005.0,6
6007.0,3
6009.0,3
6011.0,2
6013.0,3
6015.0,0
6017.0,3
6019.0,1
6021.0,3
6023.0,2
6025.0,3
6027.0,2
6029.0,3
6031.0,1
6033.0,3
6035.0,3
6037.0,1
6039.0,2
6041.0,2
6043.0,2
6045.0,3
6047.0,3
6049.0,0
6051.0,1
6053.0,5
6055.0,2
6057.0,3
6059.0,3
6061.0,1
6063.0,2
6065.0,1
6067.0,1
6069.0,3
6071.0,3
6073.0,5
6075.0,3
6077.0,3
6079.0,3
6081.0,4
6083.0,6
6085.0,7
6087.0,9
6089.0,2
6091.0,0
6093.0,3
6095.0,2
6097.0,4
6099.0,5
6101.0,6
6103.0,5
6105.0,2
6107.0,1
6109.0,3
6111.0,2
6113.0,0
6115.0,2
6117.0,2
6119.0,1
6121.0,0
6123.0,1
6125.0,0
6127.0,2
6129.0,0
6131.0,4
6133.0,0
6135.0,1
6137.0,6
6139.0,3
6141.0,5
6143.0,2
6145.0,1
6147.0,2
6149.0,5
6151.0,0
6153.0,3
6155.0,0
6157.0,0
6159.0,3
6161.0,1
6163.0,4
6165.0,3
6167.0,1
6169.0,5
6171.0,5
6173.0,4
6175.0,2
6177.0,3
6179.0,1
6181.0,4
6183.0,0
6185.0,1
6187.0,4
6189.0,4
6191.0,1
6193.0,1
6195.0,3
6197.0,4
6199.0,4
6201.0,0
6203.0,3
6205.0,1
6207.0,1
6209.0,0
6211.0,0
6213.0,1
6215.0,1
6217.0,2
6219.0,5
6221.0,2
6223.0,2
6225.0,3
6227.0,3
6229.0,0
6231.0,1
6233.0,0
6235.0,1
6237.0,2
6239.0,1
6241.0,9
6243.0,7
6245.0,2
6247.0,5
6249.0,2
6251.0,5
6253.0,4
6255.0,3
6257.0,1
6259.0,2
6261.0,4
6263.0,1
6265.0,5
6267.0,4
6269.0,3
6271.0,3
6273.0,1
6275.0,1
6277.0,1
6279.0,0
6281.0,1
6283.0,2
6285.0,1
6287.0,4
6289.0,2
6291.0,2
6293.0,2
6295.0,1
6297.0,0
6299.0,2
6301.0,0
6303.0,0
6305.0,3
6307.0,2
6309.0,1
6311.0,1
6313.0,1
6315.0,4
6317.0,2
6319.0,4
6321.0,1
6323.0,2
6325.0,3
6327.0,2
6329.0,3
6331.0,1
6333.0,2
6335.0,3
6337.0,4
6339.0,2
6341.0,3
6343.0,4
6345.0,5
6347.0,0
6349.0,2
6351.0,0
6353.0,2
6355.0,1
6357.0,1
6359.0,2
6361.0,2
6363.0,3
6365.0,1
6367.0,2
6369.0,1
6371.0,4
6373.0,3
6375.0,2
6377.0,2
6379.0,1
6381.0,1
6383.0,3
6385.0,0
6387.0,2
6389.0,0
6391.0,1
6393.0,1
6395.0,3
6397.0,1
6399.0,4
6401.0,1
6403.0,2
6405.0,0
6407.0,1
6409.0,2
6411.0,0
6413.0,2
6415.0,0
6417.0,2
6419.0,2
6421.0,2
6423.0,2
6425.0,4
6427.0,4
6429.0,0
6431.0,1
6433.0,3
6435.0,0
6437.0,3
6439.0,0
6441.0,2
6443.0,1
6445.0,0
6447.0,1
6449.0,3
6451.0,2
6453.0,0
6455.0,3
6457.0,4
6459.0,3
6461.0,2
6463.0,1
6465.0,1
6467.0,0
6469.0,1
6471.0,0
6473.0,0
6475.0,1
6477.0,1
6479.0,1
6481.0,2
6483.0,2
6485.0,6
6487.0,4
6489.0,2
6491.0,4
6493.0,0
6495.0,2
6497.0,1
6499.0,2
6501.0,0
6503.0,0
6505.0,0
6507.0,2
6509.0,2
6511.0,0
6513.0,0
6515.0,1
6517.0,0
6519.0,0
6521.0,6
6523.0,0
6525.0,1
6527.0,1
6529.0,2
6531.0,0
6533.0,1
6535.0,2
6537.0,2
6539.0,1
6541.0,1
6543.0,2
6545.0,1
6547.0,1
6549.0,2
6551.0,1
6553.0,1
6555.0,3
6557.0,5
6559.0,1
6561.0,5
6563.0,1
6565.0,1
6567.0,3
6569.0,1
6571.0,1
6573.0,1
6575.0,3
6577.0,1
6579.0,1
6581.0,0
6583.0,1
6585.0,1
6587.0,3
6589.0,3
6591.0,3
6593.0,4
6595.0,1
6597.0,2
6599.0,2
6601.0,2
6603.0,5
6605.0,2
6607.0,4
6609.0,1
6611.0,2
6613.0,2
6615.0,2
6617.0,0
6619.0,1
6621.0,1
6623.0,0
6625.0,1
6627.0,3
6629.0,4
6631.0,1
6633.0,1
6635.0,2
6637.0,2
6639.0,0
6641.0,0
6643.0,4
6645.0,0
6647.0,1
6649.0,0
6651.0,1
6653.0,1
6655.0,0
6657.0,0
6659.0,1
6661.0,1
6663.0,2
6665.0,1
6667.0,1
6669.0,3
6671.0,2
6673.0,0
6675.0,2
6677.0,5
6679.0,0
6681.0,1
6683.0,2
6685.0,0
6687.0,1
6689.0,1
6691.0,1
6693.0,1
6695.0,1
6697.0,0
6699.0,1
6701.0,1
6703.0,0
6705.0,2
6707.0,2
6709.0,1
6711.0,3
6713.0,2
6715.0,1
6717.0,1
6719.0,1
6721.0,5
6723.0,3
6725.0,5
6727.0,0
6729.0,3
6731.0,2
6733.0,1
6735.0,2
6737.0,1
6739.0,1
6741.0,4
6743.0,2
6745.0,4
6747.0,1
6749.0,3
6751.0,1
6753.0,0
6755.0,2
6757.0,0
6759.0,1
6761.0,4
6763.0,1
6765.0,2
6767.0,1
6769.0,1
6771.0,2
6773.0,0
6775.0,0
6777.0,0
6779.0,1
6781.0,1
6783.0,0
6785.0,1
6787.0,2
6789.0,1
6791.0,2
6793.0,1
6795.0,0
6797.0,1
6799.0,3
6801.0,1
6803.0,2
6805.0,2
6807.0,3
6809.0,0
6811.0,1
6813.0,0
6815.0,0
6817.0,1
6819.0,1
6821.0,2
6823.0,2
6825.0,1
6827.0,1
6829.0,0
6831.0,1
6833.0,1
6835.0,0
6837.0,1
6839.0,0
6841.0,0
6843.0,0
6845.0,1
6847.0,2
6849.0,2
6851.0,2
6853.0,2
6855.0,2
6857.0,1
6859.0,2
6861.0,1
6863.0,3
6865.0,4
6867.0,2
6869.0,2
6871.0,3
6873.0,0
6875.0,1
6877.0,0
6879.0,2
6881.0,0
6883.0,1
6885.0,2
6887.0,2
6889.0,2
6891.0,2
6893.0,2
6895.0,1
6897.0,2
6899.0,1
6901.0,3
6903.0,1
6905.0,0
6907.0,3
6909.0,2
6911.0,2
6913.0,0
6915.0,0
6917.0,1
6919.0,0
6921.0,0
6923.0,3
6925.0,0
6927.0,1
6929.0,0
6931.0,0
6933.0,2
6935.0,0
6937.0,0
6939.0,1
6941.0,0
6943.0,1
6945.0,0
6947.0,3
6949.0,2
6951.0,2
6953.0,1
6955.0,3
6957.0,1
6959.0,1
6961.0,1
6963.0,4
6965.0,2
6967.0,3
6969.0,0
6971.0,0
6973.0,0
6975.0,1
6977.0,0
6979.0,0
6981.0,2
6983.0,3
6985.0,1
6987.0,2
6989.0,1
6991.0,0
6993.0,2
6995.0,2
6997.0,1
6999.0,0
7001.0,1
7003.0,2
7005.0,0
7007.0,1
7009.0,2
7011.0,0
7013.0,0
7015.0,1
7017.0,0
7019.0,1
7021.0,2
7023.0,0
7025.0,2
7027.0,1
7029.0,0
7031.0,0
7033.0,0
7035.0,3
7037.0,1
7039.0,1
7041.0,1
7043.0,3
7045.0,2
7047.0,0
7049.0,0
7051.0,0
7053.0,1
7055.0,0
7057.0,0
7059.0,2
7061.0,0
7063.0,0
7065.0,1
7067.0,0
7069.0,2
7071.0,0
7073.0,3
7075.0,2
7077.0,1
7079.0,1
7081.0,1
7083.0,1
7085.0,1
7087.0,0
7089.0,2
7091.0,0
7093.0,1
7095.0,0
7097.0,1
7099.0,1
7101.0,1
7103.0,1
7105.0,0
7107.0,0
7109.0,1
7111.0,1
7113.0,0
7115.0,0
7117.0,1
7119.0,1
7121.0,0
7123.0,0
7125.0,0
7127.0,0
7129.0,1
7131.0,2
7133.0,1
7135.0,0
7137.0,1
7139.0,0
7141.0,0
7143.0,1
7145.0,2
7147.0,2
7149.0,0
7151.0,0
7153.0,0
7155.0,0
7157.0,0
7159.0,0
7161.0,0
7163.0,0
7165.0,0
7167.0,2
7169.0,2
7171.0,0
7173.0,0
7175.0,2
7177.0,0
7179.0,1
7181.0,0
7183.0,0
7185.0,0
7187.0,0
7189.0,2
7191.0,1
7193.0,1
7195.0,1
7197.0,1
7199.0,1
7201.0,1
7203.0,1
7205.0,1
7207.0,1
7209.0,1
7211.0,1
7213.0,4
7215.0,0
7217.0,0
7219.0,0
7221.0,1
7223.0,0
7225.0,1
7227.0,0
7229.0,0
7231.0,0
7233.0,0
7235.0,0
7237.0,0
7239.0,2
7241.0,1
7243.0,0
7245.0,0
7247.0,1
7249.0,3
7251.0,0
7253.0,0
7255.0,0
7257.0,0
7259.0,0
7261.0,0
7263.0,1
7265.0,0
7267.0,2
7269.0,0
7271.0,2
7273.0,1
7275.0,1
7277.0,1
7279.0,0
7281.0,0
7283.0,0
7285.0,1
7287.0,0
7289.0,0
7291.0,0
7293.0,3
7295.0,1
7297.0,1
7299.0,0
7301.0,0
7303.0,2
7305.0,1
7307.0,0
7309.0,0
7311.0,1
7313.0,0
7315.0,0
7317.0,0
7319.0,1
7321.0,1
7323.0,2
7325.0,0
7327.0,3
7329.0,2
7331.0,2
7333.0,0
7335.0,3
7337.0,1
7339.0,1
7341.0,0
7343.0,0
7345.0,0
7347.0,0
7349.0,0
7351.0,1
7353.0,0
7355.0,0
7357.0,1
7359.0,2
7361.0,0
7363.0,1
7365.0,0
7367.0,2
7369.0,1
7371.0,2
7373.0,0
7375.0,0
7377.0,1
7379.0,0
7381.0,0
7383.0,2
7385.0,1
7387.0,0
7389.0,4
7391.0,0
7393.0,0
7395.0,1
7397.0,2
7399.0,1
7401.0,0
7403.0,0
7405.0,0
7407.0,1
7409.0,0
7411.0,0
7413.0,1
7415.0,1
7417.0,0
7419.0,1
7421.0,1
7423.0,1
7425.0,0
7427.0,0
7429.0,0
7431.0,0
7433.0,0
7435.0,2
7437.0,0
7439.0,1
7441.0,0
7443.0,1
7445.0,2
7447.0,0
7449.0,0
7451.0,2
7453.0,1
7455.0,3
7457.0,1
7459.0,2
7461.0,1
7463.0,1
7465.0,0
7467.0,0
7469.0,2
7471.0,0
7473.0,1
7475.0,0
7477.0,1
7479.0,2
7481.0,0
7483.0,1
7485.0,0
7487.0,0
7489.0,1
7491.0,2
7493.0,2
7495.0,3
7497.0,2
7499.0,1
7501.0,0
7503.0,0
7505.0,2
7507.0,2
7509.0,0
7511.0,2
7513.0,1
7515.0,2
7517.0,2
7519.0,2
7521.0,1
7523.0,2
7525.0,0
7527.0,0
7529.0,2
7531.0,2
7533.0,1
7535.0,0
7537.0,0
7539.0,0
7541.0,1
7543.0,0
7545.0,0
7547.0,1
7549.0,0
7551.0,0
7553.0,1
7555.0,1
7557.0,2
7559.0,0
7561.0,0
7563.0,2
7565.0,0
7567.0,1
7569.0,0
7571.0,0
7573.0,0
7575.0,0
7577.0,0
7579.0,2
7581.0,0
7583.0,1
7585.0,0
7587.0,0
7589.0,0
7591.0,1
7593.0,1
7595.0,0
7597.0,1
7599.0,1
7601.0,0
7603.0,0
7605.0,1
7607.0,1
7609.0,0
7611.0,1
7613.0,0
7615.0,2
7617.0,0
7619.0,1
7621.0,1
7623.0,1
7625.0,2
7627.0,2
7629.0,0
7631.0,0
7633.0,1
7635.0,1
7637.0,0
7639.0,1
7641.0,1
7643.0,1
7645.0,1
7647.0,1
7649.0,0
7651.0,0
7653.0,0
7655.0,0
7657.0,0
7659.0,0
7661.0,0
7663.0,1
7665.0,1
7667.0,0
7669.0,1
7671.0,1
7673.0,2
7675.0,0
7677.0,1
7679.0,2
7681.0,1
7683.0,0
7685.0,0
7687.0,0
7689.0,0
7691.0,0
7693.0,0
7695.0,0
7697.0,1
7699.0,1
7701.0,0
7703.0,0
7705.0,2
7707.0,1
7709.0,0
7711.0,0
7713.0,1
7715.0,1
7717.0,0
7719.0,1
7721.0,0
7723.0,0
7725.0,1
7727.0,1
7729.0,1
7731.0,0
7733.0,0
7735.0,1
7737.0,2
7739.0,3
7741.0,0
7743.0,1
7745.0,1
7747.0,2
7749.0,0
7751.0,0
7753.0,0
7755.0,2
7757.0,0
7759.0,1
7761.0,0
7763.0,0
7765.0,0
7767.0,0
7769.0,1
7771.0,1
7773.0,0
7775.0,0
7777.0,0
7779.0,1
7781.0,0
7783.0,1
7785.0,0
7787.0,1
7789.0,0
7791.0,0
7793.0,0
7795.0,1
7797.0,1
7799.0,1
7801.0,0
7803.0,1
7805.0,0
7807.0,0
7809.0,1
7811.0,0
7813.0,1
7815.0,1
7817.0,0
7819.0,0
7821.0,0
7823.0,0
7825.0,0
7827.0,0
7829.0,1
7831.0,0
7833.0,0
7835.0,1
7837.0,0
7839.0,1
7841.0,0
7843.0,0
7845.0,0
7847.0,0
7849.0,0
7851.0,1
7853.0,1
7855.0,2
7857.0,1
7859.0,1
7861.0,1
7863.0,1
7865.0,1
7867.0,0
7869.0,1
7871.0,0
7873.0,0
7875.0,1
7877.0,0
7879.0,0
7881.0,2
7883.0,0
7885.0,0
7887.0,1
7889.0,2
7891.0,0
7893.0,1
7895.0,2
7897.0,0
7899.0,1
7901.0,0
7903.0,0
7905.0,0
7907.0,2
7909.0,2
7911.0,1
7913.0,0
7915.0,0
7917.0,1
7919.0,2
7921.0,0
7923.0,0
7925.0,2
7927.0,0
7929.0,2
7931.0,1
7933.0,2
7935.0,3
7937.0,1
7939.0,0
7941.0,0
7943.0,2
7945.0,0
7947.0,0
7949.0,0
7951.0,0
7953.0,0
7955.0,0
7957.0,1
7959.0,0
7961.0,0
7963.0,1
7965.0,2
7967.0,2
7969.0,2
7971.0,0
7973.0,2
7975.0,2
7977.0,1
7979.0,2
7981.0,2
7983.0,0
7985.0,0
7987.0,1
7989.0,2
7991.0,1
7993.0,0
7995.0,0
7997.0,1
7999.0,0
8001.0,0
8003.0,1
8005.0,1
8007.0,0
8009.0,2
8011.0,0
8013.0,2
8015.0,1
8017.0,3
8019.0,1
8021.0,2
8023.0,3
8025.0,1
8027.0,0
8029.0,1
8031.0,1
8033.0,2
8035.0,1
8037.0,3
8039.0,1
8041.0,1
8043.0,0
8045.0,2
8047.0,3
8049.0,2
8051.0,1
8053.0,1
8055.0,3
8057.0,1
8059.0,1
8061.0,1
8063.0,0
8065.0,2
8067.0,4
8069.0,2
8071.0,0
8073.0,1
8075.0,2
8077.0,0
8079.0,0
8081.0,1
8083.0,3
8085.0,0
8087.0,1
8089.0,3
8091.0,3
8093.0,2
8095.0,2
8097.0,3
8099.0,1
8101.0,4
8103.0,2
8105.0,2
8107.0,1
8109.0,1
8111.0,0
8113.0,0
8115.0,1
8117.0,0
8119.0,0
8121.0,2
8123.0,1
8125.0,1
8127.0,7
8129.0,1
8131.0,0
8133.0,4
8135.0,1
8137.0,1
8139.0,2
8141.0,1
8143.0,2
8145.0,2
8147.0,5
8149.0,6
8151.0,3
8153.0,3
8155.0,1
8157.0,2
8159.0,2
8161.0,1
8163.0,2
8165.0,0
8167.0,0
8169.0,1
8171.0,4
8173.0,2
8175.0,2
8177.0,1
8179.0,2
8181.0,1
8183.0,0
8185.0,1
8187.0,0
8189.0,0
8191.0,3
8193.0,0
8195.0,4
8197.0,3
8199.0,5
8201.0,4
8203.0,4
8205.0,5
8207.0,4
8209.0,4
8211.0,1
8213.0,9
8215.0,3
8217.0,3
8219.0,2
8221.0,3
8223.0,5
8225.0,6
8227.0,9
8229.0,6
8231.0,5
8233.0,5
8235.0,4
8237.0,6
8239.0,6
8241.0,5
8243.0,5
8245.0,9
8247.0,11
8249.0,5
8251.0,5
8253.0,7
8255.0,7
8257.0,5
8259.0,5
8261.0,19
8263.0,8
8265.0,13
8267.0,9
8269.0,4
8271.0,1
8273.0,3
8275.0,2
8277.0,5
8279.0,2
8281.0,3
8283.0,3
8285.0,2
8287.0,4
8289.0,2
8291.0,3
8293.0,5
8295.0,11
8297.0,18
8299.0,50
8301.0,48
8303.0,64
8305.0,63
8307.0,90
8309.0,87
8311.0,61
8313.0,34
8315.0,28
8317.0,17
8319.0,5
8321.0,8
8323.0,8
8325.0,1
8327.0,2
8329.0,3
8331.0,2
8333.0,1
8335.0,4
8337.0,0
8339.0,1
8341.0,0
8343.0,0
8345.0,0
8347.0,0
8349.0,1
8351.0,1
8353.0,0
8355.0,0
8357.0,1
8359.0,1
8361.0,0
8363.0,0
8365.0,0
8367.0,0
8369.0,0
8371.0,0
8373.0,0
8375.0,0
8377.0,0
8379.0,0
8381.0,1
8383.0,1
8385.0,0
8387.0,1
8389.0,3
8391.0,0
8393.0,1
8395.0,2
8397.0,1
8399.0,1
8401.0,3
8403.0,2
8405.0,0
8407.0,2
8409.0,1
8411.0,1
8413.0,0
8415.0,1
8417.0,0
8419.0,0
8421.0,1
8423.0,0
8425.0,1
8427.0,2
8429.0,0
8431.0,0
8433.0,2
8435.0,1
8437.0,0
8439.0,1
8441.0,3
8443.0,4
8445.0,4
8447.0,9
8449.0,25
8451.0,23
8453.0,15
8455.0,10
8457.0,7
8459.0,0
8461.0,2
8463.0,0
8465.0,1
8467.0,0
8469.0,1
8471.0,1
8473.0,0
8475.0,2
8477.0,2
8479.0,1
8481.0,0
8483.0,2
8485.0,0
8487.0,0
8489.0,0
8491.0,0
8493.0,2
8495.0,1
8497.0,0
8499.0,1
8501.0,0
8503.0,2
8505.0,2
8507.0,0
8509.0,0
8511.0,0
8513.0,1
8515.0,0
8517.0,0
8519.0,0
8521.0,1
8523.0,1
8525.0,1
8527.0,0
8529.0,0
8531.0,0
8533.0,0
8535.0,2
8537.0,1
8539.0,0
8541.0,0
8543.0,0
8545.0,0
8547.0,0
8549.0,1
8551.0,1
8553.0,0
8555.0,1
8557.0,0
8559.0,1
8561.0,1
8563.0,1
8565.0,0
8567.0,0
8569.0,1
8571.0,1
8573.0,0
8575.0,0
8577.0,0
8579.0,1
8581.0,0
8583.0,1
8585.0,0
8587.0,0
8589.0,0
8591.0,0
8593.0,1
8595.0,1
8597.0,0
8599.0,1
8601.0,1
8603.0,1
8605.0,1
8607.0,0
8609.0,0
8611.0,0
8613.0,0
8615.0,0
8617.0,0
8619.0,0
8621.0,1
8623.0,0
8625.0,0
8627.0,0
8629.0,0
8631.0,0
8633.0,0
8635.0,0
8637.0,1
8639.0,0
8641.0,0
8643.0,0
8645.0,0
8647.0,0
8649.0,0
8651.0,0
8653.0,0
8655.0,1
8657.0,1
8659.0,0
8661.0,1
8663.0,0
8665.0,0
8667.0,0
8669.0,0
8671.0,0
8673.0,0
8675.0,0
8677.0,0
8679.0,1
8681.0,0
8683.0,0
8685.0,1
8687.0,0
8689.0,0
8691.0,1
8693.0,0
8695.0,0
8697.0,1
8699.0,1
8701.0,0
8703.0,1
8705.0,1
8707.0,1
8709.0,0
8711.0,1
8713.0,1
8715.0,0
8717.0,1
8719.0,1
8721.0,0
8723.0,0
8725.0,0
8727.0,0
8729.0,0
8731.0,0
8733.0,0
8735.0,0
8737.0,1
8739.0,0
8741.0,0
8743.0,1
8745.0,0
8747.0,1
8749.0,0
8751.0,1
8753.0,0
8755.0,1
8757.0,2
8759.0,3
8761.0,1
8763.0,0
8765.0,1
8767.0,2
8769.0,2
8771.0,1
8773.0,0
8775.0,0
8777.0,2
8779.0,0
8781.0,2
8783.0,0
8785.0,1
8787.0,2
8789.0,0
8791.0,0
8793.0,0
8795.0,1
8797.0,1
8799.0,0
8801.0,1
8803.0,1
8805.0,2
8807.0,0
8809.0,0
8811.0,0
8813.0,1
8815.0,1
8817.0,0
8819.0,0
8821.0,1
8823.0,0
8825.0,0
8827.0,0
8829.0,0
8831.0,0
8833.0,0
8835.0,2
8837.0,4
8839.0,4
8841.0,9
8843.0,3
8845.0,2
8847.0,3
8849.0,2
8851.0,2
8853.0,0
8855.0,2
8857.0,0
8859.0,1
8861.0,0
8863.0,1
8865.0,1
8867.0,1
8869.0,0
8871.0,1
8873.0,2
8875.0,1
8877.0,1
8879.0,1
8881.0,0
8883.0,0
8885.0,0
8887.0,0
8889.0,2
8891.0,2
8893.0,1
8895.0,1
8897.0,1
8899.0,3
8901.0,1
8903.0,1
8905.0,1
8907.0,1
8909.0,2
8911.0,2
8913.0,1
8915.0,1
8917.0,2
8919.0,3
8921.0,1
8923.0,0
8925.0,2
8927.0,2
8929.0,4
8931.0,0
8933.0,0
8935.0,1
8937.0,2
8939.0,5
8941.0,0
8943.0,5
8945.0,1
8947.0,3
8949.0,0
8951.0,1
8953.0,3
8955.0,1
8957.0,1
8959.0,2
8961.0,5
8963.0,2
8965.0,1
8967.0,1
8969.0,1
8971.0,4
8973.0,5
8975.0,4
8977.0,6
8979.0,4
8981.0,1
8983.0,2
8985.0,2
8987.0,2
8989.0,1
8991.0,1
8993.0,1
8995.0,5
8997.0,8
8999.0,3
9001.0,1
9003.0,2
9005.0,4
9007.0,2
9009.0,4
9011.0,3
9013.0,6
9015.0,7
9017.0,3
9019.0,6
9021.0,2
9023.0,4
9025.0,6
9027.0,3
9029.0,3
9031.0,2
9033.0,0
9035.0,0
9037.0,0
9039.0,0
9041.0,0
9043.0,1
9045.0,4
9047.0,0
9049.0,1
9051.0,4
9053.0,4
9055.0,5
9057.0,5
9059.0,11
9061.0,12
9063.0,4
9065.0,9
9067.0,4
9069.0,5
9071.0,8
9073.0,2
9075.0,3
9077.0,4
9079.0,0
9081.0,1
9083.0,4
9085.0,1
9087.0,7
9089.0,6
9091.0,16
9093.0,25
9095.0,24
9097.0,27
9099.0,19
9101.0,13
9103.0,11
9105.0,4
9107.0,6
9109.0,5
9111.0,6
9113.0,5
9115.0,4
9117.0,4
9119.0,11
9121.0,9
9123.0,13
9125.0,37
9127.0,53
9129.0,88
9131.0,67
9133.0,47
9135.0,38
9137.0,27
9139.0,10
9141.0,12
9143.0,12
9145.0,7
9147.0,5
9149.0,6
9151.0,3
9153.0,3
9155.0,3
9157.0,3
9159.0,2
9161.0,1
9163.0,6
9165.0,1
9167.0,3
9169.0,0
9171.0,1
9173.0,1
9175.0,0
9177.0,1
9179.0,2
9181.0,0
9183.0,0
9185.0,0
9187.0,0
9189.0,0
9191.0,0
9193.0,0
9195.0,0
9197.0,2
9199.0,0
9201.0,0
9203.0,1
9205.0,0
9207.0,0
9209.0,1
9211.0,0
9213.0,0
9215.0,1
9217.0,0
9219.0,0
9221.0,1
9223.0,0
9225.0,0
9227.0,1
9229.0,0
9231.0,0
9233.0,0
9235.0,0
9237.0,0
9239.0,0
9241.0,0
9243.0,1
9245.0,0
9247.0,1
9249.0,2
9251.0,0
9253.0,0
9255.0,1
9257.0,1
9259.0,0
9261.0,0
9263.0,0
9265.0,0
9267.0,0
9269.0,1
9271.0,0
9273.0,0
9275.0,0
9277.0,0
9279.0,1
9281.0,0
9283.0,0
9285.0,0
9287.0,1
9289.0,0
9291.0,0
9293.0,0
9295.0,0
9297.0,1
9299.0,0
9301.0,0
9303.0,0
9305.0,1
9307.0,0
9309.0,0
9311.0,0
9313.0,2
9315.0,0
9317.0,0
9319.0,2
9321.0,0
9323.0,1
9325.0,1
9327.0,0
9329.0,0
9331.0,0
9333.0,0
9335.0,0
9337.0,0
9339.0,0
9341.0,0
9343.0,0
9345.0,0
9347.0,0
9349.0,0
9351.0,0
9353.0,2
9355.0,0
9357.0,0
9359.0,1
9361.0,0
9363.0,1
9365.0,0
9367.0,1
9369.0,0
9371.0,0
9373.0,0
9375.0,0
9377.0,0
9379.0,1
9381.0,1
9383.0,0
9385.0,0
9387.0,2
9389.0,0
9391.0,0
9393.0,1
9395.0,0
9397.0,1
9399.0,0
9401.0,0
9403.0,1
9405.0,0
9407.0,1
9409.0,0
9411.0,0
9413.0,1
9415.0,1
9417.0,0
9419.0,0
9421.0,0
9423.0,0
9425.0,0
9427.0,0
9429.0,0
9431.0,0
9433.0,3
9435.0,1
9437.0,0
9439.0,0
9441.0,2
9443.0,0
9445.0,0
9447.0,2
9449.0,0
9451.0,0
9453.0,2
9455.0,1
9457.0,0
9459.0,0
9461.0,0
9463.0,0
9465.0,1
9467.0,0
9469.0,2
9471.0,0
9473.0,0
9475.0,0
9477.0,1
9479.0,0
9481.0,0
9483.0,1
9485.0,0
9487.0,0
9489.0,0
9491.0,0
9493.0,0
9495.0,1
9497.0,0
9499.0,0
9501.0,1
9503.0,0
9505.0,0
9507.0,1
9509.0,1
9511.0,1
9513.0,1
9515.0,0
9517.0,1
9519.0,1
9521.0,3
9523.0,0
9525.0,0
9527.0,0
9529.0,0
9531.0,1
9533.0,1
9535.0,1
9537.0,1
9539.0,0
9541.0,2
9543.0,1
9545.0,0
9547.0,0
9549.0,1
9551.0,0
9553.0,0
9555.0,2
9557.0,0
9559.0,2
9561.0,1
9563.0,0
9565.0,0
9567.0,0
9569.0,0
9571.0,0
9573.0,0
9575.0,0
9577.0,1
9579.0,1
9581.0,2
9583.0,0
9585.0,0
9587.0,0
9589.0,0
9591.0,0
9593.0,0
9595.0,1
9597.0,1
9599.0,0
9601.0,1
9603.0,1
9605.0,1
9607.0,1
9609.0,0
9611.0,1
9613.0,3
9615.0,1
9617.0,1
9619.0,2
9621.0,1
9623.0,1
9625.0,4
9627.0,4
9629.0,2
9631.0,0
9633.0,1
9635.0,3
9637.0,2
9639.0,2
9641.0,3
9643.0,0
9645.0,1
9647.0,1
9649.0,0
9651.0,3
9653.0,0
9655.0,4
9657.0,1
9659.0,1
9661.0,3
9663.0,0
9665.0,2
9667.0,1
9669.0,1
9671.0,1
9673.0,1
9675.0,0
9677.0,1
9679.0,1
9681.0,1
9683.0,0
9685.0,0
9687.0,7
9689.0,6
9691.0,17
9693.0,6
9695.0,7
9697.0,3
9699.0,4
9701.0,3
9703.0,2
9705.0,6
9707.0,0
9709.0,1
9711.0,1
9713.0,0
9715.0,1
9717.0,0
9719.0,1
9721.0,0
9723.0,1
9725.0,0
9727.0,0
9729.0,2
9731.0,0
9733.0,2
9735.0,0
9737.0,0
9739.0,1
9741.0,0
9743.0,0
9745.0,2
9747.0,1
9749.0,1
9751.0,1
9753.0,0
9755.0,1
9757.0,0
9759.0,0
9761.0,0
9763.0,0
9765.0,0
9767.0,0
9769.0,0
9771.0,0
9773.0,1
9775.0,2
9777.0,0
9779.0,1
9781.0,0
9783.0,0
9785.0,1
9787.0,0
9789.0,0
9791.0,0
9793.0,1
9795.0,0
9797.0,0
9799.0,0
9801.0,0
9803.0,0
9805.0,0
9807.0,0
9809.0,0
9811.0,0
9813.0,1
9815.0,0
9817.0,0
9819.0,2
9821.0,0
9823.0,0
9825.0,0
9827.0,0
9829.0,0
9831.0,1
9833.0,0
9835.0,0
9837.0,0
9839.0,0
9841.0,0
9843.0,0
9845.0,1
9847.0,1
9849.0,0
9851.0,0
9853.0,0
9855.0,1
9857.0,0
9859.0,1
9861.0,0
9863.0,1
9865.0,3
9867.0,0
9869.0,2
9871.0,0
9873.0,1
9875.0,2
9877.0,1
9879.0,0
9881.0,0
9883.0,0
9885.0,0
9887.0,1
9889.0,0
9891.0,0
9893.0,0
9895.0,1
9897.0,1
9899.0,1
9901.0,0
9903.0,0
9905.0,0
9907.0,0
9909.0,1
9911.0,0
9913.0,1
9915.0,0
9917.0,0
9919.0,0
9921.0,1
9923.0,0
9925.0,2
9927.0,0
9929.0,1
9931.0,1
9933.0,2
9935.0,0
9937.0,0
9939.0,1
9941.0,0
9943.0,2
9945.0,0
9947.0,0
9949.0,0
9951.0,0
9953.0,0
9955.0,0
9957.0,0
9959.0,0
9961.0,0
9963.0,0
9965.0,0
9967.0,0
9969.0,0
9971.0,0
9973.0,1
9975.0,0
9977.0,0
9979.0,1
9981.0,0
9983.0,0
9985.0,2
9987.0,0
9989.0,0
9991.0,0
9993.0,1
9995.0,2
9997.0,0
9999.0,1
10001.0,1
10003.0,0
10005.0,1
10007.0,0
10009.0,1
10011.0,0
10013.0,0
10015.0,0
10017.0,1
10019.0,2
10021.0,0
10023.0,0
10025.0,0
10027.0,0
10029.0,0
10031.0,0
10033.0,0
10035.0,0
10037.0,0
10039.0,0
10041.0,1
10043.0,0
10045.0,0
10047.0,0
10049.0,2
10051.0,1
10053.0,1
10055.0,0
10057.0,1
10059.0,0
10061.0,0
10063.0,0
10065.0,0
10067.0,0
10069.0,0
10071.0,1
10073.0,0
10075.0,1
10077.0,0
10079.0,1
10081.0,1
10083.0,0
10085.0,1
10087.0,1
10089.0,0
10091.0,2
10093.0,0
10095.0,0
10097.0,0
10099.0,2
10101.0,1
10103.0,1
10105.0,0
10107.0,1
10109.0,2
10111.0,0
10113.0,0
10115.0,0
10117.0,2
10119.0,1
10121.0,1
10123.0,1
10125.0,3
10127.0,0
10129.0,0
10131.0,2
10133.0,0
10135.0,1
10137.0,0
10139.0,0
10141.0,1
10143.0,1
10145.0,1
10147.0,1
10149.0,1
10151.0,1
10153.0,0
10155.0,0
10157.0,2
10159.0,0
10161.0,1
10163.0,1
10165.0,0
10167.0,3
10169.0,0
10171.0,1
10173.0,0
10175.0,2
10177.0,0
10179.0,0
10181.0,1
10183.0,1
10185.0,0
10187.0,0
10189.0,4
10191.0,1
10193.0,3
10195.0,1
10197.0,1
10199.0,3
10201.0,1
10203.0,1
10205.0,0
10207.0,1
10209.0,0
10211.0,1
10213.0,0
10215.0,4
10217.0,4
10219.0,0
10221.0,2
10223.0,3
10225.0,3
10227.0,1
10229.0,3
10231.0,0
10233.0,1
10235.0,0
10237.0,3
10239.0,0
10241.0,1
10243.0,2
10245.0,1
10247.0,3
10249.0,2
10251.0,3
10253.0,2
10255.0,0
10257.0,1
10259.0,1
10261.0,2
10263.0,3
10265.0,4
10267.0,0
10269.0,1
10271.0,4
10273.0,6
10275.0,2
10277.0,1
10279.0,2
10281.0,1
10283.0,4
10285.0,3
10287.0,2
10289.0,0
10291.0,1
10293.0,1
10295.0,4
10297.0,1
10299.0,2
10301.0,2
10303.0,2
10305.0,0
10307.0,2
10309.0,3
10311.0,4
10313.0,6
10315.0,3
10317.0,5
10319.0,5
10321.0,4
10323.0,7
10325.0,10
10327.0,7
10329.0,3
10331.0,2
10333.0,1
10335.0,1
10337.0,7
10339.0,3
10341.0,4
10343.0,3
10345.0,2
10347.0,0
10349.0,4
10351.0,2
10353.0,1
10355.0,4
10357.0,1
10359.0,4
10361.0,1
10363.0,2
10365.0,2
10367.0,3
10369.0,2
10371.0,3
10373.0,4
10375.0,7
10377.0,6
10379.0,4
10381.0,6
10383.0,0
10385.0,1
10387.0,4
10389.0,6
10391.0,1
10393.0,3
10395.0,3
10397.0,8
10399.0,2
10401.0,3
10403.0,5
10405.0,15
10407.0,15
10409.0,16
10411.0,20
10413.0,9
10415.0,7
10417.0,3
10419.0,7
10421.0,3
10423.0,6
10425.0,5
10427.0,7
10429.0,5
10431.0,3
10433.0,2
10435.0,3
10437.0,4
10439.0,5
10441.0,1
10443.0,3
10445.0,5
10447.0,7
10449.0,3
10451.0,0
10453.0,2
10455.0,3
10457.0,2
10459.0,2
10461.0,1
10463.0,1
10465.0,4
10467.0,1
10469.0,3
10471.0,3
10473.0,2
10475.0,0
10477.0,2
10479.0,0
10481.0,0
10483.0,1
10485.0,1
10487.0,0
10489.0,1
10491.0,0
10493.0,1
10495.0,2
10497.0,2
10499.0,2
10501.0,2
10503.0,3
10505.0,4
10507.0,5
10509.0,4
10511.0,3
10513.0,1
10515.0,5
10517.0,0
10519.0,2
10521.0,1
10523.0,3
10525.0,1
10527.0,0
10529.0,1
10531.0,2
10533.0,4
10535.0,2
10537.0,1
10539.0,1
10541.0,0
10543.0,1
10545.0,1
10547.0,1
10549.0,0
10551.0,0
10553.0,0
10555.0,0
10557.0,0
10559.0,1
10561.0,0
10563.0,1
10565.0,0
10567.0,0
10569.0,0
10571.0,0
10573.0,0
10575.0,1
10577.0,1
10579.0,0
10581.0,0
10583.0,1
10585.0,0
10587.0,0
10589.0,1
10591.0,0
10593.0,1
10595.0,0
10597.0,0
10599.0,0
10601.0,0
10603.0,1
10605.0,2
10607.0,2
10609.0,1
10611.0,0
10613.0,0
10615.0,0
10617.0,0
10619.0,1
10621.0,1
10623.0,0
10625.0,2
10627.0,1
10629.0,1
10631.0,2
10633.0,1
10635.0,0
10637.0,0
10639.0,0
10641.0,0
10643.0,1
10645.0,0
10647.0,0
10649.0,0
10651.0,0
10653.0,1
10655.0,2
10657.0,1
10659.0,1
10661.0,1
10663.0,1
10665.0,0
10667.0,1
10669.0,0
10671.0,0
10673.0,1
10675.0,2
10677.0,1
10679.0,1
10681.0,1
10683.0,0
10685.0,3
10687.0,1
10689.0,3
10691.0,0
10693.0,0
10695.0,1
10697.0,0
10699.0,1
10701.0,0
10703.0,1
10705.0,4
10707.0,1
10709.0,3
10711.0,2
10713.0,1
10715.0,2
10717.0,0
10719.0,0
10721.0,0
10723.0,0
10725.0,2
10727.0,0
10729.0,3
10731.0,1
10733.0,2
10735.0,0
10737.0,0
10739.0,0
10741.0,1
10743.0,0
10745.0,1
10747.0,3
10749.0,1
10751.0,1
10753.0,0
10755.0,0
10757.0,1
10759.0,1
10761.0,2
10763.0,0
10765.0,0
10767.0,0
10769.0,1
10771.0,0
10773.0,2
10775.0,1
10777.0,0
10779.0,0
10781.0,0
10783.0,1
10785.0,1
10787.0,1
10789.0,0
10791.0,0
10793.0,2
10795.0,1
10797.0,0
10799.0,3
10801.0,1
10803.0,1
10805.0,1
10807.0,0
10809.0,2
10811.0,0
10813.0,0
10815.0,0
10817.0,0
10819.0,0
10821.0,0
10823.0,0
10825.0,1
10827.0,1
10829.0,0
10831.0,0
10833.0,1
10835.0,1
10837.0,1
10839.0,1
10841.0,0
10843.0,1
10845.0,1
10847.0,1
10849.0,1
10851.0,0
10853.0,0
10855.0,0
10857.0,1
10859.0,0
10861.0,1
10863.0,0
10865.0,1
10867.0,0
10869.0,2
10871.0,2
10873.0,1
10875.0,2
10877.0,1
10879.0,0
10881.0,0
10883.0,1
10885.0,2
10887.0,1
10889.0,0
10891.0,0
10893.0,0
10895.0,2
10897.0,0
10899.0,1
10901.0,0
10903.0,0
10905.0,0
10907.0,0
10909.0,0
10911.0,0
10913.0,0
10915.0,2
10917.0,1
10919.0,1
10921.0,1
10923.0,0
10925.0,0
10927.0,0
10929.0,0
10931.0,1
10933.0,1
10935.0,1
10937.0,0
10939.0,0
10941.0,1
10943.0,0
10945.0,0
10947.0,0
10949.0,0
10951.0,0
10953.0,1
10955.0,0
10957.0,0
10959.0,0
10961.0,1
10963.0,0
10965.0,4
10967.0,0
10969.0,1
10971.0,1
10973.0,1
10975.0,1
10977.0,0
10979.0,0
10981.0,1
10983.0,1
10985.0,0
10987.0,0
10989.0,1
10991.0,1
10993.0,0
10995.0,0
10997.0,1
10999.0,1
11001.0,1
11003.0,1
11005.0,1
11007.0,0
11009.0,0
11011.0,0
11013.0,0
11015.0,0
11017.0,1
11019.0,0
11021.0,1
11023.0,0
11025.0,0
11027.0,0
11029.0,0
11031.0,0
11033.0,1
11035.0,0
11037.0,2
11039.0,1
11041.0,0
11043.0,1
11045.0,0
11047.0,0
11049.0,0
11051.0,0
11053.0,1
11055.0,0
11057.0,0
11059.0,1
11061.0,1
11063.0,0
11065.0,0
11067.0,1
11069.0,0
11071.0,0
11073.0,0
11075.0,1
11077.0,0
11079.0,0
11081.0,1
11083.0,0
11085.0,0
11087.0,0
11089.0,1
11091.0,0
11093.0,0
11095.0,0
11097.0,0
11099.0,0
11101.0,0
11103.0,0
11105.0,0
11107.0,0
11109.0,0
11111.0,0
11113.0,0
11115.0,1
11117.0,1
11119.0,1
11121.0,0
11123.0,2
11125.0,0
11127.0,0
11129.0,0
11131.0,0
11133.0,1
11135.0,0
11137.0,0
11139.0,0
11141.0,0
11143.0,0
11145.0,0
11147.0,0
11149.0,0
11151.0,0
11153.0,0
11155.0,0
11157.0,0
11159.0,1
11161.0,0
11163.0,0
11165.0,0
11167.0,0
11169.0,0
11171.0,0
11173.0,0
11175.0,0
11177.0,0
11179.0,1
11181.0,0
11183.0,0
11185.0,0
11187.0,2
11189.0,0
11191.0,0
11193.0,0
11195.0,1
11197.0,1
11199.0,0
11201.0,0
11203.0,0
11205.0,0
11207.0,1
11209.0,0
11211.0,0
11213.0,0
11215.0,1
11217.0,2
11219.0,0
11221.0,0
11223.0,0
11225.0,0
11227.0,1
11229.0,0
11231.0,0
11233.0,0
11235.0,0
11237.0,0
11239.0,0
11241.0,1
11243.0,0
11245.0,1
11247.0,1
11249.0,0
11251.0,0
11253.0,0
11255.0,2
11257.0,0
11259.0,0
11261.0,0
11263.0,1
11265.0,0
11267.0,0
11269.0,1
11271.0,1
11273.0,0
11275.0,0
11277.0,0
11279.0,0
11281.0,0
11283.0,0
11285.0,0
11287.0,2
11289.0,2
11291.0,0
11293.0,0
11295.0,0
11297.0,0
11299.0,0
11301.0,0
11303.0,0
11305.0,0
11307.0,1
11309.0,0
11311.0,1
11313.0,1
11315.0,0
11317.0,0
11319.0,0
11321.0,0
11323.0,0
11325.0,0
11327.0,1
11329.0,0
11331.0,1
11333.0,0
11335.0,0
11337.0,1
11339.0,0
11341.0,1
11343.0,0
11345.0,1
11347.0,1
11349.0,1
11351.0,0
11353.0,0
11355.0,0
11357.0,2
11359.0,0
11361.0,0
11363.0,2
11365.0,0
11367.0,0
11369.0,0
11371.0,1
11373.0,0
11375.0,0
11377.0,0
11379.0,0
11381.0,1
11383.0,1
11385.0,0
11387.0,3
11389.0,3
11391.0,0
11393.0,0
11395.0,2
11397.0,0
11399.0,1
11401.0,0
11403.0,1
11405.0,0
11407.0,0
11409.0,0
11411.0,0
11413.0,1
11415.0,0
11417.0,0
11419.0,0
11421.0,0
11423.0,1
11425.0,0
11427.0,0
11429.0,0
11431.0,0
11433.0,1
11435.0,0
11437.0,0
11439.0,1
11441.0,0
11443.0,0
11445.0,2
11447.0,0
11449.0,0
11451.0,1
11453.0,1
11455.0,0
11457.0,0
11459.0,0
11461.0,0
11463.0,3
11465.0,2
11467.0,0
11469.0,0
11471.0,0
11473.0,1
11475.0,0
11477.0,0
11479.0,0
11481.0,1
11483.0,1
11485.0,0
11487.0,1
11489.0,2
11491.0,1
11493.0,1
11495.0,1
11497.0,0
11499.0,0
11501.0,0
11503.0,0
11505.0,1
11507.0,1
11509.0,2
11511.0,1
11513.0,2
11515.0,1
11517.0,0
11519.0,0
11521.0,0
11523.0,0
11525.0,0
11527.0,1
11529.0,1
11531.0,1
11533.0,0
11535.0,0
11537.0,0
11539.0,1
11541.0,0
11543.0,1
11545.0,2
11547.0,0
11549.0,0
11551.0,2
11553.0,2
11555.0,0
11557.0,3
11559.0,0
11561.0,1
11563.0,1
11565.0,0
11567.0,0
11569.0,0
11571.0,0
11573.0,0
11575.0,0
11577.0,1
11579.0,0
11581.0,1
11583.0,1
11585.0,1
11587.0,1
11589.0,0
11591.0,1
11593.0,1
11595.0,4
11597.0,2
11599.0,1
11601.0,3
11603.0,1
11605.0,2
11607.0,1
11609.0,0
11611.0,1
11613.0,0
11615.0,2
11617.0,1
11619.0,1
11621.0,1
11623.0,0
11625.0,1
11627.0,0
11629.0,1
11631.0,1
11633.0,0
11635.0,0
11637.0,1
11639.0,3
11641.0,2
11643.0,1
11645.0,2
11647.0,1
11649.0,1
11651.0,4
11653.0,2
11655.0,5
11657.0,1
11659.0,2
11661.0,0
11663.0,1
11665.0,0
11667.0,0
11669.0,0
11671.0,0
11673.0,0
11675.0,0
11677.0,0
11679.0,1
11681.0,0
11683.0,2
11685.0,0
11687.0,1
11689.0,2
11691.0,0
11693.0,0
11695.0,2
11697.0,0
11699.0,0
11701.0,0
11703.0,0
11705.0,3
11707.0,1
11709.0,0
11711.0,0
11713.0,1
11715.0,0
11717.0,1
11719.0,1
11721.0,0
11723.0,1
11725.0,2
11727.0,2
11729.0,3
11731.0,2
11733.0,5
11735.0,2
11737.0,0
11739.0,1
11741.0,1
11743.0,0
11745.0,0
11747.0,0
11749.0,1
11751.0,0
11753.0,0
11755.0,0
11757.0,0
11759.0,0
11761.0,0
11763.0,1
11765.0,1
11767.0,0
11769.0,0
11771.0,0
11773.0,0
11775.0,0
11777.0,1
11779.0,0
11781.0,0
11783.0,1
11785.0,0
11787.0,1
11789.0,1
11791.0,0
11793.0,1
11795.0,0
11797.0,0
11799.0,0
11801.0,0
11803.0,0
11805.0,0
11807.0,0
11809.0,1
11811.0,1
11813.0,0
11815.0,0
11817.0,0
11819.0,0
11821.0,0
11823.0,0
11825.0,0
11827.0,0
11829.0,0
11831.0,0
11833.0,1
11835.0,0
11837.0,0
11839.0,0
11841.0,0
11843.0,0
11845.0,0
11847.0,0
11849.0,0
11851.0,0
11853.0,0
11855.0,0
11857.0,1
11859.0,0
11861.0,1
11863.0,0
11865.0,1
11867.0,1
11869.0,1
11871.0,1
11873.0,0
11875.0,1
11877.0,0
11879.0,1
11881.0,0
11883.0,0
11885.0,1
11887.0,2
11889.0,1
11891.0,0
11893.0,0
11895.0,0
11897.0,0
11899.0,0
11901.0,1
11903.0,0
11905.0,0
11907.0,1
11909.0,0
11911.0,0
11913.0,0
11915.0,0
11917.0,0
11919.0,0
11921.0,0
11923.0,1
11925.0,0
11927.0,0
11929.0,0
11931.0,0
11933.0,0
11935.0,0
11937.0,0
11939.0,3
11941.0,0
11943.0,1
11945.0,1
11947.0,1
11949.0,1
11951.0,2
11953.0,2
11955.0,1
11957.0,4
11959.0,3
11961.0,3
11963.0,4
11965.0,2
11967.0,3
11969.0,2
11971.0,3
11973.0,0
11975.0,0
11977.0,1
11979.0,0
11981.0,0
11983.0,1
11985.0,1
11987.0,0
11989.0,0
11991.0,0
11993.0,1
11995.0,0
11997.0,0
11999.0,0
12001.0,0
12003.0,0
12005.0,0
12007.0,0
12009.0,0
12011.0,1
12013.0,0
12015.0,0
12017.0,0
12019.0,1
12021.0,1
12023.0,0
12025.0,1
12027.0,0
12029.0,1
12031.0,0
12033.0,0
12035.0,0
12037.0,0
12039.0,1
12041.0,0
12043.0,0
12045.0,1
12047.0,0
12049.0,0
12051.0,0
12053.0,0
12055.0,0
12057.0,0
12059.0,1
12061.0,0
12063.0,0
12065.0,0
12067.0,0
12069.0,0
12071.0,0
12073.0,0
12075.0,0
12077.0,0
12079.0,0
12081.0,0
12083.0,0
12085.0,0
12087.0,0
12089.0,1
12091.0,0
12093.0,2
12095.0,0
12097.0,1
12099.0,2
12101.0,0
12103.0,0
12105.0,0
12107.0,0
12109.0,0
12111.0,0
12113.0,0
12115.0,0
12117.0,0
12119.0,1
12121.0,0
12123.0,0
12125.0,1
12127.0,0
12129.0,0
12131.0,0
12133.0,0
12135.0,0
12137.0,0
12139.0,1
12141.0,1
12143.0,0
12145.0,0
12147.0,0
12149.0,1
12151.0,0
12153.0,0
12155.0,0
12157.0,0
12159.0,0
12161.0,0
12163.0,0
12165.0,0
12167.0,0
12169.0,0
12171.0,0
12173.0,1
12175.0,0
12177.0,0
12179.0,0
12181.0,0
12183.0,0
12185.0,0
12187.0,1
12189.0,0
12191.0,0
12193.0,0
12195.0,0
12197.0,0
12199.0,1
12201.0,0
12203.0,0
12205.0,0
12207.0,0
12209.0,0
12211.0,0
12213.0,1
12215.0,0
12217.0,1
12219.0,0
12221.0,0
12223.0,0
12225.0,1
12227.0,0
12229.0,0
12231.0,0
12233.0,0
12235.0,1
12237.0,0
12239.0,0
12241.0,1
12243.0,0
12245.0,0
12247.0,0
12249.0,0
12251.0,0
12253.0,0
12255.0,0
12257.0,0
12259.0,1
12261.0,0
12263.0,0
12265.0,0
12267.0,0
12269.0,0
12271.0,1
12273.0,0
12275.0,0
12277.0,0
12279.0,0
12281.0,0
12283.0,0
12285.0,1
12287.0,0
12289.0,0
12291.0,0
12293.0,0
12295.0,0
12297.0,0
12299.0,0
12301.0,0
12303.0,0
12305.0,0
12307.0,0
12309.0,0
12311.0,1
12313.0,1
12315.0,0
12317.0,0
12319.0,1
12321.0,0
12323.0,0
12325.0,0
12327.0,0
12329.0,0
12331.0,0
12333.0,0
12335.0,0
12337.0,0
12339.0,0
12341.0,0
12343.0,0
12345.0,1
12347.0,0
12349.0,0
12351.0,0
12353.0,1
12355.0,0
12357.0,0
12359.0,0
12361.0,0
12363.0,0
12365.0,0
12367.0,0
12369.0,0
12371.0,0
12373.0,0
12375.0,0
12377.0,1
12379.0,0
12381.0,0
12383.0,0
12385.0,0
12387.0,0
12389.0,2
12391.0,1
12393.0,0
12395.0,0
12397.0,0
12399.0,0
12401.0,0
12403.0,0
12405.0,0
12407.0,0
12409.0,1
12411.0,0
12413.0,0
12415.0,1
12417.0,0
12419.0,0
12421.0,0
12423.0,0
12425.0,0
12427.0,0
12429.0,0
12431.0,0
12433.0,0
12435.0,0
12437.0,0
12439.0,1
12441.0,0
12443.0,0
12445.0,0
12447.0,0
12449.0,0
12451.0,0
12453.0,1
12455.0,0
12457.0,0
12459.0,0
12461.0,0
12463.0,0
12465.0,0
12467.0,0
12469.0,0
12471.0,0
12473.0,2
12475.0,0
12477.0,0
12479.0,0
12481.0,0
12483.0,0
12485.0,0
12487.0,0
12489.0,0
12491.0,0
12493.0,0
12495.0,0
12497.0,0
12499.0,0
12501.0,0
12503.0,0
12505.0,0
12507.0,0
12509.0,0
12511.0,0
12513.0,0
12515.0,0
12517.0,0
12519.0,0
12521.0,0
12523.0,1
12525.0,0
12527.0,0
12529.0,0
12531.0,0
12533.0,0
12535.0,0
12537.0,0
12539.0,2
12541.0,0
12543.0,0
12545.0,1
12547.0,0
12549.0,1
12551.0,0
12553.0,0
12555.0,0
12557.0,0
12559.0,0
12561.0,0
12563.0,0
12565.0,0
12567.0,0
12569.0,0
12571.0,0
12573.0,0
12575.0,0
12577.0,0
12579.0,0
12581.0,0
12583.0,1
12585.0,0
12587.0,0
12589.0,0
12591.0,0
12593.0,0
12595.0,0
12597.0,0
12599.0,0
12601.0,1
12603.0,0
12605.0,0
12607.0,0
12609.0,1
12611.0,0
12613.0,0
12615.0,0
12617.0,0
12619.0,0
12621.0,0
12623.0,0
12625.0,0
12627.0,0
12629.0,1
12631.0,0
12633.0,0
12635.0,0
12637.0,0
12639.0,0
12641.0,0
12643.0,0
12645.0,0
12647.0,0
12649.0,0
12651.0,0
12653.0,0
12655.0,0
12657.0,1
12659.0,1
12661.0,0
12663.0,0
12665.0,0
12667.0,0
12669.0,0
12671.0,0
12673.0,1
12675.0,0
12677.0,0
12679.0,0
12681.0,0
12683.0,0
12685.0,1
12687.0,0
12689.0,0
12691.0,0
12693.0,0
12695.0,0
12697.0,0
12699.0,0
12701.0,0
12703.0,0
12705.0,0
12707.0,0
12709.0,0
12711.0,1
12713.0,0
12715.0,0
12717.0,0
12719.0,0
12721.0,0
12723.0,0
12725.0,0
12727.0,0
12729.0,0
12731.0,0
12733.0,0
12735.0,0
12737.0,0
12739.0,0
12741.0,0
12743.0,0
12745.0,1
12747.0,0
12749.0,0
12751.0,0
12753.0,0
12755.0,1
12757.0,0
12759.0,0
12761.0,0
12763.0,0
12765.0,0
12767.0,1
12769.0,0
12771.0,0
12773.0,1
12775.0,0
12777.0,0
12779.0,0
12781.0,0
12783.0,0
12785.0,1
12787.0,0
12789.0,0
12791.0,0
12793.0,1
12795.0,0
12797.0,0
12799.0,2
12801.0,0
12803.0,0
12805.0,0
12807.0,0
12809.0,0
12811.0,0
12813.0,0
12815.0,1
12817.0,0
12819.0,0
12821.0,0
12823.0,0
12825.0,0
12827.0,1
12829.0,0
12831.0,0
12833.0,0
12835.0,1
12837.0,1
12839.0,0
12841.0,1
12843.0,0
12845.0,1
12847.0,0
12849.0,1
12851.0,0
12853.0,0
12855.0,0
12857.0,0
12859.0,0
12861.0,0
12863.0,0
12865.0,0
12867.0,0
12869.0,1
12871.0,0
12873.0,0
12875.0,0
12877.0,0
12879.0,0
12881.0,0
12883.0,0
12885.0,0
12887.0,0
12889.0,0
12891.0,0
12893.0,0
12895.0,0
12897.0,0
12899.0,0
12901.0,0
12903.0,0
12905.0,0
12907.0,0
12909.0,0
12911.0,0
12913.0,0
12915.0,0
12917.0,0
12919.0,0
12921.0,1
12923.0,0
12925.0,0
12927.0,0
12929.0,0
12931.0,0
12933.0,0
12935.0,0
12937.0,0
12939.0,0
12941.0,0
12943.0,0
12945.0,0
12947.0,0
12949.0,0
12951.0,0
12953.0,0
12955.0,0
12957.0,0
12959.0,0
12961.0,0
12963.0,1
12965.0,0
12967.0,0
12969.0,0
12971.0,0
12973.0,0
12975.0,0
12977.0,0
12979.0,0
12981.0,0
12983.0,0
12985.0,0
12987.0,0
12989.0,0
12991.0,0
12993.0,0
12995.0,0
12997.0,0
