Bin center (eV),Counts per 2 eV bin
801.0,17
803.0,16
805.0,13
807.0,13
809.0,19
811.0,30
813.0,30
815.0,38
817.0,36
819.0,38
821.0,34
823.0,32
825.0,42
827.0,26
829.0,37
831.0,49
833.0,81
835.0,108
837.0,164
839.0,202
841.0,219
843.0,211
845.0,180
847.0,256
849.0,244
851.0,298
853.0,281
855.0,265
857.0,222
859.0,149
861.0,106
863.0,68
865.0,50
867.0,45
869.0,42
871.0,34
873.0,26
875.0,28
877.0,19
879.0,25
881.0,23
883.0,28
885.0,24
887.0,21
889.0,29
891.0,26
893.0,29
895.0,24
897.0,23
899.0,42
901.0,90
903.0,131
905.0,156
907.0,170
909.0,152
911.0,109
913.0,87
915.0,108
917.0,134
919.0,211
921.0,200
923.0,228
925.0,165
927.0,172
929.0,142
931.0,153
933.0,166
935.0,95
937.0,91
939.0,71
941.0,52
943.0,43
945.0,45
947.0,37
949.0,28
951.0,44
953.0,50
955.0,43
957.0,25
959.0,23
961.0,28
963.0,19
965.0,26
967.0,18
969.0,25
971.0,21
973.0,23
975.0,14
977.0,26
979.0,22
981.0,15
983.0,18
985.0,20
987.0,19
989.0,15
991.0,10
993.0,23
995.0,9
997.0,14
999.0,18
1001.0,9
1003.0,14
1005.0,17
1007.0,13
1009.0,14
1011.0,20
1013.0,18
1015.0,16
1017.0,12
1019.0,14
1021.0,5
1023.0,13
1025.0,18
1027.0,17
1029.0,26
1031.0,28
1033.0,29
1035.0,22
1037.0,19
1039.0,15
1041.0,11
1043.0,13
1045.0,7
1047.0,12
1049.0,9
1051.0,17
1053.0,15
1055.0,14
1057.0,9
1059.0,15
1061.0,10
1063.0,11
1065.0,8
1067.0,12
1069.0,12
1071.0,6
1073.0,21
1075.0,15
1077.0,10
1079.0,11
1081.0,20
1083.0,10
1085.0,9
1087.0,15
1089.0,16
1091.0,15
1093.0,16
1095.0,10
1097.0,15
1099.0,12
1101.0,8
1103.0,13
1105.0,14
1107.0,20
1109.0,13
1111.0,16
1113.0,12
1115.0,12
1117.0,20
1119.0,8
1121.0,15
1123.0,13
1125.0,10
1127.0,18
1129.0,15
1131.0,11
1133.0,15
1135.0,7
1137.0,11
1139.0,12
1141.0,11
1143.0,17
1145.0,19
1147.0,14
1149.0,20
1151.0,15
1153.0,12
1155.0,9
1157.0,16
1159.0,12
1161.0,19
1163.0,10
1165.0,9
1167.0,12
1169.0,10
1171.0,16
1173.0,8
1175.0,12
1177.0,7
1179.0,15
1181.0,14
1183.0,17
1185.0,15
1187.0,19
1189.0,7
1191.0,20
1193.0,10
1195.0,14
1197.0,14
1199.0,13
1201.0,11
1203.0,11
1205.0,13
1207.0,9
1209.0,12
1211.0,19
1213.0,15
1215.0,9
1217.0,18
1219.0,13
1221.0,21
1223.0,20
1225.0,13
1227.0,18
1229.0,10
1231.0,15
1233.0,8
1235.0,12
1237.0,10
1239.0,6
1241.0,10
1243.0,15
1245.0,13
1247.0,18
1249.0,14
1251.0,17
1253.0,20
1255.0,23
1257.0,15
1259.0,12
1261.0,11
1263.0,12
1265.0,14
1267.0,11
1269.0,15
1271.0,26
1273.0,12
1275.0,16
1277.0,18
1279.0,14
1281.0,11
1283.0,14
1285.0,16
1287.0,23
1289.0,19
1291.0,14
1293.0,21
1295.0,14
1297.0,15
1299.0,18
1301.0,15
1303.0,16
1305.0,12
1307.0,21
1309.0,12
1311.0,17
1313.0,13
1315.0,14
1317.0,7
1319.0,17
1321.0,15
1323.0,17
1325.0,22
1327.0,12
1329.0,18
1331.0,12
1333.0,17
1335.0,16
1337.0,14
1339.0,20
1341.0,28
1343.0,18
1345.0,18
1347.0,23
1349.0,18
1351.0,12
1353.0,18
1355.0,16
1357.0,15
1359.0,20
1361.0,18
1363.0,11
1365.0,10
1367.0,14
1369.0,11
1371.0,19
1373.0,8
1375.0,14
1377.0,12
1379.0,18
1381.0,10
1383.0,27
1385.0,18
1387.0,17
1389.0,28
1391.0,17
1393.0,19
1395.0,23
1397.0,16
1399.0,28
1401.0,19
1403.0,15
1405.0,15
1407.0,11
1409.0,16
1411.0,11
1413.0,17
1415.0,21
1417.0,25
1419.0,18
1421.0,10
1423.0,11
1425.0,12
1427.0,15
1429.0,10
1431.0,22
1433.0,18
1435.0,12
1437.0,14
1439.0,21
1441.0,19
1443.0,20
1445.0,11
1447.0,24
1449.0,12
1451.0,13
1453.0,21
1455.0,22
1457.0,14
1459.0,15
1461.0,16
1463.0,18
1465.0,26
1467.0,18
1469.0,18
1471.0,15
1473.0,19
1475.0,20
1477.0,14
1479.0,23
1481.0,10
1483.0,18
1485.0,13
1487.0,19
1489.0,21
1491.0,21
1493.0,12
1495.0,18
1497.0,17
1499.0,13
1501.0,19
1503.0,14
1505.0,14
1507.0,23
1509.0,17
1511.0,12
1513.0,24
1515.0,9
1517.0,15
1519.0,22
1521.0,14
1523.0,11
1525.0,16
1527.0,25
1529.0,16
1531.0,10
1533.0,22
1535.0,13
1537.0,17
1539.0,19
1541.0,21
1543.0,20
1545.0,19
1547.0,15
1549.0,15
1551.0,16
1553.0,20
1555.0,15
1557.0,19
1559.0,12
1561.0,13
1563.0,13
1565.0,13
1567.0,5
1569.0,11
1571.0,5
1573.0,9
1575.0,10
1577.0,16
1579.0,9
1581.0,5
1583.0,13
1585.0,7
1587.0,10
1589.0,7
1591.0,12
1593.0,16
1595.0,7
1597.0,8
1599.0,10
1601.0,4
1603.0,11
1605.0,5
1607.0,7
1609.0,10
1611.0,8
1613.0,12
1615.0,6
1617.0,4
1619.0,8
1621.0,11
1623.0,8
1625.0,8
1627.0,14
1629.0,21
1631.0,8
1633.0,11
1635.0,7
1637.0,16
1639.0,12
1641.0,13
1643.0,8
1645.0,9
1647.0,12
1649.0,5
1651.0,16
1653.0,6
1655.0,10
1657.0,15
1659.0,10
1661.0,11
1663.0,15
1665.0,15
1667.0,10
1669.0,19
1671.0,17
1673.0,8
1675.0,11
1677.0,8
1679.0,12
1681.0,15
1683.0,13
1685.0,10
1687.0,15
1689.0,10
1691.0,7
1693.0,8
1695.0,11
1697.0,6
1699.0,18
1701.0,16
1703.0,13
1705.0,11
1707.0,11
1709.0,8
1711.0,20
1713.0,4
1715.0,14
1717.0,13
1719.0,11
1721.0,12
1723.0,21
1725.0,17
1727.0,12
1729.0,11
1731.0,6
1733.0,5
1735.0,23
1737.0,28
1739.0,22
1741.0,25
1743.0,13
1745.0,7
1747.0,6
1749.0,10
1751.0,5
1753.0,8
1755.0,7
1757.0,8
1759.0,9
1761.0,5
1763.0,9
1765.0,5
1767.0,9
1769.0,13
1771.0,8
1773.0,4
1775.0,11
1777.0,7
1779.0,17
1781.0,11
1783.0,9
1785.0,15
1787.0,12
1789.0,7
1791.0,11
1793.0,11
1795.0,6
1797.0,10
1799.0,12
1801.0,12
1803.0,8
1805.0,10
1807.0,11
1809.0,15
1811.0,10
1813.0,5
1815.0,17
1817.0,10
1819.0,18
1821.0,18
1823.0,7
1825.0,10
1827.0,9
1829.0,5
1831.0,14
1833.0,12
1835.0,11
1837.0,6
1839.0,15
1841.0,12
1843.0,17
1845.0,9
1847.0,13
1849.0,3
1851.0,10
1853.0,14
1855.0,12
1857.0,3
1859.0,14
1861.0,16
1863.0,17
1865.0,18
1867.0,15
1869.0,9
1871.0,12
1873.0,18
1875.0,1
1877.0,13
1879.0,11
1881.0,18
1883.0,14
1885.0,17
1887.0,7
1889.0,14
1891.0,16
1893.0,6
1895.0,16
1897.0,11
1899.0,17
1901.0,8
1903.0,16
1905.0,10
1907.0,9
1909.0,12
1911.0,5
1913.0,6
1915.0,11
1917.0,6
1919.0,12
1921.0,11
1923.0,14
1925.0,12
1927.0,11
1929.0,7
1931.0,6
1933.0,8
1935.0,8
1937.0,11
1939.0,12
1941.0,7
1943.0,6
1945.0,13
1947.0,13
1949.0,8
1951.0,5
1953.0,5
1955.0,12
1957.0,6
1959.0,7
1961.0,9
1963.0,11
1965.0,9
1967.0,6
1969.0,5
1971.0,12
1973.0,16
1975.0,10
1977.0,13
1979.0,11
1981.0,11
1983.0,10
1985.0,15
1987.0,10
1989.0,11
1991.0,9
1993.0,7
1995.0,8
1997.0,7
1999.0,10
2001.0,6
2003.0,6
2005.0,4
2007.0,9
2009.0,8
2011.0,10
2013.0,5
2015.0,10
2017.0,6
2019.0,13
2021.0,10
2023.0,18
2025.0,3
2027.0,12
2029.0,9
2031.0,3
2033.0,11
2035.0,12
2037.0,12
2039.0,12
2041.0,10
2043.0,7
2045.0,11
2047.0,11
2049.0,9
2051.0,6
2053.0,6
2055.0,9
2057.0,8
2059.0,8
2061.0,5
2063.0,9
2065.0,5
2067.0,5
2069.0,4
2071.0,7
2073.0,6
2075.0,9
2077.0,12
2079.0,11
2081.0,9
2083.0,19
2085.0,14
2087.0,19
2089.0,12
2091.0,18
2093.0,24
2095.0,16
2097.0,13
2099.0,12
2101.0,13
2103.0,14
2105.0,18
2107.0,12
2109.0,20
2111.0,17
2113.0,10
2115.0,11
2117.0,9
2119.0,15
2121.0,14
2123.0,9
2125.0,13
2127.0,12
2129.0,14
2131.0,10
2133.0,14
2135.0,13
2137.0,11
2139.0,10
2141.0,13
2143.0,15
2145.0,17
2147.0,9
2149.0,14
2151.0,15
2153.0,16
2155.0,6
2157.0,7
2159.0,21
2161.0,12
2163.0,4
2165.0,14
2167.0,10
2169.0,25
2171.0,22
2173.0,20
2175.0,33
2177.0,36
2179.0,45
2181.0,54
2183.0,37
2185.0,21
2187.0,20
2189.0,15
2191.0,21
2193.0,15
2195.0,25
2197.0,18
2199.0,10
2201.0,23
2203.0,18
2205.0,37
2207.0,17
2209.0,32
2211.0,26
2213.0,20
2215.0,17
2217.0,17
2219.0,17
2221.0,5
2223.0,12
2225.0,16
2227.0,14
2229.0,10
2231.0,22
2233.0,16
2235.0,12
2237.0,9
2239.0,12
2241.0,8
2243.0,11
2245.0,10
2247.0,15
2249.0,13
2251.0,14
2253.0,11
2255.0,18
2257.0,13
2259.0,13
2261.0,22
2263.0,15
2265.0,18
2267.0,8
2269.0,13
2271.0,16
2273.0,7
2275.0,13
2277.0,7
2279.0,12
2281.0,19
2283.0,14
2285.0,12
2287.0,22
2289.0,23
2291.0,12
2293.0,15
2295.0,10
2297.0,11
2299.0,16
2301.0,13
2303.0,16
2305.0,17
2307.0,12
2309.0,23
2311.0,12
2313.0,15
2315.0,14
2317.0,16
2319.0,15
2321.0,21
2323.0,15
2325.0,15
2327.0,16
2329.0,9
2331.0,12
2333.0,18
2335.0,22
2337.0,11
2339.0,20
2341.0,13
2343.0,19
2345.0,21
2347.0,31
2349.0,11
2351.0,20
2353.0,20
2355.0,19
2357.0,12
2359.0,14
2361.0,15
2363.0,11
2365.0,16
2367.0,19
2369.0,18
2371.0,25
2373.0,25
2375.0,22
2377.0,15
2379.0,14
2381.0,20
2383.0,14
2385.0,30
2387.0,14
2389.0,28
2391.0,14
2393.0,19
2395.0,19
2397.0,13
2399.0,15
2401.0,14
2403.0,10
2405.0,18
2407.0,20
2409.0,25
2411.0,19
2413.0,32
2415.0,19
2417.0,37
2419.0,24
2421.0,19
2423.0,31
2425.0,38
2427.0,25
2429.0,40
2431.0,41
2433.0,26
2435.0,35
2437.0,20
2439.0,21
2441.0,21
2443.0,13
2445.0,11
2447.0,16
2449.0,19
2451.0,25
2453.0,23
2455.0,22
2457.0,20
2459.0,17
2461.0,33
2463.0,24
2465.0,27
2467.0,28
2469.0,31
2471.0,28
2473.0,27
2475.0,24
2477.0,34
2479.0,24
2481.0,27
2483.0,29
2485.0,25
2487.0,20
2489.0,20
2491.0,16
2493.0,13
2495.0,14
2497.0,13
2499.0,14
2501.0,11
2503.0,18
2505.0,17
2507.0,11
2509.0,11
2511.0,12
2513.0,16
2515.0,18
2517.0,15
2519.0,18
2521.0,25
2523.0,40
2525.0,29
2527.0,33
2529.0,37
2531.0,14
2533.0,24
2535.0,21
2537.0,21
2539.0,22
2541.0,14
2543.0,24
2545.0,13
2547.0,17
2549.0,19
2551.0,7
2553.0,15
2555.0,12
2557.0,14
2559.0,15
2561.0,11
2563.0,17
2565.0,17
2567.0,23
2569.0,28
2571.0,27
2573.0,28
2575.0,32
2577.0,26
2579.0,31
2581.0,19
2583.0,27
2585.0,22
2587.0,27
2589.0,31
2591.0,16
2593.0,20
2595.0,24
2597.0,19
2599.0,21
2601.0,14
2603.0,15
2605.0,16
2607.0,21
2609.0,19
2611.0,22
2613.0,23
2615.0,18
2617.0,29
2619.0,28
2621.0,36
2623.0,21
2625.0,29
2627.0,28
2629.0,24
2631.0,18
2633.0,23
2635.0,13
2637.0,18
2639.0,24
2641.0,23
2643.0,12
2645.0,15
2647.0,14
2649.0,19
2651.0,16
2653.0,19
2655.0,21
2657.0,16
2659.0,31
2661.0,26
2663.0,22
2665.0,23
2667.0,25
2669.0,23
2671.0,28
2673.0,34
2675.0,31
2677.0,21
2679.0,23
2681.0,22
2683.0,14
2685.0,26
2687.0,15
2689.0,16
2691.0,14
2693.0,19
2695.0,11
2697.0,13
2699.0,18
2701.0,15
2703.0,17
2705.0,21
2707.0,23
2709.0,23
2711.0,24
2713.0,19
2715.0,26
2717.0,19
2719.0,25
2721.0,30
2723.0,25
2725.0,34
2727.0,25
2729.0,27
2731.0,24
2733.0,15
2735.0,13
2737.0,17
2739.0,13
2741.0,15
2743.0,17
2745.0,18
2747.0,18
2749.0,20
2751.0,21
2753.0,14
2755.0,15
2757.0,25
2759.0,30
2761.0,16
2763.0,20
2765.0,24
2767.0,25
2769.0,30
2771.0,25
2773.0,26
2775.0,26
2777.0,17
2779.0,24
2781.0,26
2783.0,25
2785.0,25
2787.0,31
2789.0,26
2791.0,25
2793.0,24
2795.0,23
2797.0,22
2799.0,23
2801.0,22
2803.0,35
2805.0,25
2807.0,21
2809.0,20
2811.0,18
2813.0,16
2815.0,31
2817.0,31
2819.0,22
2821.0,29
2823.0,28
2825.0,25
2827.0,18
2829.0,20
2831.0,24
2833.0,25
2835.0,30
2837.0,32
2839.0,33
2841.0,39
2843.0,37
2845.0,27
2847.0,23
2849.0,17
2851.0,24
2853.0,30
2855.0,30
2857.0,46
2859.0,29
2861.0,20
2863.0,34
2865.0,26
2867.0,22
2869.0,17
2871.0,27
2873.0,20
2875.0,23
2877.0,24
2879.0,29
2881.0,18
2883.0,32
2885.0,39
2887.0,42
2889.0,29
2891.0,36
2893.0,28
2895.0,27
2897.0,23
2899.0,29
2901.0,22
2903.0,28
2905.0,30
2907.0,32
2909.0,37
2911.0,30
2913.0,32
2915.0,50
2917.0,31
2919.0,28
2921.0,28
2923.0,28
2925.0,33
2927.0,27
2929.0,35
2931.0,25
2933.0,29
2935.0,34
2937.0,41
2939.0,37
2941.0,37
2943.0,36
2945.0,38
2947.0,26
2949.0,31
2951.0,43
2953.0,36
2955.0,27
2957.0,53
2959.0,33
2961.0,50
2963.0,52
2965.0,80
2967.0,53
2969.0,32
2971.0,38
2973.0,18
2975.0,32
2977.0,21
2979.0,24
2981.0,21
2983.0,28
2985.0,32
2987.0,28
2989.0,28
2991.0,24
2993.0,24
2995.0,26
2997.0,27
2999.0,30
3001.0,22
3003.0,22
3005.0,27
3007.0,31
3009.0,27
3011.0,27
3013.0,27
3015.0,35
3017.0,30
3019.0,43
3021.0,37
3023.0,37
3025.0,40
3027.0,37
3029.0,13
3031.0,21
3033.0,25
3035.0,29
3037.0,31
3039.0,28
3041.0,22
3043.0,23
3045.0,31
3047.0,31
3049.0,38
3051.0,37
3053.0,42
3055.0,34
3057.0,35
3059.0,30
3061.0,25
3063.0,25
3065.0,31
3067.0,37
3069.0,41
3071.0,35
3073.0,26
3075.0,35
3077.0,20
3079.0,19
3081.0,20
3083.0,30
3085.0,12
3087.0,26
3089.0,22
3091.0,34
3093.0,28
3095.0,30
3097.0,34
3099.0,42
3101.0,34
3103.0,39
3105.0,26
3107.0,40
3109.0,38
3111.0,43
3113.0,33
3115.0,32
3117.0,30
3119.0,31
3121.0,23
3123.0,32
3125.0,36
3127.0,36
3129.0,37
3131.0,22
3133.0,21
3135.0,26
3137.0,23
3139.0,22
3141.0,25
3143.0,19
3145.0,21
3147.0,35
3149.0,30
3151.0,35
3153.0,35
3155.0,32
3157.0,35
3159.0,32
3161.0,22
3163.0,20
3165.0,23
3167.0,26
3169.0,21
3171.0,25
3173.0,28
3175.0,33
3177.0,33
3179.0,42
3181.0,26
3183.0,52
3185.0,32
3187.0,32
3189.0,19
3191.0,24
3193.0,31
3195.0,25
3197.0,24
3199.0,30
3201.0,27
3203.0,26
3205.0,27
3207.0,12
3209.0,29
3211.0,25
3213.0,19
3215.0,31
3217.0,31
3219.0,37
3221.0,24
3223.0,33
3225.0,37
3227.0,27
3229.0,31
3231.0,45
3233.0,44
3235.0,32
3237.0,25
3239.0,29
3241.0,18
3243.0,19
3245.0,20
3247.0,18
3249.0,19
3251.0,17
3253.0,21
3255.0,12
3257.0,13
3259.0,14
3261.0,14
3263.0,24
3265.0,12
3267.0,20
3269.0,11
3271.0,27
3273.0,30
3275.0,23
3277.0,35
3279.0,27
3281.0,33
3283.0,42
3285.0,47
3287.0,33
3289.0,25
3291.0,21
3293.0,15
3295.0,22
3297.0,17
3299.0,24
3301.0,27
3303.0,20
3305.0,19
3307.0,21
3309.0,20
3311.0,11
3313.0,11
3315.0,16
3317.0,9
3319.0,14
3321.0,11
3323.0,25
3325.0,23
3327.0,18
3329.0,20
3331.0,39
3333.0,24
3335.0,40
3337.0,43
3339.0,58
3341.0,59
3343.0,43
3345.0,26
3347.0,28
3349.0,26
3351.0,24
3353.0,20
3355.0,20
3357.0,17
3359.0,12
3361.0,9
3363.0,12
3365.0,18
3367.0,20
3369.0,18
3371.0,13
3373.0,29
3375.0,21
3377.0,19
3379.0,20
3381.0,19
3383.0,23
3385.0,35
3387.0,33
3389.0,42
3391.0,25
3393.0,30
3395.0,34
3397.0,35
3399.0,24
3401.0,21
3403.0,21
3405.0,30
3407.0,28
3409.0,28
3411.0,30
3413.0,22
3415.0,31
3417.0,32
3419.0,41
3421.0,42
3423.0,35
3425.0,32
3427.0,18
3429.0,20
3431.0,13
3433.0,27
3435.0,18
3437.0,33
3439.0,25
3441.0,33
3443.0,31
3445.0,25
3447.0,20
3449.0,20
3451.0,17
3453.0,10
3455.0,12
3457.0,24
3459.0,19
3461.0,18
3463.0,26
3465.0,23
3467.0,10
3469.0,23
3471.0,21
3473.0,31
3475.0,33
3477.0,30
3479.0,25
3481.0,15
3483.0,18
3485.0,21
3487.0,25
3489.0,15
3491.0,20
3493.0,19
3495.0,16
3497.0,15
3499.0,9
3501.0,19
3503.0,15
3505.0,16
3507.0,21
3509.0,15
3511.0,9
3513.0,15
3515.0,15
3517.0,9
3519.0,17
3521.0,16
3523.0,15
3525.0,14
3527.0,20
3529.0,19
3531.0,27
3533.0,21
3535.0,16
3537.0,17
3539.0,19
3541.0,21
3543.0,24
3545.0,11
3547.0,11
3549.0,6
3551.0,10
3553.0,14
3555.0,7
3557.0,11
3559.0,10
3561.0,16
3563.0,15
3565.0,18
3567.0,13
3569.0,19
3571.0,26
3573.0,32
3575.0,26
3577.0,28
3579.0,16
3581.0,27
3583.0,11
3585.0,14
3587.0,24
3589.0,16
3591.0,12
3593.0,17
3595.0,14
3597.0,12
3599.0,8
3601.0,15
3603.0,15
3605.0,9
3607.0,6
3609.0,10
3611.0,20
3613.0,25
3615.0,25
3617.0,20
3619.0,35
3621.0,44
3623.0,38
3625.0,52
3627.0,67
3629.0,34
3631.0,26
3633.0,16
3635.0,17
3637.0,14
3639.0,10
3641.0,6
3643.0,9
3645.0,7
3647.0,8
3649.0,9
3651.0,15
3653.0,10
3655.0,27
3657.0,29
3659.0,17
3661.0,10
3663.0,16
3665.0,12
3667.0,20
3669.0,23
3671.0,37
3673.0,29
3675.0,31
3677.0,33
3679.0,26
3681.0,17
3683.0,16
3685.0,25
3687.0,28
3689.0,18
3691.0,17
3693.0,12
3695.0,13
3697.0,9
3699.0,21
3701.0,12
3703.0,9
3705.0,9
3707.0,25
3709.0,24
3711.0,28
3713.0,30
3715.0,24
3717.0,23
3719.0,16
3721.0,15
3723.0,12
3725.0,6
3727.0,12
3729.0,15
3731.0,15
3733.0,24
3735.0,14
3737.0,23
3739.0,16
3741.0,15
3743.0,19
3745.0,21
3747.0,24
3749.0,24
3751.0,18
3753.0,12
3755.0,17
3757.0,17
3759.0,21
3761.0,25
3763.0,22
3765.0,15
3767.0,12
3769.0,13
3771.0,9
3773.0,12
3775.0,9
3777.0,4
3779.0,1
3781.0,13
3783.0,10
3785.0,17
3787.0,16
3789.0,22
3791.0,26
3793.0,24
3795.0,14
3797.0,25
3799.0,22
3801.0,32
3803.0,33
3805.0,31
3807.0,19
3809.0,15
3811.0,11
3813.0,11
3815.0,16
3817.0,7
3819.0,7
3821.0,9
3823.0,17
3825.0,17
3827.0,13
3829.0,14
3831.0,16
3833.0,11
3835.0,18
3837.0,25
3839.0,38
3841.0,30
3843.0,31
3845.0,17
3847.0,17
3849.0,21
3851.0,13
3853.0,13
3855.0,9
3857.0,8
3859.0,14
3861.0,8
3863.0,8
3865.0,8
3867.0,6
3869.0,4
3871.0,9
3873.0,7
3875.0,6
3877.0,10
3879.0,10
3881.0,6
3883.0,6
3885.0,7
3887.0,6
3889.0,9
3891.0,5
3893.0,11
3895.0,14
3897.0,16
3899.0,30
3901.0,31
3903.0,29
3905.0,15
3907.0,15
3909.0,6
3911.0,6
3913.0,9
3915.0,14
3917.0,12
3919.0,7
3921.0,7
3923.0,8
3925.0,9
3927.0,15
3929.0,22
3931.0,17
3933.0,9
3935.0,11
3937.0,7
3939.0,8
3941.0,10
3943.0,15
3945.0,6
3947.0,6
3949.0,5
3951.0,8
3953.0,10
3955.0,5
3957.0,9
3959.0,14
3961.0,22
3963.0,21
3965.0,22
3967.0,12
3969.0,5
3971.0,7
3973.0,10
3975.0,10
3977.0,6
3979.0,12
3981.0,10
3983.0,5
3985.0,3
3987.0,5
3989.0,10
3991.0,5
3993.0,4
3995.0,7
3997.0,4
3999.0,3
4001.0,6
4003.0,6
4005.0,4
4007.0,6
4009.0,4
4011.0,3
4013.0,4
4015.0,4
4017.0,3
4019.0,5
4021.0,4
4023.0,8
4025.0,10
4027.0,8
4029.0,5
4031.0,1
4033.0,2
4035.0,11
4037.0,8
4039.0,5
4041.0,6
4043.0,10
4045.0,12
4047.0,4
4049.0,11
4051.0,7
4053.0,6
4055.0,3
4057.0,2
4059.0,3
4061.0,0
4063.0,7
4065.0,3
4067.0,4
4069.0,4
4071.0,4
4073.0,5
4075.0,4
4077.0,3
4079.0,5
4081.0,13
4083.0,15
4085.0,6
4087.0,2
4089.0,3
4091.0,5
4093.0,3
4095.0,5
4097.0,5
4099.0,5
4101.0,3
4103.0,7
4105.0,4
4107.0,3
4109.0,4
4111.0,6
4113.0,5
4115.0,8
4117.0,8
4119.0,17
4121.0,10
4123.0,13
4125.0,7
4127.0,2
4129.0,4
4131.0,7
4133.0,6
4135.0,2
4137.0,4
4139.0,3
4141.0,2
4143.0,3
4145.0,3
4147.0,7
4149.0,5
4151.0,4
4153.0,3
4155.0,7
4157.0,3
4159.0,7
4161.0,6
4163.0,2
4165.0,3
4167.0,4
4169.0,7
4171.0,4
4173.0,2
4175.0,3
4177.0,4
4179.0,5
4181.0,5
4183.0,5
4185.0,5
4187.0,7
4189.0,6
4191.0,6
4193.0,2
4195.0,7
4197.0,6
4199.0,5
4201.0,6
4203.0,4
4205.0,9
4207.0,4
4209.0,4
4211.0,6
4213.0,4
4215.0,6
4217.0,6
4219.0,9
4221.0,5
4223.0,9
4225.0,5
4227.0,6
4229.0,9
4231.0,5
4233.0,6
4235.0,2
4237.0,5
4239.0,3
4241.0,4
4243.0,4
4245.0,7
4247.0,5
4249.0,2
4251.0,8
4253.0,9
4255.0,12
4257.0,8
4259.0,9
4261.0,4
4263.0,6
4265.0,5
4267.0,9
4269.0,2
4271.0,3
4273.0,9
4275.0,4
4277.0,8
4279.0,5
4281.0,3
4283.0,5
4285.0,3
4287.0,7
4289.0,7
4291.0,6
4293.0,9
4295.0,11
4297.0,18
4299.0,5
4301.0,4
4303.0,9
4305.0,6
4307.0,9
4309.0,3
4311.0,3
4313.0,5
4315.0,9
4317.0,11
4319.0,8
4321.0,10
4323.0,6
4325.0,8
4327.0,8
4329.0,4
4331.0,5
4333.0,3
4335.0,10
4337.0,6
4339.0,24
4341.0,14
4343.0,13
4345.0,5
4347.0,7
4349.0,7
4351.0,9
4353.0,8
4355.0,3
4357.0,5
4359.0,8
4361.0,4
4363.0,7
4365.0,5
4367.0,6
4369.0,9
4371.0,7
4373.0,2
4375.0,7
4377.0,6
4379.0,4
4381.0,4
4383.0,15
4385.0,13
4387.0,13
4389.0,29
4391.0,14
4393.0,12
4395.0,5
4397.0,7
4399.0,3
4401.0,5
4403.0,9
4405.0,6
4407.0,20
4409.0,15
4411.0,21
4413.0,9
4415.0,4
4417.0,6
4419.0,2
4421.0,5
4423.0,4
4425.0,5
4427.0,4
4429.0,6
4431.0,8
4433.0,7
4435.0,6
4437.0,4
4439.0,7
4441.0,2
4443.0,2
4445.0,4
4447.0,6
4449.0,8
4451.0,11
4453.0,7
4455.0,2
4457.0,8
4459.0,5
4461.0,15
4463.0,17
4465.0,22
4467.0,16
4469.0,18
4471.0,9
4473.0,4
4475.0,4
4477.0,12
4479.0,7
4481.0,9
4483.0,8
4485.0,3
4487.0,4
4489.0,6
4491.0,6
4493.0,6
4495.0,16
4497.0,3
4499.0,17
4501.0,17
4503.0,18
4505.0,9
4507.0,7
4509.0,12
4511.0,15
4513.0,16
4515.0,10
4517.0,5
4519.0,2
4521.0,6
4523.0,5
4525.0,2
4527.0,6
4529.0,4
4531.0,4
4533.0,3
4535.0,3
4537.0,5
4539.0,6
4541.0,11
4543.0,12
4545.0,10
4547.0,7
4549.0,9
4551.0,7
4553.0,16
4555.0,11
4557.0,8
4559.0,10
4561.0,9
4563.0,14
4565.0,5
4567.0,5
4569.0,3
4571.0,2
4573.0,5
4575.0,5
4577.0,8
4579.0,6
4581.0,4
4583.0,8
4585.0,6
4587.0,11
4589.0,7
4591.0,3
4593.0,8
4595.0,2
4597.0,9
4599.0,4
4601.0,14
4603.0,15
4605.0,18
4607.0,9
4609.0,2
4611.0,6
4613.0,4
4615.0,3
4617.0,11
4619.0,2
4621.0,7
4623.0,1
4625.0,2
4627.0,5
4629.0,6
4631.0,4
4633.0,7
4635.0,3
4637.0,6
4639.0,6
4641.0,5
4643.0,5
4645.0,7
4647.0,4
4649.0,7
4651.0,21
4653.0,18
4655.0,13
4657.0,7
4659.0,7
4661.0,9
4663.0,5
4665.0,4
4667.0,6
4669.0,6
4671.0,5
4673.0,9
4675.0,5
4677.0,2
4679.0,0
4681.0,7
4683.0,4
4685.0,7
4687.0,3
4689.0,3
4691.0,6
4693.0,7
4695.0,6
4697.0,2
4699.0,2
4701.0,2
4703.0,1
4705.0,4
4707.0,1
4709.0,3
4711.0,2
4713.0,7
4715.0,6
4717.0,1
4719.0,1
4721.0,4
4723.0,3
4725.0,6
4727.0,5
4729.0,5
4731.0,3
4733.0,3
4735.0,3
4737.0,10
4739.0,4
4741.0,5
4743.0,2
4745.0,3
4747.0,4
4749.0,1
4751.0,6
4753.0,7
4755.0,8
4757.0,6
4759.0,4
4761.0,5
4763.0,4
4765.0,4
4767.0,3
4769.0,2
4771.0,2
4773.0,6
4775.0,4
4777.0,4
4779.0,2
4781.0,1
4783.0,3
4785.0,3
4787.0,3
4789.0,6
4791.0,2
4793.0,0
4795.0,2
4797.0,0
4799.0,3
4801.0,4
4803.0,3
4805.0,3
4807.0,4
4809.0,2
4811.0,5
4813.0,5
4815.0,3
4817.0,2
4819.0,1
4821.0,12
4823.0,1
4825.0,3
4827.0,5
4829.0,5
4831.0,1
4833.0,1
4835.0,6
4837.0,1
4839.0,4
4841.0,5
4843.0,1
4845.0,9
4847.0,2
4849.0,7
4851.0,9
4853.0,5
4855.0,3
4857.0,7
4859.0,2
4861.0,6
4863.0,3
4865.0,3
4867.0,3
4869.0,2
4871.0,0
4873.0,0
4875.0,4
4877.0,1
4879.0,5
4881.0,2
4883.0,3
4885.0,6
4887.0,3
4889.0,5
4891.0,4
4893.0,3
4895.0,2
4897.0,0
4899.0,2
4901.0,3
4903.0,2
4905.0,5
4907.0,3
4909.0,1
4911.0,2
4913.0,2
4915.0,7
4917.0,1
4919.0,3
4921.0,4
4923.0,4
4925.0,6
4927.0,5
4929.0,5
4931.0,4
4933.0,3
4935.0,3
4937.0,3
4939.0,7
4941.0,3
4943.0,5
4945.0,1
4947.0,3
4949.0,2
4951.0,3
4953.0,2
4955.0,5
4957.0,6
4959.0,2
4961.0,5
4963.0,7
4965.0,5
4967.0,2
4969.0,5
4971.0,1
4973.0,0
4975.0,1
4977.0,2
4979.0,1
4981.0,3
4983.0,2
4985.0,1
4987.0,2
4989.0,3
4991.0,3
4993.0,3
4995.0,3
4997.0,0
4999.0,2
5001.0,5
5003.0,3
5005.0,9
5007.0,9
5009.0,5
5011.0,3
5013.0,1
5015.0,5
5017.0,5
5019.0,2
5021.0,3
5023.0,3
5025.0,6
5027.0,1
5029.0,2
5031.0,5
5033.0,4
5035.0,3
5037.0,6
5039.0,5
5041.0,12
5043.0,5
5045.0,8
5047.0,5
5049.0,3
5051.0,2
5053.0,2
5055.0,4
5057.0,2
5059.0,4
5061.0,1
5063.0,6
5065.0,2
5067.0,2
5069.0,2
5071.0,2
5073.0,8
5075.0,4
5077.0,3
5079.0,0
5081.0,3
5083.0,1
5085.0,7
5087.0,3
5089.0,4
5091.0,2
5093.0,3
5095.0,3
5097.0,4
5099.0,5
5101.0,2
5103.0,2
5105.0,1
5107.0,4
5109.0,5
5111.0,7
5113.0,6
5115.0,5
5117.0,1
5119.0,9
5121.0,7
5123.0,7
5125.0,6
5127.0,8
5129.0,10
5131.0,9
5133.0,1
5135.0,4
5137.0,2
5139.0,1
5141.0,3
5143.0,7
5145.0,9
5147.0,5
5149.0,2
5151.0,3
5153.0,3
5155.0,1
5157.0,3
5159.0,5
5161.0,2
5163.0,2
5165.0,3
5167.0,5
5169.0,2
5171.0,7
5173.0,4
5175.0,7
5177.0,6
5179.0,3
5181.0,8
5183.0,2
5185.0,6
5187.0,4
5189.0,6
5191.0,6
5193.0,4
5195.0,3
5197.0,4
5199.0,5
5201.0,4
5203.0,1
5205.0,3
5207.0,2
5209.0,5
5211.0,3
5213.0,4
5215.0,1
5217.0,6
5219.0,12
5221.0,15
5223.0,7
5225.0,8
5227.0,5
5229.0,8
5231.0,3
5233.0,7
5235.0,7
5237.0,8
5239.0,6
5241.0,8
5243.0,3
5245.0,3
5247.0,4
5249.0,7
5251.0,7
5253.0,8
5255.0,8
5257.0,3
5259.0,6
5261.0,3
5263.0,7
5265.0,1
5267.0,5
5269.0,7
5271.0,5
5273.0,5
5275.0,4
5277.0,5
5279.0,8
5281.0,2
5283.0,4
5285.0,4
5287.0,2
5289.0,1
5291.0,7
5293.0,2
5295.0,2
5297.0,3
5299.0,1
5301.0,3
5303.0,5
5305.0,11
5307.0,11
5309.0,4
5311.0,3
5313.0,7
5315.0,10
5317.0,10
5319.0,14
5321.0,6
5323.0,4
5325.0,6
5327.0,3
5329.0,5
5331.0,5
5333.0,6
5335.0,6
5337.0,1
5339.0,4
5341.0,4
5343.0,6
5345.0,6
5347.0,7
5349.0,4
5351.0,8
5353.0,2
5355.0,4
5357.0,4
5359.0,6
5361.0,4
5363.0,7
5365.0,6
5367.0,1
5369.0,7
5371.0,1
5373.0,7
5375.0,5
5377.0,4
5379.0,3
5381.0,2
5383.0,4
5385.0,3
5387.0,5
5389.0,4
5391.0,5
5393.0,3
5395.0,6
5397.0,6
5399.0,8
5401.0,11
5403.0,8
5405.0,4
5407.0,8
5409.0,7
5411.0,6
5413.0,2
5415.0,4
5417.0,2
5419.0,6
5421.0,7
5423.0,2
5425.0,5
5427.0,3
5429.0,3
5431.0,6
5433.0,2
5435.0,11
5437.0,8
5439.0,7
5441.0,2
5443.0,6
5445.0,3
5447.0,4
5449.0,2
5451.0,8
5453.0,3
5455.0,3
5457.0,2
5459.0,4
5461.0,2
5463.0,3
5465.0,2
5467.0,5
5469.0,6
5471.0,10
5473.0,6
5475.0,3
5477.0,3
5479.0,9
5481.0,3
5483.0,3
5485.0,6
5487.0,4
5489.0,7
5491.0,3
5493.0,6
5495.0,4
5497.0,2
5499.0,0
5501.0,9
5503.0,10
5505.0,1
5507.0,3
5509.0,5
5511.0,4
5513.0,3
5515.0,5
5517.0,3
5519.0,7
5521.0,5
5523.0,3
5525.0,2
5527.0,5
5529.0,4
5531.0,7
5533.0,10
5535.0,3
5537.0,5
5539.0,8
5541.0,3
5543.0,7
5545.0,2
5547.0,3
5549.0,8
5551.0,9
5553.0,9
5555.0,25
5557.0,10
5559.0,7
5561.0,7
5563.0,4
5565.0,0
5567.0,6
5569.0,1
5571.0,5
5573.0,4
5575.0,3
5577.0,1
5579.0,1
5581.0,4
5583.0,1
5585.0,2
5587.0,4
5589.0,3
5591.0,2
5593.0,5
5595.0,5
5597.0,1
5599.0,3
5601.0,3
5603.0,1
5605.0,7
5607.0,4
5609.0,4
5611.0,5
5613.0,6
5615.0,2
5617.0,3
5619.0,4
5621.0,3
5623.0,3
5625.0,1
5627.0,9
5629.0,7
5631.0,4
5633.0,3
5635.0,5
5637.0,8
5639.0,5
5641.0,5
5643.0,3
5645.0,6
5647.0,2
5649.0,1
5651.0,8
5653.0,4
5655.0,8
5657.0,5
5659.0,7
5661.0,6
5663.0,2
5665.0,4
5667.0,1
5669.0,5
5671.0,2
5673.0,5
5675.0,5
5677.0,2
5679.0,3
5681.0,5
5683.0,3
5685.0,2
5687.0,4
5689.0,7
5691.0,4
5693.0,2
5695.0,1
5697.0,5
5699.0,2
5701.0,1
5703.0,3
5705.0,2
5707.0,1
5709.0,1
5711.0,3
5713.0,2
5715.0,3
5717.0,4
5719.0,4
5721.0,2
5723.0,2
5725.0,3
5727.0,1
5729.0,8
5731.0,3
5733.0,4
5735.0,2
5737.0,2
5739.0,2
5741.0,4
5743.0,3
5745.0,4
5747.0,2
5749.0,5
5751.0,2
5753.0,2
5755.0,3
5757.0,5
5759.0,4
5761.0,8
5763.0,5
5765.0,1
5767.0,3
5769.0,9
5771.0,7
5773.0,11
5775.0,7
5777.0,7
5779.0,2
5781.0,8
5783.0,3
5785.0,2
5787.0,3
5789.0,1
5791.0,1
5793.0,2
5795.0,3
5797.0,2
5799.0,3
5801.0,3
5803.0,1
5805.0,1
5807.0,2
5809.0,4
5811.0,1
5813.0,3
5815.0,1
5817.0,3
5819.0,2
5821.0,4
5823.0,4
5825.0,3
5827.0,3
5829.0,2
5831.0,1
5833.0,0
5835.0,4
5837.0,3
5839.0,3
5841.0,3
5843.0,3
5845.0,1
5847.0,2
5849.0,6
5851.0,2
5853.0,5
5855.0,4
5857.0,8
5859.0,2
5861.0,2
5863.0,6
5865.0,3
5867.0,5
5869.0,10
5871.0,11
5873.0,11
5875.0,5
5877.0,5
5879.0,7
5881.0,4
5883.0,3
5885.0,4
5887.0,2
5889.0,3
5891.0,0
5893.0,0
5895.0,2
5897.0,1
5899.0,2
5901.0,2
5903.0,1
5905.0,2
5907.0,4
5909.0,2
5911.0,3
5913.0,0
5915.0,2
5917.0,2
5919.0,4
5921.0,7
5923.0,11
5925.0,7
5927.0,7
5929.0,8
5931.0,2
5933.0,1
5935.0,0
5937.0,2
5939.0,1
5941.0,0
5943.0,3
5945.0,4
5947.0,4
5949.0,12
5951.0,1
5953.0,2
5955.0,1
5957.0,2
5959.0,3
5961.0,2
5963.0,4
5965.0,4
5967.0,4
5969.0,0
5971.0,3
5973.0,5
5975.0,1
5977.0,2
5979.0,1
5981.0,1
5983.0,0
5985.0,2
5987.0,2
5989.0,3
5991.0,8
5993.0,5
5995.0,7
5997.0,3
5999.0,8
6001.0,6
6003.0,5
6005.0,5
6007.0,9
6009.0,6
6011.0,4
6013.0,0
6015.0,3
6017.0,0
6019.0,2
6021.0,1
6023.0,1
6025.0,3
6027.0,1
6029.0,3
6031.0,4
6033.0,2
6035.0,3
6037.0,3
6039.0,3
6041.0,6
6043.0,4
6045.0,3
6047.0,0
6049.0,1
6051.0,2
6053.0,1
6055.0,2
6057.0,3
6059.0,1
6061.0,1
6063.0,0
6065.0,5
6067.0,0
6069.0,3
6071.0,2
6073.0,2
6075.0,0
6077.0,2
6079.0,1
6081.0,2
6083.0,3
6085.0,5
6087.0,5
6089.0,2
6091.0,5
6093.0,6
6095.0,6
6097.0,8
6099.0,5
6101.0,2
6103.0,4
6105.0,4
6107.0,6
6109.0,11
6111.0,9
6113.0,5
6115.0,2
6117.0,2
6119.0,2
6121.0,1
6123.0,1
6125.0,4
6127.0,0
6129.0,1
6131.0,2
6133.0,3
6135.0,2
6137.0,3
6139.0,1
6141.0,2
6143.0,2
6145.0,2
6147.0,3
6149.0,2
6151.0,2
6153.0,4
6155.0,6
6157.0,1
6159.0,2
6161.0,4
6163.0,3
6165.0,3
6167.0,4
6169.0,2
6171.0,2
6173.0,2
6175.0,1
6177.0,2
6179.0,2
6181.0,4
6183.0,2
6185.0,2
6187.0,3
6189.0,3
6191.0,0
6193.0,0
6195.0,1
6197.0,6
6199.0,1
6201.0,4
6203.0,4
6205.0,2
6207.0,2
6209.0,2
6211.0,3
6213.0,3
6215.0,0
6217.0,2
6219.0,2
6221.0,1
6223.0,5
6225.0,7
6227.0,4
6229.0,2
6231.0,5
6233.0,5
6235.0,2
6237.0,1
6239.0,0
6241.0,5
6243.0,4
6245.0,3
6247.0,3
6249.0,4
6251.0,3
6253.0,1
6255.0,2
6257.0,2
6259.0,3
6261.0,0
6263.0,5
6265.0,4
6267.0,6
6269.0,1
6271.0,2
6273.0,3
6275.0,2
6277.0,0
6279.0,0
6281.0,1
6283.0,2
6285.0,2
6287.0,1
6289.0,3
6291.0,1
6293.0,3
6295.0,1
6297.0,3
6299.0,1
6301.0,1
6303.0,4
6305.0,8
6307.0,3
6309.0,3
6311.0,5
6313.0,2
6315.0,3
6317.0,2
6319.0,0
6321.0,2
6323.0,0
6325.0,2
6327.0,3
6329.0,3
6331.0,2
6333.0,1
6335.0,0
6337.0,3
6339.0,1
6341.0,0
6343.0,5
6345.0,8
6347.0,6
6349.0,4
6351.0,2
6353.0,1
6355.0,2
6357.0,8
6359.0,1
6361.0,1
6363.0,2
6365.0,4
6367.0,3
6369.0,2
6371.0,2
6373.0,1
6375.0,0
6377.0,1
6379.0,1
6381.0,3
6383.0,3
6385.0,2
6387.0,3
6389.0,2
6391.0,1
6393.0,1
6395.0,2
6397.0,5
6399.0,2
6401.0,4
6403.0,3
6405.0,3
6407.0,0
6409.0,1
6411.0,0
6413.0,1
6415.0,1
6417.0,3
6419.0,5
6421.0,2
6423.0,4
6425.0,3
6427.0,5
6429.0,1
6431.0,5
6433.0,1
6435.0,3
6437.0,2
6439.0,0
6441.0,0
6443.0,0
6445.0,1
6447.0,1
6449.0,0
6451.0,3
6453.0,1
6455.0,3
6457.0,2
6459.0,12
6461.0,5
6463.0,11
6465.0,2
6467.0,6
6469.0,3
6471.0,3
6473.0,3
6475.0,1
6477.0,2
6479.0,0
6481.0,1
6483.0,1
6485.0,2
6487.0,1
6489.0,0
6491.0,3
6493.0,1
6495.0,1
6497.0,0
6499.0,0
6501.0,1
6503.0,3
6505.0,1
6507.0,1
6509.0,1
6511.0,2
6513.0,0
6515.0,1
6517.0,1
6519.0,0
6521.0,0
6523.0,2
6525.0,9
6527.0,0
6529.0,1
6531.0,0
6533.0,1
6535.0,3
6537.0,1
6539.0,0
6541.0,2
6543.0,5
6545.0,0
6547.0,0
6549.0,2
6551.0,1
6553.0,1
6555.0,2
6557.0,2
6559.0,2
6561.0,0
6563.0,2
6565.0,5
6567.0,1
6569.0,0
6571.0,2
6573.0,2
6575.0,2
6577.0,1
6579.0,1
6581.0,1
6583.0,1
6585.0,3
6587.0,2
6589.0,3
6591.0,5
6593.0,4
6595.0,3
6597.0,0
6599.0,0
6601.0,1
6603.0,0
6605.0,0
6607.0,0
6609.0,0
6611.0,1
6613.0,0
6615.0,2
6617.0,2
6619.0,0
6621.0,3
6623.0,0
6625.0,1
6627.0,0
6629.0,0
6631.0,0
6633.0,1
6635.0,1
6637.0,0
6639.0,3
6641.0,3
6643.0,0
6645.0,1
6647.0,2
6649.0,1
6651.0,0
6653.0,1
6655.0,1
6657.0,1
6659.0,0
6661.0,1
6663.0,0
6665.0,1
6667.0,0
6669.0,1
6671.0,1
6673.0,1
6675.0,2
6677.0,1
6679.0,1
6681.0,4
6683.0,0
6685.0,1
6687.0,2
6689.0,0
6691.0,2
6693.0,0
6695.0,4
6697.0,3
6699.0,0
6701.0,1
6703.0,1
6705.0,1
6707.0,0
6709.0,0
6711.0,1
6713.0,1
6715.0,0
6717.0,1
6719.0,1
6721.0,1
6723.0,3
6725.0,2
6727.0,0
6729.0,0
6731.0,2
6733.0,0
6735.0,1
6737.0,3
6739.0,1
6741.0,0
6743.0,1
6745.0,1
6747.0,2
6749.0,0
6751.0,0
6753.0,0
6755.0,0
6757.0,0
6759.0,4
6761.0,2
6763.0,1
6765.0,1
6767.0,1
6769.0,2
6771.0,2
6773.0,2
6775.0,1
6777.0,0
6779.0,3
6781.0,3
6783.0,0
6785.0,1
6787.0,0
6789.0,0
6791.0,0
6793.0,2
6795.0,3
6797.0,0
6799.0,0
6801.0,0
6803.0,0
6805.0,2
6807.0,1
6809.0,2
6811.0,1
6813.0,0
6815.0,2
6817.0,3
6819.0,1
6821.0,1
6823.0,0
6825.0,3
6827.0,0
6829.0,0
6831.0,1
6833.0,1
6835.0,1
6837.0,1
6839.0,1
6841.0,1
6843.0,3
6845.0,1
6847.0,2
6849.0,1
6851.0,2
6853.0,1
6855.0,0
6857.0,0
6859.0,1
6861.0,1
6863.0,1
6865.0,1
6867.0,2
6869.0,2
6871.0,3
6873.0,0
6875.0,4
6877.0,1
6879.0,2
6881.0,2
6883.0,1
6885.0,2
6887.0,0
6889.0,0
6891.0,2
6893.0,0
6895.0,2
6897.0,2
6899.0,1
6901.0,1
6903.0,1
6905.0,2
6907.0,1
6909.0,1
6911.0,0
6913.0,1
6915.0,0
6917.0,1
6919.0,0
6921.0,0
6923.0,1
6925.0,0
6927.0,1
6929.0,1
6931.0,0
6933.0,0
6935.0,0
6937.0,0
6939.0,2
6941.0,2
6943.0,0
6945.0,0
6947.0,3
6949.0,1
6951.0,0
6953.0,0
6955.0,0
6957.0,0
6959.0,0
6961.0,1
6963.0,3
6965.0,2
6967.0,3
6969.0,1
6971.0,2
6973.0,1
6975.0,2
6977.0,3
6979.0,2
6981.0,0
6983.0,1
6985.0,1
6987.0,0
6989.0,0
6991.0,0
6993.0,0
6995.0,0
6997.0,0
6999.0,0
7001.0,1
7003.0,0
7005.0,0
7007.0,0
7009.0,3
7011.0,0
7013.0,0
7015.0,1
7017.0,1
7019.0,0
7021.0,0
7023.0,0
7025.0,1
7027.0,0
7029.0,1
7031.0,3
7033.0,1
7035.0,1
7037.0,0
7039.0,1
7041.0,0
7043.0,4
7045.0,1
7047.0,2
7049.0,0
7051.0,1
7053.0,3
7055.0,0
7057.0,0
7059.0,1
7061.0,4
7063.0,0
7065.0,1
7067.0,0
7069.0,1
7071.0,1
7073.0,0
7075.0,3
7077.0,0
7079.0,2
7081.0,1
7083.0,3
7085.0,0
7087.0,2
7089.0,0
7091.0,0
7093.0,1
7095.0,0
7097.0,3
7099.0,1
7101.0,0
7103.0,3
7105.0,0
7107.0,2
7109.0,1
7111.0,2
7113.0,0
7115.0,0
7117.0,0
7119.0,0
7121.0,1
7123.0,1
7125.0,0
7127.0,1
7129.0,1
7131.0,0
7133.0,0
7135.0,2
7137.0,1
7139.0,1
7141.0,1
7143.0,1
7145.0,0
7147.0,1
7149.0,0
7151.0,0
7153.0,0
7155.0,0
7157.0,3
7159.0,3
7161.0,0
7163.0,1
7165.0,2
7167.0,1
7169.0,2
7171.0,0
7173.0,0
7175.0,1
7177.0,1
7179.0,2
7181.0,0
7183.0,1
7185.0,1
7187.0,0
7189.0,0
7191.0,2
7193.0,1
7195.0,0
7197.0,1
7199.0,0
7201.0,1
7203.0,1
7205.0,1
7207.0,2
7209.0,0
7211.0,1
7213.0,0
7215.0,0
7217.0,2
7219.0,2
7221.0,1
7223.0,2
7225.0,1
7227.0,2
7229.0,2
7231.0,3
7233.0,1
7235.0,0
7237.0,0
7239.0,0
7241.0,1
7243.0,2
7245.0,1
7247.0,3
7249.0,2
7251.0,1
7253.0,1
7255.0,0
7257.0,2
7259.0,0
7261.0,0
7263.0,2
7265.0,1
7267.0,0
7269.0,1
7271.0,0
7273.0,0
7275.0,0
7277.0,0
7279.0,0
7281.0,0
7283.0,0
7285.0,1
7287.0,2
7289.0,0
7291.0,0
7293.0,0
7295.0,0
7297.0,0
7299.0,1
7301.0,1
7303.0,0
7305.0,0
7307.0,1
7309.0,0
7311.0,0
7313.0,1
7315.0,1
7317.0,0
7319.0,1
7321.0,2
7323.0,1
7325.0,0
7327.0,0
7329.0,3
7331.0,1
7333.0,0
7335.0,0
7337.0,5
7339.0,0
7341.0,1
7343.0,0
7345.0,2
7347.0,0
7349.0,1
7351.0,1
7353.0,1
7355.0,0
7357.0,0
7359.0,0
7361.0,3
7363.0,0
7365.0,0
7367.0,0
7369.0,2
7371.0,0
7373.0,3
7375.0,1
7377.0,0
7379.0,1
7381.0,1
7383.0,4
7385.0,0
7387.0,1
7389.0,0
7391.0,0
7393.0,5
7395.0,1
7397.0,0
7399.0,2
7401.0,0
7403.0,0
7405.0,2
7407.0,0
7409.0,0
7411.0,2
7413.0,0
7415.0,1
7417.0,0
7419.0,0
7421.0,0
7423.0,2
7425.0,2
7427.0,2
7429.0,1
7431.0,0
7433.0,0
7435.0,0
7437.0,0
7439.0,0
7441.0,0
7443.0,0
7445.0,1
7447.0,1
7449.0,0
7451.0,0
7453.0,0
7455.0,1
7457.0,0
7459.0,1
7461.0,0
7463.0,2
7465.0,0
7467.0,2
7469.0,1
7471.0,1
7473.0,0
7475.0,1
7477.0,0
7479.0,2
7481.0,0
7483.0,0
7485.0,0
7487.0,1
7489.0,0
7491.0,2
7493.0,1
7495.0,1
7497.0,0
7499.0,0
7501.0,0
7503.0,0
7505.0,2
7507.0,0
7509.0,0
7511.0,1
7513.0,1
7515.0,0
7517.0,1
7519.0,0
7521.0,1
7523.0,0
7525.0,1
7527.0,1
7529.0,1
7531.0,1
7533.0,2
7535.0,1
7537.0,1
7539.0,0
7541.0,0
7543.0,1
7545.0,0
7547.0,1
7549.0,0
7551.0,0
7553.0,0
7555.0,1
7557.0,2
7559.0,2
7561.0,0
7563.0,1
7565.0,4
7567.0,2
7569.0,0
7571.0,1
7573.0,1
7575.0,0
7577.0,0
7579.0,0
7581.0,1
7583.0,2
7585.0,0
7587.0,0
7589.0,0
7591.0,1
7593.0,1
7595.0,0
7597.0,3
7599.0,2
7601.0,1
7603.0,1
7605.0,1
7607.0,1
7609.0,0
7611.0,0
7613.0,2
7615.0,0
7617.0,1
7619.0,1
7621.0,1
7623.0,0
7625.0,0
7627.0,1
7629.0,0
7631.0,1
7633.0,0
7635.0,1
7637.0,0
7639.0,1
7641.0,0
7643.0,0
7645.0,1
7647.0,0
7649.0,1
7651.0,0
7653.0,0
7655.0,2
7657.0,1
7659.0,1
7661.0,0
7663.0,3
7665.0,2
7667.0,1
7669.0,2
7671.0,0
7673.0,1
7675.0,2
7677.0,1
7679.0,1
7681.0,0
7683.0,1
7685.0,0
7687.0,1
7689.0,0
7691.0,1
7693.0,0
7695.0,2
7697.0,0
7699.0,1
7701.0,0
7703.0,0
7705.0,0
7707.0,1
7709.0,1
7711.0,0
7713.0,1
7715.0,2
7717.0,0
7719.0,0
7721.0,0
7723.0,0
7725.0,0
7727.0,2
7729.0,0
7731.0,1
7733.0,1
7735.0,1
7737.0,0
7739.0,0
7741.0,1
7743.0,1
7745.0,0
7747.0,0
7749.0,0
7751.0,0
7753.0,1
7755.0,1
7757.0,1
7759.0,0
7761.0,0
7763.0,0
7765.0,2
7767.0,0
7769.0,1
7771.0,1
7773.0,0
7775.0,0
7777.0,1
7779.0,1
7781.0,0
7783.0,1
7785.0,2
7787.0,1
7789.0,1
7791.0,0
7793.0,0
7795.0,1
7797.0,1
7799.0,0
7801.0,0
7803.0,1
7805.0,1
7807.0,0
7809.0,0
7811.0,0
7813.0,0
7815.0,0
7817.0,0
7819.0,1
7821.0,2
7823.0,1
7825.0,1
7827.0,1
7829.0,0
7831.0,2
7833.0,2
7835.0,1
7837.0,0
7839.0,0
7841.0,1
7843.0,0
7845.0,0
7847.0,3
7849.0,0
7851.0,1
7853.0,1
7855.0,0
7857.0,1
7859.0,0
7861.0,2
7863.0,1
7865.0,1
7867.0,0
7869.0,1
7871.0,1
7873.0,1
7875.0,2
7877.0,0
7879.0,0
7881.0,1
7883.0,0
7885.0,0
7887.0,0
7889.0,2
7891.0,1
7893.0,0
7895.0,0
7897.0,0
7899.0,0
7901.0,2
7903.0,2
7905.0,3
7907.0,0
7909.0,0
7911.0,2
7913.0,1
7915.0,1
7917.0,0
7919.0,0
7921.0,0
7923.0,2
7925.0,0
7927.0,0
7929.0,2
7931.0,2
7933.0,0
7935.0,0
7937.0,0
7939.0,0
7941.0,2
7943.0,0
7945.0,0
7947.0,2
7949.0,1
7951.0,0
7953.0,0
7955.0,1
7957.0,0
7959.0,2
7961.0,0
7963.0,0
7965.0,0
7967.0,0
7969.0,1
7971.0,0
7973.0,1
7975.0,0
7977.0,3
7979.0,0
7981.0,0
7983.0,0
7985.0,0
7987.0,2
7989.0,1
7991.0,0
7993.0,2
7995.0,0
7997.0,0
7999.0,0
8001.0,1
8003.0,0
8005.0,0
8007.0,1
8009.0,1
8011.0,0
8013.0,1
8015.0,1
8017.0,0
8019.0,1
8021.0,1
8023.0,0
8025.0,2
8027.0,0
8029.0,1
8031.0,2
8033.0,3
8035.0,2
8037.0,1
8039.0,0
8041.0,1
8043.0,2
8045.0,4
8047.0,2
8049.0,2
8051.0,3
8053.0,3
8055.0,1
8057.0,1
8059.0,1
8061.0,0
8063.0,3
8065.0,0
8067.0,1
8069.0,0
8071.0,0
8073.0,2
8075.0,1
8077.0,1
8079.0,0
8081.0,0
8083.0,2
8085.0,0
8087.0,1
8089.0,3
8091.0,0
8093.0,0
8095.0,1
8097.0,1
8099.0,0
8101.0,1
8103.0,1
8105.0,1
8107.0,0
8109.0,1
8111.0,1
8113.0,1
8115.0,0
8117.0,1
8119.0,2
8121.0,0
8123.0,0
8125.0,0
8127.0,1
8129.0,0
8131.0,1
8133.0,0
8135.0,3
8137.0,2
8139.0,0
8141.0,1
8143.0,1
8145.0,0
8147.0,0
8149.0,0
8151.0,0
8153.0,0
8155.0,0
8157.0,0
8159.0,1
8161.0,0
8163.0,1
8165.0,2
8167.0,0
8169.0,0
8171.0,1
8173.0,1
8175.0,0
8177.0,0
8179.0,0
8181.0,1
8183.0,0
8185.0,0
8187.0,0
8189.0,0
8191.0,1
8193.0,1
8195.0,0
8197.0,0
8199.0,1
8201.0,1
8203.0,0
8205.0,1
8207.0,0
8209.0,1
8211.0,0
8213.0,0
8215.0,1
8217.0,1
8219.0,1
8221.0,1
8223.0,0
8225.0,0
8227.0,0
8229.0,1
8231.0,1
8233.0,1
8235.0,0
8237.0,1
8239.0,0
8241.0,0
8243.0,1
8245.0,2
8247.0,0
8249.0,1
8251.0,0
8253.0,0
8255.0,1
8257.0,0
8259.0,3
8261.0,1
8263.0,1
8265.0,2
8267.0,1
8269.0,0
8271.0,0
8273.0,0
8275.0,1
8277.0,1
8279.0,0
8281.0,1
8283.0,0
8285.0,1
8287.0,0
8289.0,0
8291.0,0
8293.0,0
8295.0,0
8297.0,1
8299.0,3
8301.0,0
8303.0,0
8305.0,0
8307.0,1
8309.0,0
8311.0,0
8313.0,1
8315.0,1
8317.0,0
8319.0,0
8321.0,1
8323.0,1
8325.0,0
8327.0,1
8329.0,2
8331.0,1
8333.0,2
8335.0,1
8337.0,0
8339.0,0
8341.0,0
8343.0,0
8345.0,0
8347.0,1
8349.0,0
8351.0,1
8353.0,0
8355.0,0
8357.0,0
8359.0,0
8361.0,0
8363.0,0
8365.0,0
8367.0,1
8369.0,0
8371.0,0
8373.0,0
8375.0,1
8377.0,2
8379.0,0
8381.0,3
8383.0,2
8385.0,1
8387.0,1
8389.0,0
8391.0,0
8393.0,0
8395.0,1
8397.0,1
8399.0,1
8401.0,0
8403.0,0
8405.0,0
8407.0,0
8409.0,0
8411.0,0
8413.0,0
8415.0,0
8417.0,0
8419.0,0
8421.0,0
8423.0,0
8425.0,1
8427.0,1
8429.0,1
8431.0,2
8433.0,0
8435.0,2
8437.0,0
8439.0,1
8441.0,1
8443.0,0
8445.0,0
8447.0,0
8449.0,0
8451.0,3
8453.0,0
8455.0,3
8457.0,1
8459.0,2
8461.0,1
8463.0,0
8465.0,0
8467.0,0
8469.0,0
8471.0,0
8473.0,0
8475.0,1
8477.0,1
8479.0,1
8481.0,0
8483.0,0
8485.0,0
8487.0,0
8489.0,0
8491.0,0
8493.0,0
8495.0,0
8497.0,1
8499.0,1
8501.0,0
8503.0,0
8505.0,0
8507.0,0
8509.0,0
8511.0,0
8513.0,0
8515.0,0
8517.0,1
8519.0,1
8521.0,0
8523.0,0
8525.0,0
8527.0,1
8529.0,1
8531.0,0
8533.0,0
8535.0,0
8537.0,1
8539.0,0
8541.0,0
8543.0,0
8545.0,0
8547.0,0
8549.0,1
8551.0,1
8553.0,1
8555.0,1
8557.0,1
8559.0,0
8561.0,2
8563.0,0
8565.0,0
8567.0,1
8569.0,0
8571.0,0
8573.0,0
8575.0,0
8577.0,0
8579.0,0
8581.0,2
8583.0,0
8585.0,1
8587.0,0
8589.0,0
8591.0,0
8593.0,0
8595.0,0
8597.0,0
8599.0,2
8601.0,0
8603.0,1
8605.0,1
8607.0,1
8609.0,0
8611.0,0
8613.0,0
8615.0,0
8617.0,0
8619.0,0
8621.0,0
8623.0,1
8625.0,0
8627.0,1
8629.0,2
8631.0,0
8633.0,0
8635.0,0
8637.0,0
8639.0,0
8641.0,2
8643.0,0
8645.0,0
8647.0,0
8649.0,0
8651.0,0
8653.0,0
8655.0,0
8657.0,0
8659.0,1
8661.0,0
8663.0,0
8665.0,0
8667.0,0
8669.0,0
8671.0,0
8673.0,0
8675.0,0
8677.0,1
8679.0,0
8681.0,0
8683.0,1
8685.0,2
8687.0,3
8689.0,0
8691.0,0
8693.0,1
8695.0,0
8697.0,0
8699.0,0
8701.0,0
8703.0,0
8705.0,1
8707.0,2
8709.0,1
8711.0,2
8713.0,0
8715.0,0
8717.0,2
8719.0,0
8721.0,0
8723.0,0
8725.0,1
8727.0,0
8729.0,0
8731.0,0
8733.0,0
8735.0,0
8737.0,0
8739.0,0
8741.0,1
8743.0,0
8745.0,2
8747.0,0
8749.0,1
8751.0,1
8753.0,2
8755.0,1
8757.0,1
8759.0,1
8761.0,0
8763.0,1
8765.0,1
8767.0,1
8769.0,0
8771.0,0
8773.0,0
8775.0,2
8777.0,0
8779.0,1
8781.0,0
8783.0,0
8785.0,0
8787.0,0
8789.0,1
8791.0,0
8793.0,0
8795.0,2
8797.0,1
8799.0,0
8801.0,1
8803.0,0
8805.0,1
8807.0,2
8809.0,2
8811.0,0
8813.0,0
8815.0,0
8817.0,1
8819.0,1
8821.0,0
8823.0,0
8825.0,1
8827.0,1
8829.0,1
8831.0,0
8833.0,0
8835.0,1
8837.0,1
8839.0,2
8841.0,2
8843.0,0
8845.0,0
8847.0,2
8849.0,4
8851.0,0
8853.0,1
8855.0,0
8857.0,0
8859.0,1
8861.0,1
8863.0,1
8865.0,0
8867.0,0
8869.0,0
8871.0,1
8873.0,2
8875.0,1
8877.0,0
8879.0,0
8881.0,2
8883.0,2
8885.0,4
8887.0,2
8889.0,3
8891.0,2
8893.0,1
8895.0,0
8897.0,0
8899.0,2
8901.0,1
8903.0,1
8905.0,4
8907.0,2
8909.0,7
8911.0,2
8913.0,2
8915.0,5
8917.0,3
8919.0,0
8921.0,2
8923.0,0
8925.0,0
8927.0,2
8929.0,1
8931.0,2
8933.0,0
8935.0,4
8937.0,1
8939.0,3
8941.0,1
8943.0,1
8945.0,3
8947.0,1
8949.0,8
8951.0,0
8953.0,1
8955.0,6
8957.0,3
8959.0,3
8961.0,3
8963.0,1
8965.0,1
8967.0,6
8969.0,4
8971.0,1
8973.0,4
8975.0,3
8977.0,0
8979.0,1
8981.0,2
8983.0,3
8985.0,4
8987.0,2
8989.0,0
8991.0,0
8993.0,1
8995.0,1
8997.0,0
8999.0,4
9001.0,3
9003.0,0
9005.0,10
9007.0,17
9009.0,23
9011.0,24
9013.0,28
9015.0,35
9017.0,47
9019.0,50
9021.0,19
9023.0,15
9025.0,8
9027.0,4
9029.0,1
9031.0,0
9033.0,0
9035.0,1
9037.0,0
9039.0,1
9041.0,0
9043.0,2
9045.0,0
9047.0,2
9049.0,0
9051.0,1
9053.0,0
9055.0,4
9057.0,1
9059.0,0
9061.0,0
9063.0,0
9065.0,0
9067.0,0
9069.0,0
9071.0,0
9073.0,0
9075.0,0
9077.0,0
9079.0,0
9081.0,0
9083.0,0
9085.0,0
9087.0,0
9089.0,1
9091.0,0
9093.0,0
9095.0,0
9097.0,0
9099.0,1
9101.0,1
9103.0,0
9105.0,0
9107.0,0
9109.0,0
9111.0,0
9113.0,0
9115.0,2
9117.0,0
9119.0,1
9121.0,0
9123.0,0
9125.0,1
9127.0,0
9129.0,0
9131.0,0
9133.0,4
9135.0,1
9137.0,2
9139.0,1
9141.0,0
9143.0,1
9145.0,0
9147.0,1
9149.0,3
9151.0,0
9153.0,0
9155.0,2
9157.0,0
9159.0,0
9161.0,2
9163.0,1
9165.0,9
9167.0,8
9169.0,11
9171.0,15
9173.0,10
9175.0,5
9177.0,3
9179.0,4
9181.0,2
9183.0,0
9185.0,4
9187.0,1
9189.0,0
9191.0,1
9193.0,1
9195.0,0
9197.0,0
9199.0,0
9201.0,0
9203.0,1
9205.0,1
9207.0,1
9209.0,0
9211.0,0
9213.0,0
9215.0,0
9217.0,0
9219.0,0
9221.0,0
9223.0,0
9225.0,0
9227.0,1
9229.0,0
9231.0,1
9233.0,1
9235.0,0
9237.0,1
9239.0,3
9241.0,2
9243.0,0
9245.0,0
9247.0,0
9249.0,0
9251.0,0
9253.0,0
9255.0,1
9257.0,0
9259.0,0
9261.0,0
9263.0,0
9265.0,1
9267.0,1
9269.0,0
9271.0,0
9273.0,1
9275.0,0
9277.0,0
9279.0,0
9281.0,1
9283.0,0
9285.0,0
9287.0,2
9289.0,0
9291.0,0
9293.0,0
9295.0,0
9297.0,0
9299.0,0
9301.0,3
9303.0,0
9305.0,0
9307.0,0
9309.0,0
9311.0,1
9313.0,0
9315.0,0
9317.0,2
9319.0,1
9321.0,0
9323.0,0
9325.0,3
9327.0,0
9329.0,2
9331.0,0
9333.0,2
9335.0,1
9337.0,0
9339.0,0
9341.0,0
9343.0,1
9345.0,0
9347.0,0
9349.0,0
9351.0,0
9353.0,0
9355.0,1
9357.0,0
9359.0,0
9361.0,0
9363.0,1
9365.0,1
9367.0,1
9369.0,0
9371.0,2
9373.0,0
9375.0,0
9377.0,1
9379.0,2
9381.0,1
9383.0,0
9385.0,1
9387.0,0
9389.0,1
9391.0,0
9393.0,0
9395.0,0
9397.0,0
9399.0,1
9401.0,1
9403.0,1
9405.0,1
9407.0,1
9409.0,0
9411.0,0
9413.0,0
9415.0,0
9417.0,0
9419.0,2
9421.0,1
9423.0,0
9425.0,1
9427.0,1
9429.0,0
9431.0,0
9433.0,0
9435.0,0
9437.0,1
9439.0,1
9441.0,0
9443.0,2
9445.0,0
9447.0,0
9449.0,0
9451.0,0
9453.0,0
9455.0,0
9457.0,0
9459.0,1
9461.0,2
9463.0,0
9465.0,0
9467.0,0
9469.0,1
9471.0,0
9473.0,0
9475.0,1
9477.0,0
9479.0,1
9481.0,0
9483.0,0
9485.0,1
9487.0,1
9489.0,1
9491.0,1
9493.0,0
9495.0,0
9497.0,0
9499.0,0
9501.0,1
9503.0,1
9505.0,0
9507.0,0
9509.0,0
9511.0,0
9513.0,0
9515.0,0
9517.0,0
9519.0,0
9521.0,1
9523.0,1
9525.0,0
9527.0,1
9529.0,0
9531.0,0
9533.0,1
9535.0,0
9537.0,0
9539.0,0
9541.0,0
9543.0,1
9545.0,0
9547.0,0
9549.0,0
9551.0,1
9553.0,0
9555.0,0
9557.0,0
9559.0,1
9561.0,0
9563.0,1
9565.0,0
9567.0,0
9569.0,0
9571.0,1
9573.0,1
9575.0,0
9577.0,1
9579.0,0
9581.0,1
9583.0,0
9585.0,0
9587.0,0
9589.0,0
9591.0,0
9593.0,0
9595.0,1
9597.0,1
9599.0,0
9601.0,1
9603.0,0
9605.0,0
9607.0,0
9609.0,0
9611.0,0
9613.0,0
9615.0,0
9617.0,0
9619.0,1
9621.0,0
9623.0,0
9625.0,0
9627.0,1
9629.0,0
9631.0,0
9633.0,2
9635.0,3
9637.0,2
9639.0,3
9641.0,2
9643.0,1
9645.0,1
9647.0,1
9649.0,1
9651.0,1
9653.0,0
9655.0,1
9657.0,1
9659.0,1
9661.0,1
9663.0,2
9665.0,1
9667.0,2
9669.0,0
9671.0,0
9673.0,1
9675.0,0
9677.0,0
9679.0,0
9681.0,0
9683.0,0
9685.0,2
9687.0,0
9689.0,1
9691.0,0
9693.0,0
9695.0,0
9697.0,1
9699.0,0
9701.0,1
9703.0,1
9705.0,0
9707.0,0
9709.0,1
9711.0,1
9713.0,0
9715.0,0
9717.0,4
9719.0,0
9721.0,1
9723.0,0
9725.0,0
9727.0,0
9729.0,0
9731.0,2
9733.0,1
9735.0,0
9737.0,0
9739.0,0
9741.0,1
9743.0,0
9745.0,0
9747.0,0
9749.0,1
9751.0,0
9753.0,1
9755.0,2
9757.0,3
9759.0,1
9761.0,1
9763.0,2
9765.0,4
9767.0,1
9769.0,0
9771.0,0
9773.0,0
9775.0,0
9777.0,1
9779.0,0
9781.0,0
9783.0,2
9785.0,2
9787.0,3
9789.0,2
9791.0,3
9793.0,2
9795.0,4
9797.0,4
9799.0,0
9801.0,1
9803.0,2
9805.0,5
9807.0,2
9809.0,2
9811.0,0
9813.0,0
9815.0,2
9817.0,1
9819.0,0
9821.0,0
9823.0,1
9825.0,2
9827.0,0
9829.0,1
9831.0,1
9833.0,4
9835.0,4
9837.0,9
9839.0,3
9841.0,3
9843.0,3
9845.0,2
9847.0,2
9849.0,1
9851.0,3
9853.0,2
9855.0,1
9857.0,1
9859.0,1
9861.0,0
9863.0,1
9865.0,0
9867.0,0
9869.0,0
9871.0,2
9873.0,6
9875.0,3
9877.0,7
9879.0,6
9881.0,9
9883.0,5
9885.0,5
9887.0,2
9889.0,4
9891.0,1
9893.0,1
9895.0,0
9897.0,2
9899.0,0
9901.0,1
9903.0,0
9905.0,0
9907.0,3
9909.0,2
9911.0,8
9913.0,14
9915.0,12
9917.0,11
9919.0,7
9921.0,5
9923.0,8
9925.0,6
9927.0,2
9929.0,2
9931.0,2
9933.0,1
9935.0,3
9937.0,3
9939.0,1
9941.0,1
9943.0,2
9945.0,2
9947.0,12
9949.0,19
9951.0,25
9953.0,44
9955.0,34
9957.0,29
9959.0,19
9961.0,7
9963.0,5
9965.0,2
9967.0,1
9969.0,2
9971.0,1
9973.0,4
9975.0,1
9977.0,4
9979.0,1
9981.0,0
9983.0,1
9985.0,1
9987.0,2
9989.0,0
9991.0,0
9993.0,0
9995.0,0
9997.0,0
9999.0,2
10001.0,0
10003.0,0
10005.0,0
10007.0,1
10009.0,1
10011.0,1
10013.0,1
10015.0,0
10017.0,1
10019.0,0
10021.0,0
10023.0,0
10025.0,0
10027.0,1
10029.0,0
10031.0,0
10033.0,0
10035.0,0
10037.0,0
10039.0,1
10041.0,1
10043.0,0
10045.0,1
10047.0,0
10049.0,0
10051.0,3
10053.0,0
10055.0,0
10057.0,0
10059.0,0
10061.0,0
10063.0,0
10065.0,1
10067.0,1
10069.0,1
10071.0,0
10073.0,0
10075.0,1
10077.0,1
10079.0,0
10081.0,0
10083.0,1
10085.0,0
10087.0,4
10089.0,3
10091.0,9
10093.0,3
10095.0,3
10097.0,7
10099.0,1
10101.0,3
10103.0,1
10105.0,1
10107.0,0
10109.0,1
10111.0,0
10113.0,1
10115.0,0
10117.0,2
10119.0,0
10121.0,1
10123.0,1
10125.0,0
10127.0,4
10129.0,4
10131.0,5
10133.0,5
10135.0,3
10137.0,1
10139.0,0
10141.0,0
10143.0,0
10145.0,1
10147.0,1
10149.0,0
10151.0,1
10153.0,0
10155.0,0
10157.0,0
10159.0,0
10161.0,1
10163.0,0
10165.0,0
10167.0,0
10169.0,1
10171.0,0
10173.0,0
10175.0,0
10177.0,0
10179.0,0
10181.0,2
10183.0,0
10185.0,0
10187.0,2
10189.0,0
10191.0,0
10193.0,0
10195.0,0
10197.0,0
10199.0,1
10201.0,1
10203.0,1
10205.0,0
10207.0,0
10209.0,0
10211.0,1
10213.0,0
10215.0,2
10217.0,0
10219.0,0
10221.0,2
10223.0,0
10225.0,1
10227.0,2
10229.0,0
10231.0,1
10233.0,0
10235.0,1
10237.0,1
10239.0,0
10241.0,0
10243.0,1
10245.0,0
10247.0,0
10249.0,0
10251.0,1
10253.0,0
10255.0,0
10257.0,4
10259.0,1
10261.0,1
10263.0,3
10265.0,0
10267.0,1
10269.0,2
10271.0,1
10273.0,1
10275.0,2
10277.0,4
10279.0,1
10281.0,1
10283.0,0
10285.0,1
10287.0,0
10289.0,0
10291.0,0
10293.0,0
10295.0,0
10297.0,1
10299.0,1
10301.0,1
10303.0,1
10305.0,1
10307.0,1
10309.0,5
10311.0,0
10313.0,1
10315.0,3
10317.0,2
10319.0,2
10321.0,2
10323.0,1
10325.0,1
10327.0,0
10329.0,1
10331.0,2
10333.0,2
10335.0,0
10337.0,0
10339.0,0
10341.0,1
10343.0,1
10345.0,0
10347.0,2
10349.0,2
10351.0,1
10353.0,3
10355.0,0
10357.0,1
10359.0,0
10361.0,0
10363.0,0
10365.0,0
10367.0,0
10369.0,0
10371.0,2
10373.0,0
10375.0,3
10377.0,3
10379.0,0
10381.0,2
10383.0,1
10385.0,1
10387.0,2
10389.0,5
10391.0,2
10393.0,1
10395.0,1
10397.0,1
10399.0,3
10401.0,1
10403.0,1
10405.0,1
10407.0,2
10409.0,3
10411.0,2
10413.0,1
10415.0,1
10417.0,2
10419.0,0
10421.0,2
10423.0,1
10425.0,3
10427.0,1
10429.0,2
10431.0,3
10433.0,2
10435.0,3
10437.0,3
10439.0,1
10441.0,3
10443.0,2
10445.0,2
10447.0,3
10449.0,3
10451.0,3
10453.0,5
10455.0,6
10457.0,7
10459.0,2
10461.0,1
10463.0,2
10465.0,1
10467.0,0
10469.0,2
10471.0,1
10473.0,1
10475.0,1
10477.0,1
10479.0,4
10481.0,0
10483.0,2
10485.0,0
10487.0,2
10489.0,2
10491.0,1
10493.0,2
10495.0,4
10497.0,5
10499.0,8
10501.0,4
10503.0,4
10505.0,7
10507.0,2
10509.0,14
10511.0,12
10513.0,5
10515.0,5
10517.0,5
10519.0,2
10521.0,3
10523.0,3
10525.0,4
10527.0,1
10529.0,1
10531.0,1
10533.0,2
10535.0,1
10537.0,1
10539.0,0
10541.0,2
10543.0,1
10545.0,0
10547.0,2
10549.0,0
10551.0,0
10553.0,1
10555.0,0
10557.0,0
10559.0,1
10561.0,1
10563.0,0
10565.0,0
10567.0,0
10569.0,1
10571.0,1
10573.0,0
10575.0,0
10577.0,0
10579.0,2
10581.0,2
10583.0,0
10585.0,2
10587.0,0
10589.0,1
10591.0,0
10593.0,0
10595.0,1
10597.0,1
10599.0,1
10601.0,0
10603.0,1
10605.0,0
10607.0,0
10609.0,1
10611.0,0
10613.0,3
10615.0,0
10617.0,1
10619.0,0
10621.0,1
10623.0,1
10625.0,2
10627.0,2
10629.0,2
10631.0,0
10633.0,2
10635.0,1
10637.0,0
10639.0,2
10641.0,3
10643.0,0
10645.0,3
10647.0,0
10649.0,1
10651.0,1
10653.0,0
10655.0,0
10657.0,0
10659.0,1
10661.0,0
10663.0,1
10665.0,1
10667.0,0
10669.0,0
10671.0,1
10673.0,2
10675.0,0
10677.0,3
10679.0,9
10681.0,5
10683.0,5
10685.0,5
10687.0,7
10689.0,0
10691.0,0
10693.0,0
10695.0,2
10697.0,0
10699.0,0
10701.0,2
10703.0,1
10705.0,0
10707.0,1
10709.0,0
10711.0,0
10713.0,1
10715.0,0
10717.0,0
10719.0,1
10721.0,0
10723.0,0
10725.0,0
10727.0,0
10729.0,1
10731.0,0
10733.0,1
10735.0,1
10737.0,0
10739.0,1
10741.0,0
10743.0,0
10745.0,0
10747.0,0
10749.0,0
10751.0,0
10753.0,0
10755.0,1
10757.0,0
10759.0,1
10761.0,0
10763.0,0
10765.0,0
10767.0,0
10769.0,0
10771.0,1
10773.0,0
10775.0,0
10777.0,0
10779.0,0
10781.0,0
10783.0,0
10785.0,0
10787.0,0
10789.0,0
10791.0,0
10793.0,0
10795.0,0
10797.0,0
10799.0,0
10801.0,1
10803.0,0
10805.0,0
10807.0,1
10809.0,0
10811.0,0
10813.0,1
10815.0,0
10817.0,1
10819.0,1
10821.0,0
10823.0,0
10825.0,0
10827.0,0
10829.0,0
10831.0,0
10833.0,0
10835.0,1
10837.0,1
10839.0,1
10841.0,1
10843.0,0
10845.0,1
10847.0,0
10849.0,1
10851.0,0
10853.0,0
10855.0,1
10857.0,0
10859.0,2
10861.0,0
10863.0,1
10865.0,2
10867.0,0
10869.0,0
10871.0,1
10873.0,0
10875.0,1
10877.0,1
10879.0,1
10881.0,0
10883.0,0
10885.0,1
10887.0,0
10889.0,0
10891.0,0
10893.0,1
10895.0,1
10897.0,1
10899.0,0
10901.0,0
10903.0,1
10905.0,0
10907.0,0
10909.0,0
10911.0,0
10913.0,0
10915.0,0
10917.0,0
10919.0,0
10921.0,0
10923.0,0
10925.0,0
10927.0,2
10929.0,0
10931.0,0
10933.0,0
10935.0,0
10937.0,0
10939.0,0
10941.0,0
10943.0,0
10945.0,2
10947.0,1
10949.0,1
10951.0,0
10953.0,0
10955.0,0
10957.0,1
10959.0,1
10961.0,0
10963.0,1
10965.0,1
10967.0,0
10969.0,0
10971.0,2
10973.0,1
10975.0,1
10977.0,0
10979.0,0
10981.0,1
10983.0,0
10985.0,0
10987.0,1
10989.0,0
10991.0,2
10993.0,0
10995.0,1
10997.0,0
10999.0,0
11001.0,1
11003.0,0
11005.0,0
11007.0,0
11009.0,2
11011.0,0
11013.0,1
11015.0,1
11017.0,0
11019.0,0
11021.0,0
11023.0,0
11025.0,1
11027.0,0
11029.0,0
11031.0,0
11033.0,1
11035.0,1
11037.0,0
11039.0,1
11041.0,0
11043.0,0
11045.0,1
11047.0,0
11049.0,0
11051.0,1
11053.0,2
11055.0,0
11057.0,1
11059.0,1
11061.0,0
11063.0,0
11065.0,1
11067.0,0
11069.0,0
11071.0,0
11073.0,2
11075.0,1
11077.0,2
11079.0,0
11081.0,1
11083.0,0
11085.0,1
11087.0,0
11089.0,0
11091.0,0
11093.0,0
11095.0,0
11097.0,0
11099.0,2
11101.0,1
11103.0,2
11105.0,1
11107.0,0
11109.0,0
11111.0,0
11113.0,0
11115.0,2
11117.0,1
11119.0,2
11121.0,0
11123.0,0
11125.0,1
11127.0,0
11129.0,1
11131.0,0
11133.0,0
11135.0,0
11137.0,0
11139.0,0
11141.0,0
11143.0,1
11145.0,0
11147.0,0
11149.0,0
11151.0,0
11153.0,1
11155.0,1
11157.0,0
11159.0,0
11161.0,1
11163.0,0
11165.0,0
11167.0,1
11169.0,0
11171.0,1
11173.0,0
11175.0,0
11177.0,1
11179.0,2
11181.0,2
11183.0,1
11185.0,0
11187.0,2
11189.0,1
11191.0,1
11193.0,0
11195.0,1
11197.0,0
11199.0,1
11201.0,0
11203.0,0
11205.0,0
11207.0,1
11209.0,1
11211.0,0
11213.0,0
11215.0,0
11217.0,1
11219.0,0
11221.0,0
11223.0,0
11225.0,0
11227.0,1
11229.0,0
11231.0,0
11233.0,2
11235.0,1
11237.0,1
11239.0,3
11241.0,0
11243.0,1
11245.0,0
11247.0,0
11249.0,1
11251.0,1
11253.0,0
11255.0,0
11257.0,2
11259.0,0
11261.0,3
11263.0,0
11265.0,0
11267.0,0
11269.0,2
11271.0,0
11273.0,1
11275.0,0
11277.0,1
11279.0,0
11281.0,0
11283.0,1
11285.0,0
11287.0,0
11289.0,1
11291.0,1
11293.0,0
11295.0,0
11297.0,0
11299.0,0
11301.0,1
11303.0,1
11305.0,1
11307.0,2
11309.0,1
11311.0,0
11313.0,2
11315.0,0
11317.0,2
11319.0,1
11321.0,0
11323.0,2
11325.0,0
11327.0,2
11329.0,0
11331.0,1
11333.0,0
11335.0,1
11337.0,0
11339.0,3
11341.0,0
11343.0,0
11345.0,2
11347.0,0
11349.0,2
11351.0,1
11353.0,2
11355.0,3
11357.0,2
11359.0,0
11361.0,1
11363.0,0
11365.0,0
11367.0,0
11369.0,0
11371.0,0
11373.0,1
11375.0,0
11377.0,0
11379.0,0
11381.0,1
11383.0,0
11385.0,0
11387.0,0
11389.0,0
11391.0,1
11393.0,0
11395.0,0
11397.0,1
11399.0,2
11401.0,1
11403.0,1
11405.0,1
11407.0,0
11409.0,1
11411.0,0
11413.0,0
11415.0,0
11417.0,0
11419.0,0
11421.0,1
11423.0,0
11425.0,2
11427.0,1
11429.0,2
11431.0,1
11433.0,1
11435.0,1
11437.0,2
11439.0,2
11441.0,6
11443.0,4
11445.0,2
11447.0,2
11449.0,0
11451.0,1
11453.0,0
11455.0,2
11457.0,3
11459.0,2
11461.0,3
11463.0,2
11465.0,0
11467.0,2
11469.0,3
11471.0,3
11473.0,1
11475.0,1
11477.0,3
11479.0,2
11481.0,4
11483.0,1
11485.0,1
11487.0,2
11489.0,6
11491.0,3
11493.0,2
11495.0,0
11497.0,6
11499.0,1
11501.0,5
11503.0,4
11505.0,1
11507.0,7
11509.0,3
11511.0,3
11513.0,4
11515.0,1
11517.0,2
11519.0,0
11521.0,0
11523.0,0
11525.0,1
11527.0,1
11529.0,0
11531.0,3
11533.0,0
11535.0,0
11537.0,1
11539.0,2
11541.0,1
11543.0,1
11545.0,2
11547.0,1
11549.0,2
11551.0,0
11553.0,0
11555.0,1
11557.0,2
11559.0,3
11561.0,0
11563.0,0
11565.0,0
11567.0,0
11569.0,0
11571.0,2
11573.0,0
11575.0,1
11577.0,2
11579.0,1
11581.0,0
11583.0,1
11585.0,3
11587.0,1
11589.0,1
11591.0,0
11593.0,0
11595.0,2
11597.0,4
11599.0,1
11601.0,1
11603.0,3
11605.0,1
11607.0,0
11609.0,2
11611.0,1
11613.0,0
11615.0,1
11617.0,0
11619.0,0
11621.0,0
11623.0,0
11625.0,0
11627.0,0
11629.0,1
11631.0,2
11633.0,0
11635.0,3
11637.0,3
11639.0,2
11641.0,2
11643.0,1
11645.0,5
11647.0,2
11649.0,2
11651.0,3
11653.0,2
11655.0,2
11657.0,0
11659.0,0
11661.0,0
11663.0,2
11665.0,2
11667.0,2
11669.0,0
11671.0,2
11673.0,2
11675.0,1
11677.0,1
11679.0,0
11681.0,1
11683.0,3
11685.0,5
11687.0,5
11689.0,3
11691.0,2
11693.0,3
11695.0,6
11697.0,1
11699.0,2
11701.0,0
11703.0,1
11705.0,1
11707.0,2
11709.0,0
11711.0,2
11713.0,0
11715.0,1
11717.0,0
11719.0,5
11721.0,2
11723.0,2
11725.0,3
11727.0,4
11729.0,3
11731.0,4
11733.0,2
11735.0,5
11737.0,4
11739.0,0
11741.0,1
11743.0,1
11745.0,0
11747.0,0
11749.0,0
11751.0,0
11753.0,0
11755.0,1
11757.0,1
11759.0,2
11761.0,0
11763.0,0
11765.0,0
11767.0,0
11769.0,0
11771.0,0
11773.0,1
11775.0,0
11777.0,0
11779.0,0
11781.0,0
11783.0,1
11785.0,0
11787.0,1
11789.0,0
11791.0,0
11793.0,0
11795.0,0
11797.0,1
11799.0,0
11801.0,2
11803.0,0
11805.0,1
11807.0,0
11809.0,2
11811.0,1
11813.0,1
11815.0,0
11817.0,0
11819.0,0
11821.0,2
11823.0,0
11825.0,1
11827.0,0
11829.0,0
11831.0,0
11833.0,0
11835.0,1
11837.0,0
11839.0,0
11841.0,0
11843.0,1
11845.0,0
11847.0,0
11849.0,0
11851.0,0
11853.0,0
11855.0,0
11857.0,0
11859.0,0
11861.0,1
11863.0,0
11865.0,0
11867.0,0
11869.0,0
11871.0,1
11873.0,0
11875.0,0
11877.0,1
11879.0,0
11881.0,0
11883.0,0
11885.0,0
11887.0,1
11889.0,0
11891.0,0
11893.0,0
11895.0,0
11897.0,1
11899.0,1
11901.0,0
11903.0,0
11905.0,0
11907.0,0
11909.0,0
11911.0,0
11913.0,0
11915.0,0
11917.0,0
11919.0,0
11921.0,0
11923.0,0
11925.0,0
11927.0,0
11929.0,2
11931.0,0
11933.0,0
11935.0,0
11937.0,0
11939.0,0
11941.0,0
11943.0,0
11945.0,0
11947.0,0
11949.0,0
11951.0,0
11953.0,0
11955.0,1
11957.0,0
11959.0,0
11961.0,0
11963.0,0
11965.0,0
11967.0,0
11969.0,1
11971.0,0
11973.0,0
11975.0,0
11977.0,0
11979.0,1
11981.0,0
11983.0,0
11985.0,0
11987.0,0
11989.0,0
11991.0,0
11993.0,0
11995.0,0
11997.0,1
11999.0,2
12001.0,0
12003.0,0
12005.0,0
12007.0,0
12009.0,1
12011.0,0
12013.0,0
12015.0,0
12017.0,0
12019.0,0
12021.0,0
12023.0,1
12025.0,0
12027.0,1
12029.0,1
12031.0,0
12033.0,0
12035.0,0
12037.0,0
12039.0,0
12041.0,1
12043.0,0
12045.0,1
12047.0,0
12049.0,0
12051.0,0
12053.0,0
12055.0,0
12057.0,0
12059.0,1
12061.0,0
12063.0,0
12065.0,0
12067.0,1
12069.0,0
12071.0,0
12073.0,0
12075.0,1
12077.0,0
12079.0,0
12081.0,1
12083.0,0
12085.0,0
12087.0,0
12089.0,1
12091.0,1
12093.0,0
12095.0,0
12097.0,0
12099.0,0
12101.0,1
12103.0,0
12105.0,1
12107.0,0
12109.0,0
12111.0,1
12113.0,0
12115.0,0
12117.0,1
12119.0,0
12121.0,0
12123.0,0
12125.0,0
12127.0,1
12129.0,0
12131.0,0
12133.0,0
12135.0,0
12137.0,0
12139.0,0
12141.0,0
12143.0,0
12145.0,0
12147.0,1
12149.0,0
12151.0,0
12153.0,0
12155.0,0
12157.0,0
12159.0,2
12161.0,0
12163.0,1
12165.0,0
12167.0,0
12169.0,1
12171.0,1
12173.0,0
12175.0,0
12177.0,0
12179.0,0
12181.0,0
12183.0,0
12185.0,0
12187.0,0
12189.0,1
12191.0,0
12193.0,0
12195.0,0
12197.0,0
12199.0,0
12201.0,0
12203.0,0
12205.0,0
12207.0,0
12209.0,0
12211.0,0
12213.0,0
12215.0,0
12217.0,0
12219.0,0
12221.0,0
12223.0,1
12225.0,1
12227.0,1
12229.0,0
12231.0,0
12233.0,0
12235.0,0
12237.0,1
12239.0,0
12241.0,2
12243.0,0
12245.0,0
12247.0,0
12249.0,0
12251.0,1
12253.0,0
12255.0,0
12257.0,0
12259.0,0
12261.0,0
12263.0,0
12265.0,0
12267.0,0
12269.0,0
12271.0,1
12273.0,0
12275.0,1
12277.0,0
12279.0,0
12281.0,0
12283.0,1
12285.0,0
12287.0,0
12289.0,1
12291.0,0
12293.0,1
12295.0,0
12297.0,0
12299.0,0
12301.0,0
12303.0,1
12305.0,0
12307.0,0
12309.0,0
12311.0,0
12313.0,0
12315.0,0
12317.0,0
12319.0,0
12321.0,1
12323.0,1
12325.0,0
12327.0,0
12329.0,0
12331.0,0
12333.0,0
12335.0,0
12337.0,0
12339.0,0
12341.0,0
12343.0,0
12345.0,0
12347.0,0
12349.0,0
12351.0,1
12353.0,0
12355.0,0
12357.0,0
12359.0,0
12361.0,1
12363.0,0
12365.0,0
12367.0,0
12369.0,0
12371.0,0
12373.0,0
12375.0,1
12377.0,0
12379.0,0
12381.0,0
12383.0,0
12385.0,1
12387.0,1
12389.0,0
12391.0,0
12393.0,0
12395.0,0
12397.0,0
12399.0,1
12401.0,1
12403.0,0
12405.0,0
12407.0,1
12409.0,0
12411.0,1
12413.0,0
12415.0,0
12417.0,0
12419.0,0
12421.0,1
12423.0,0
12425.0,0
12427.0,0
12429.0,1
12431.0,0
12433.0,1
12435.0,0
12437.0,0
12439.0,0
12441.0,0
12443.0,1
12445.0,0
12447.0,1
12449.0,0
12451.0,0
12453.0,0
12455.0,0
12457.0,0
12459.0,0
12461.0,0
12463.0,0
12465.0,0
12467.0,0
12469.0,0
12471.0,2
12473.0,0
12475.0,0
12477.0,0
12479.0,0
12481.0,0
12483.0,0
12485.0,0
12487.0,0
12489.0,0
12491.0,1
12493.0,0
12495.0,0
12497.0,0
12499.0,1
12501.0,0
12503.0,0
12505.0,1
12507.0,0
12509.0,0
12511.0,0
12513.0,0
12515.0,1
12517.0,1
12519.0,1
12521.0,0
12523.0,0
12525.0,1
12527.0,1
12529.0,0
12531.0,0
12533.0,0
12535.0,0
12537.0,0
12539.0,0
12541.0,0
12543.0,0
12545.0,0
12547.0,0
12549.0,0
12551.0,1
12553.0,0
12555.0,0
12557.0,0
12559.0,0
12561.0,0
12563.0,0
12565.0,0
12567.0,0
12569.0,1
12571.0,3
12573.0,0
12575.0,0
12577.0,1
12579.0,0
12581.0,0
12583.0,0
12585.0,0
12587.0,1
12589.0,0
12591.0,0
12593.0,0
12595.0,0
12597.0,0
12599.0,0
12601.0,0
12603.0,0
12605.0,0
12607.0,0
12609.0,0
12611.0,0
12613.0,0
12615.0,0
12617.0,0
12619.0,1
12621.0,1
12623.0,0
12625.0,1
12627.0,0
12629.0,0
12631.0,0
12633.0,0
12635.0,0
12637.0,0
12639.0,0
12641.0,0
12643.0,0
12645.0,0
12647.0,0
12649.0,0
12651.0,0
12653.0,0
12655.0,0
12657.0,0
12659.0,0
12661.0,0
12663.0,0
12665.0,1
12667.0,0
12669.0,0
12671.0,0
12673.0,1
12675.0,0
12677.0,0
12679.0,0
12681.0,0
12683.0,2
12685.0,0
12687.0,0
12689.0,0
12691.0,0
12693.0,0
12695.0,1
12697.0,0
12699.0,0
12701.0,0
12703.0,1
12705.0,0
12707.0,2
12709.0,0
12711.0,0
12713.0,0
12715.0,0
12717.0,0
12719.0,0
12721.0,0
12723.0,0
12725.0,1
12727.0,0
12729.0,0
12731.0,1
12733.0,0
12735.0,0
12737.0,0
12739.0,0
12741.0,0
12743.0,1
12745.0,0
12747.0,0
12749.0,1
12751.0,0
12753.0,0
12755.0,1
12757.0,0
12759.0,0
12761.0,0
12763.0,1
12765.0,0
12767.0,1
12769.0,0
12771.0,1
12773.0,0
12775.0,0
12777.0,0
12779.0,1
12781.0,1
12783.0,0
12785.0,0
12787.0,0
12789.0,2
12791.0,1
12793.0,0
12795.0,0
12797.0,0
12799.0,0
12801.0,1
12803.0,0
12805.0,0
12807.0,2
12809.0,2
12811.0,0
12813.0,0
12815.0,1
12817.0,2
12819.0,0
12821.0,0
12823.0,0
12825.0,0
12827.0,0
12829.0,0
12831.0,1
12833.0,2
12835.0,0
12837.0,2
12839.0,0
12841.0,0
12843.0,0
12845.0,0
12847.0,2
12849.0,0
12851.0,1
12853.0,0
12855.0,1
12857.0,0
12859.0,1
12861.0,0
12863.0,1
12865.0,0
12867.0,1
12869.0,1
12871.0,0
12873.0,0
12875.0,0
12877.0,2
12879.0,0
12881.0,0
12883.0,1
12885.0,0
12887.0,0
12889.0,0
12891.0,0
12893.0,0
12895.0,0
12897.0,0
12899.0,0
12901.0,1
12903.0,1
12905.0,0
12907.0,0
12909.0,0
12911.0,1
12913.0,0
12915.0,1
12917.0,0
12919.0,0
12921.0,0
12923.0,1
12925.0,0
12927.0,1
12929.0,1
12931.0,0
12933.0,0
12935.0,0
12937.0,0
12939.0,0
12941.0,1
12943.0,1
12945.0,0
12947.0,0
12949.0,0
12951.0,0
12953.0,0
12955.0,0
12957.0,0
12959.0,0
12961.0,1
12963.0,1
12965.0,0
12967.0,0
12969.0,0
12971.0,0
12973.0,0
12975.0,0
12977.0,0
12979.0,2
12981.0,0
12983.0,0
12985.0,2
12987.0,0
12989.0,0
12991.0,1
12993.0,1
12995.0,0
12997.0,0
