Bin center (eV),Counts per 2 eV bin
801.0,16
803.0,23
805.0,15
807.0,12
809.0,23
811.0,28
813.0,34
815.0,42
817.0,39
819.0,41
821.0,55
823.0,38
825.0,51
827.0,53
829.0,83
831.0,113
833.0,135
835.0,191
837.0,249
839.0,291
841.0,262
843.0,251
845.0,247
847.0,292
849.0,343
851.0,404
853.0,376
855.0,235
857.0,164
859.0,104
861.0,79
863.0,93
865.0,66
867.0,56
869.0,37
871.0,30
873.0,36
875.0,37
877.0,41
879.0,26
881.0,34
883.0,38
885.0,41
887.0,47
889.0,51
891.0,52
893.0,39
895.0,41
897.0,68
899.0,103
901.0,167
903.0,227
905.0,249
907.0,217
909.0,127
911.0,97
913.0,139
915.0,216
917.0,302
919.0,319
921.0,377
923.0,260
925.0,229
927.0,213
929.0,244
931.0,241
933.0,206
935.0,130
937.0,105
939.0,104
941.0,85
943.0,75
945.0,67
947.0,63
949.0,59
951.0,56
953.0,50
955.0,46
957.0,40
959.0,42
961.0,38
963.0,37
965.0,33
967.0,32
969.0,39
971.0,45
973.0,41
975.0,40
977.0,25
979.0,40
981.0,35
983.0,22
985.0,29
987.0,23
989.0,17
991.0,33
993.0,22
995.0,33
997.0,25
999.0,27
1001.0,23
1003.0,26
1005.0,24
1007.0,23
1009.0,18
1011.0,21
1013.0,20
1015.0,18
1017.0,27
1019.0,28
1021.0,13
1023.0,18
1025.0,20
1027.0,46
1029.0,42
1031.0,37
1033.0,35
1035.0,27
1037.0,27
1039.0,19
1041.0,23
1043.0,14
1045.0,12
1047.0,25
1049.0,17
1051.0,18
1053.0,20
1055.0,32
1057.0,14
1059.0,11
1061.0,18
1063.0,20
1065.0,12
1067.0,8
1069.0,21
1071.0,20
1073.0,14
1075.0,29
1077.0,19
1079.0,20
1081.0,25
1083.0,11
1085.0,13
1087.0,14
1089.0,17
1091.0,18
1093.0,19
1095.0,11
1097.0,22
1099.0,22
1101.0,20
1103.0,19
1105.0,25
1107.0,30
1109.0,19
1111.0,29
1113.0,25
1115.0,29
1117.0,26
1119.0,33
1121.0,20
1123.0,23
1125.0,27
1127.0,22
1129.0,19
1131.0,19
1133.0,16
1135.0,17
1137.0,12
1139.0,15
1141.0,19
1143.0,22
1145.0,26
1147.0,23
1149.0,9
1151.0,13
1153.0,12
1155.0,5
1157.0,14
1159.0,18
1161.0,25
1163.0,32
1165.0,20
1167.0,21
1169.0,18
1171.0,23
1173.0,29
1175.0,21
1177.0,29
1179.0,17
1181.0,22
1183.0,17
1185.0,23
1187.0,15
1189.0,14
1191.0,22
1193.0,26
1195.0,19
1197.0,22
1199.0,24
1201.0,25
1203.0,21
1205.0,25
1207.0,31
1209.0,23
1211.0,17
1213.0,16
1215.0,21
1217.0,15
1219.0,19
1221.0,18
1223.0,25
1225.0,16
1227.0,15
1229.0,25
1231.0,24
1233.0,15
1235.0,18
1237.0,19
1239.0,17
1241.0,19
1243.0,17
1245.0,29
1247.0,16
1249.0,15
1251.0,15
1253.0,17
1255.0,9
1257.0,20
1259.0,21
1261.0,12
1263.0,17
1265.0,30
1267.0,8
1269.0,15
1271.0,25
1273.0,12
1275.0,18
1277.0,20
1279.0,20
1281.0,21
1283.0,15
1285.0,14
1287.0,14
1289.0,26
1291.0,12
1293.0,17
1295.0,23
1297.0,16
1299.0,24
1301.0,15
1303.0,12
1305.0,17
1307.0,11
1309.0,27
1311.0,12
1313.0,16
1315.0,19
1317.0,15
1319.0,13
1321.0,9
1323.0,21
1325.0,26
1327.0,12
1329.0,20
1331.0,18
1333.0,13
1335.0,17
1337.0,24
1339.0,18
1341.0,17
1343.0,18
1345.0,23
1347.0,12
1349.0,21
1351.0,28
1353.0,12
1355.0,13
1357.0,22
1359.0,24
1361.0,17
1363.0,15
1365.0,12
1367.0,11
1369.0,12
1371.0,13
1373.0,11
1375.0,20
1377.0,17
1379.0,22
1381.0,20
1383.0,13
1385.0,30
1387.0,23
1389.0,20
1391.0,20
1393.0,25
1395.0,15
1397.0,13
1399.0,15
1401.0,23
1403.0,27
1405.0,25
1407.0,16
1409.0,16
1411.0,15
1413.0,12
1415.0,25
1417.0,22
1419.0,22
1421.0,19
1423.0,17
1425.0,15
1427.0,23
1429.0,17
1431.0,21
1433.0,17
1435.0,27
1437.0,23
1439.0,18
1441.0,19
1443.0,25
1445.0,20
1447.0,34
1449.0,27
1451.0,23
1453.0,33
1455.0,32
1457.0,31
1459.0,30
1461.0,22
1463.0,38
1465.0,25
1467.0,37
1469.0,39
1471.0,33
1473.0,41
1475.0,31
1477.0,40
1479.0,35
1481.0,47
1483.0,30
1485.0,38
1487.0,36
1489.0,38
1491.0,33
1493.0,36
1495.0,39
1497.0,32
1499.0,42
1501.0,35
1503.0,38
1505.0,30
1507.0,37
1509.0,41
1511.0,24
1513.0,29
1515.0,35
1517.0,38
1519.0,43
1521.0,21
1523.0,27
1525.0,42
1527.0,42
1529.0,41
1531.0,47
1533.0,53
1535.0,44
1537.0,47
1539.0,44
1541.0,40
1543.0,44
1545.0,50
1547.0,46
1549.0,55
1551.0,46
1553.0,58
1555.0,71
1557.0,82
1559.0,77
1561.0,67
1563.0,57
1565.0,65
1567.0,78
1569.0,51
1571.0,69
1573.0,72
1575.0,52
1577.0,54
1579.0,56
1581.0,53
1583.0,60
1585.0,42
1587.0,51
1589.0,31
1591.0,31
1593.0,26
1595.0,32
1597.0,20
1599.0,23
1601.0,20
1603.0,15
1605.0,20
1607.0,20
1609.0,25
1611.0,19
1613.0,19
1615.0,21
1617.0,21
1619.0,21
1621.0,25
1623.0,20
1625.0,30
1627.0,29
1629.0,42
1631.0,47
1633.0,37
1635.0,40
1637.0,46
1639.0,36
1641.0,47
1643.0,42
1645.0,40
1647.0,42
1649.0,30
1651.0,37
1653.0,20
1655.0,23
1657.0,25
1659.0,28
1661.0,34
1663.0,35
1665.0,38
1667.0,33
1669.0,42
1671.0,40
1673.0,29
1675.0,42
1677.0,29
1679.0,42
1681.0,59
1683.0,24
1685.0,53
1687.0,36
1689.0,34
1691.0,32
1693.0,32
1695.0,49
1697.0,42
1699.0,31
1701.0,40
1703.0,37
1705.0,35
1707.0,38
1709.0,36
1711.0,28
1713.0,32
1715.0,35
1717.0,24
1719.0,35
1721.0,35
1723.0,44
1725.0,65
1727.0,55
1729.0,51
1731.0,63
1733.0,70
1735.0,89
1737.0,96
1739.0,96
1741.0,84
1743.0,98
1745.0,113
1747.0,105
1749.0,121
1751.0,124
1753.0,125
1755.0,113
1757.0,130
1759.0,106
1761.0,109
1763.0,89
1765.0,85
1767.0,55
1769.0,57
1771.0,49
1773.0,47
1775.0,59
1777.0,52
1779.0,46
1781.0,65
1783.0,53
1785.0,46
1787.0,49
1789.0,41
1791.0,38
1793.0,40
1795.0,43
1797.0,24
1799.0,23
1801.0,41
1803.0,25
1805.0,33
1807.0,25
1809.0,29
1811.0,36
1813.0,47
1815.0,48
1817.0,39
1819.0,35
1821.0,52
1823.0,42
1825.0,44
1827.0,46
1829.0,47
1831.0,52
1833.0,44
1835.0,38
1837.0,33
1839.0,42
1841.0,36
1843.0,32
1845.0,37
1847.0,39
1849.0,66
1851.0,54
1853.0,51
1855.0,58
1857.0,57
1859.0,46
1861.0,47
1863.0,33
1865.0,29
1867.0,30
1869.0,35
1871.0,23
1873.0,28
1875.0,22
1877.0,28
1879.0,25
1881.0,24
1883.0,26
1885.0,34
1887.0,37
1889.0,29
1891.0,41
1893.0,36
1895.0,52
1897.0,33
1899.0,52
1901.0,40
1903.0,50
1905.0,53
1907.0,28
1909.0,46
1911.0,38
1913.0,45
1915.0,48
1917.0,42
1919.0,49
1921.0,58
1923.0,65
1925.0,86
1927.0,72
1929.0,77
1931.0,80
1933.0,84
1935.0,80
1937.0,61
1939.0,64
1941.0,52
1943.0,58
1945.0,40
1947.0,43
1949.0,33
1951.0,23
1953.0,24
1955.0,25
1957.0,24
1959.0,29
1961.0,28
1963.0,34
1965.0,29
1967.0,41
1969.0,50
1971.0,53
1973.0,52
1975.0,65
1977.0,84
1979.0,79
1981.0,117
1983.0,92
1985.0,77
1987.0,82
1989.0,77
1991.0,69
1993.0,43
1995.0,37
1997.0,33
1999.0,13
2001.0,24
2003.0,11
2005.0,21
2007.0,22
2009.0,24
2011.0,17
2013.0,17
2015.0,14
2017.0,19
2019.0,17
2021.0,13
2023.0,15
2025.0,18
2027.0,17
2029.0,19
2031.0,12
2033.0,15
2035.0,14
2037.0,14
2039.0,25
2041.0,28
2043.0,34
2045.0,29
2047.0,50
2049.0,55
2051.0,56
2053.0,59
2055.0,58
2057.0,64
2059.0,63
2061.0,60
2063.0,50
2065.0,76
2067.0,58
2069.0,79
2071.0,86
2073.0,87
2075.0,67
2077.0,55
2079.0,64
2081.0,68
2083.0,78
2085.0,61
2087.0,47
2089.0,34
2091.0,41
2093.0,35
2095.0,32
2097.0,24
2099.0,32
2101.0,28
2103.0,20
2105.0,32
2107.0,47
2109.0,48
2111.0,32
2113.0,28
2115.0,21
2117.0,22
2119.0,27
2121.0,19
2123.0,24
2125.0,30
2127.0,35
2129.0,46
2131.0,69
2133.0,61
2135.0,61
2137.0,65
2139.0,67
2141.0,52
2143.0,52
2145.0,59
2147.0,47
2149.0,27
2151.0,29
2153.0,31
2155.0,27
2157.0,26
2159.0,24
2161.0,35
2163.0,24
2165.0,20
2167.0,17
2169.0,22
2171.0,29
2173.0,29
2175.0,59
2177.0,59
2179.0,65
2181.0,59
2183.0,90
2185.0,98
2187.0,91
2189.0,99
2191.0,104
2193.0,90
2195.0,118
2197.0,108
2199.0,109
2201.0,106
2203.0,100
2205.0,105
2207.0,88
2209.0,65
2211.0,58
2213.0,48
2215.0,45
2217.0,54
2219.0,56
2221.0,77
2223.0,82
2225.0,110
2227.0,113
2229.0,120
2231.0,85
2233.0,64
2235.0,57
2237.0,59
2239.0,50
2241.0,54
2243.0,50
2245.0,36
2247.0,44
2249.0,47
2251.0,37
2253.0,54
2255.0,47
2257.0,50
2259.0,61
2261.0,73
2263.0,77
2265.0,97
2267.0,88
2269.0,102
2271.0,75
2273.0,86
2275.0,93
2277.0,81
2279.0,71
2281.0,57
2283.0,67
2285.0,59
2287.0,48
2289.0,50
2291.0,46
2293.0,51
2295.0,46
2297.0,42
2299.0,40
2301.0,37
2303.0,28
2305.0,30
2307.0,33
2309.0,56
2311.0,41
2313.0,27
2315.0,26
2317.0,41
2319.0,36
2321.0,47
2323.0,38
2325.0,41
2327.0,30
2329.0,23
2331.0,35
2333.0,32
2335.0,48
2337.0,51
2339.0,59
2341.0,69
2343.0,83
2345.0,100
2347.0,99
2349.0,72
2351.0,76
2353.0,62
2355.0,62
2357.0,45
2359.0,57
2361.0,41
2363.0,36
2365.0,41
2367.0,32
2369.0,32
2371.0,57
2373.0,49
2375.0,46
2377.0,52
2379.0,59
2381.0,55
2383.0,62
2385.0,61
2387.0,68
2389.0,60
2391.0,44
2393.0,55
2395.0,40
2397.0,36
2399.0,39
2401.0,26
2403.0,49
2405.0,27
2407.0,36
2409.0,45
2411.0,38
2413.0,42
2415.0,45
2417.0,41
2419.0,38
2421.0,39
2423.0,31
2425.0,37
2427.0,26
2429.0,44
2431.0,37
2433.0,35
2435.0,38
2437.0,58
2439.0,45
2441.0,44
2443.0,40
2445.0,41
2447.0,42
2449.0,33
2451.0,34
2453.0,42
2455.0,35
2457.0,44
2459.0,56
2461.0,59
2463.0,51
2465.0,45
2467.0,38
2469.0,31
2471.0,39
2473.0,35
2475.0,39
2477.0,28
2479.0,35
2481.0,34
2483.0,35
2485.0,36
2487.0,40
2489.0,42
2491.0,57
2493.0,38
2495.0,46
2497.0,36
2499.0,35
2501.0,35
2503.0,36
2505.0,21
2507.0,22
2509.0,23
2511.0,29
2513.0,21
2515.0,26
2517.0,35
2519.0,33
2521.0,44
2523.0,40
2525.0,48
2527.0,58
2529.0,47
2531.0,67
2533.0,61
2535.0,56
2537.0,73
2539.0,65
2541.0,53
2543.0,49
2545.0,58
2547.0,56
2549.0,39
2551.0,42
2553.0,32
2555.0,29
2557.0,32
2559.0,30
2561.0,28
2563.0,30
2565.0,24
2567.0,24
2569.0,29
2571.0,21
2573.0,26
2575.0,27
2577.0,40
2579.0,34
2581.0,38
2583.0,36
2585.0,36
2587.0,38
2589.0,42
2591.0,50
2593.0,44
2595.0,49
2597.0,47
2599.0,25
2601.0,24
2603.0,44
2605.0,45
2607.0,35
2609.0,34
2611.0,29
2613.0,46
2615.0,60
2617.0,44
2619.0,47
2621.0,63
2623.0,52
2625.0,46
2627.0,62
2629.0,39
2631.0,51
2633.0,43
2635.0,47
2637.0,44
2639.0,40
2641.0,36
2643.0,31
2645.0,33
2647.0,31
2649.0,38
2651.0,27
2653.0,33
2655.0,43
2657.0,41
2659.0,31
2661.0,35
2663.0,25
2665.0,22
2667.0,28
2669.0,33
2671.0,36
2673.0,42
2675.0,50
2677.0,35
2679.0,23
2681.0,37
2683.0,35
2685.0,24
2687.0,24
2689.0,23
2691.0,18
2693.0,20
2695.0,25
2697.0,26
2699.0,18
2701.0,22
2703.0,32
2705.0,21
2707.0,31
2709.0,44
2711.0,32
2713.0,41
2715.0,36
2717.0,35
2719.0,38
2721.0,47
2723.0,22
2725.0,40
2727.0,30
2729.0,33
2731.0,32
2733.0,24
2735.0,27
2737.0,25
2739.0,30
2741.0,26
2743.0,24
2745.0,21
2747.0,41
2749.0,35
2751.0,32
2753.0,47
2755.0,32
2757.0,34
2759.0,32
2761.0,30
2763.0,33
2765.0,39
2767.0,42
2769.0,38
2771.0,38
2773.0,35
2775.0,44
2777.0,33
2779.0,19
2781.0,28
2783.0,39
2785.0,36
2787.0,50
2789.0,43
2791.0,40
2793.0,40
2795.0,36
2797.0,40
2799.0,39
2801.0,34
2803.0,22
2805.0,27
2807.0,33
2809.0,32
2811.0,30
2813.0,21
2815.0,26
2817.0,33
2819.0,21
2821.0,34
2823.0,28
2825.0,24
2827.0,27
2829.0,35
2831.0,32
2833.0,53
2835.0,55
2837.0,56
2839.0,35
2841.0,57
2843.0,38
2845.0,34
2847.0,30
2849.0,31
2851.0,42
2853.0,40
2855.0,47
2857.0,42
2859.0,23
2861.0,20
2863.0,27
2865.0,18
2867.0,13
2869.0,22
2871.0,18
2873.0,21
2875.0,31
2877.0,37
2879.0,53
2881.0,53
2883.0,55
2885.0,39
2887.0,47
2889.0,50
2891.0,45
2893.0,34
2895.0,32
2897.0,29
2899.0,41
2901.0,41
2903.0,41
2905.0,46
2907.0,45
2909.0,45
2911.0,27
2913.0,29
2915.0,24
2917.0,25
2919.0,32
2921.0,32
2923.0,43
2925.0,39
2927.0,39
2929.0,45
2931.0,43
2933.0,32
2935.0,42
2937.0,44
2939.0,58
2941.0,52
2943.0,55
2945.0,49
2947.0,64
2949.0,42
2951.0,46
2953.0,55
2955.0,51
2957.0,78
2959.0,82
2961.0,71
2963.0,67
2965.0,56
2967.0,58
2969.0,34
2971.0,35
2973.0,35
2975.0,39
2977.0,32
2979.0,31
2981.0,45
2983.0,36
2985.0,31
2987.0,34
2989.0,39
2991.0,30
2993.0,41
2995.0,46
2997.0,55
2999.0,57
3001.0,45
3003.0,38
3005.0,41
3007.0,50
3009.0,47
3011.0,59
3013.0,62
3015.0,70
3017.0,40
3019.0,45
3021.0,41
3023.0,31
3025.0,24
3027.0,31
3029.0,21
3031.0,24
3033.0,34
3035.0,38
3037.0,36
3039.0,36
3041.0,41
3043.0,44
3045.0,40
3047.0,53
3049.0,37
3051.0,37
3053.0,39
3055.0,43
3057.0,29
3059.0,44
3061.0,53
3063.0,51
3065.0,43
3067.0,41
3069.0,47
3071.0,43
3073.0,33
3075.0,30
3077.0,27
3079.0,24
3081.0,27
3083.0,25
3085.0,31
3087.0,29
3089.0,41
3091.0,32
3093.0,34
3095.0,42
3097.0,26
3099.0,43
3101.0,42
3103.0,58
3105.0,39
3107.0,40
3109.0,52
3111.0,29
3113.0,38
3115.0,50
3117.0,43
3119.0,45
3121.0,50
3123.0,37
3125.0,39
3127.0,41
3129.0,29
3131.0,20
3133.0,20
3135.0,20
3137.0,25
3139.0,31
3141.0,33
3143.0,36
3145.0,35
3147.0,39
3149.0,44
3151.0,46
3153.0,38
3155.0,41
3157.0,36
3159.0,37
3161.0,36
3163.0,30
3165.0,43
3167.0,32
3169.0,27
3171.0,31
3173.0,40
3175.0,56
3177.0,61
3179.0,46
3181.0,57
3183.0,39
3185.0,33
3187.0,29
3189.0,19
3191.0,27
3193.0,26
3195.0,35
3197.0,34
3199.0,36
3201.0,31
3203.0,21
3205.0,28
3207.0,29
3209.0,32
3211.0,24
3213.0,39
3215.0,43
3217.0,36
3219.0,34
3221.0,38
3223.0,52
3225.0,48
3227.0,51
3229.0,31
3231.0,47
3233.0,53
3235.0,36
3237.0,31
3239.0,22
3241.0,25
3243.0,29
3245.0,31
3247.0,31
3249.0,20
3251.0,19
3253.0,31
3255.0,29
3257.0,17
3259.0,27
3261.0,35
3263.0,28
3265.0,38
3267.0,36
3269.0,49
3271.0,31
3273.0,32
3275.0,45
3277.0,50
3279.0,41
3281.0,64
3283.0,42
3285.0,48
3287.0,43
3289.0,21
3291.0,20
3293.0,33
3295.0,35
3297.0,23
3299.0,30
3301.0,30
3303.0,33
3305.0,29
3307.0,40
3309.0,28
3311.0,33
3313.0,25
3315.0,17
3317.0,23
3319.0,48
3321.0,31
3323.0,33
3325.0,32
3327.0,45
3329.0,46
3331.0,57
3333.0,59
3335.0,58
3337.0,67
3339.0,48
3341.0,63
3343.0,44
3345.0,29
3347.0,30
3349.0,30
3351.0,31
3353.0,17
3355.0,21
3357.0,26
3359.0,28
3361.0,24
3363.0,30
3365.0,32
3367.0,23
3369.0,37
3371.0,50
3373.0,41
3375.0,33
3377.0,34
3379.0,32
3381.0,32
3383.0,44
3385.0,37
3387.0,46
3389.0,40
3391.0,52
3393.0,48
3395.0,44
3397.0,37
3399.0,34
3401.0,32
3403.0,33
3405.0,41
3407.0,34
3409.0,31
3411.0,25
3413.0,32
3415.0,55
3417.0,59
3419.0,39
3421.0,44
3423.0,23
3425.0,35
3427.0,28
3429.0,20
3431.0,28
3433.0,26
3435.0,45
3437.0,46
3439.0,36
3441.0,45
3443.0,32
3445.0,23
3447.0,21
3449.0,20
3451.0,20
3453.0,24
3455.0,31
3457.0,28
3459.0,32
3461.0,40
3463.0,28
3465.0,36
3467.0,36
3469.0,41
3471.0,45
3473.0,39
3475.0,41
3477.0,28
3479.0,24
3481.0,33
3483.0,27
3485.0,25
3487.0,22
3489.0,21
3491.0,26
3493.0,34
3495.0,23
3497.0,26
3499.0,24
3501.0,26
3503.0,35
3505.0,33
3507.0,24
3509.0,29
3511.0,21
3513.0,16
3515.0,30
3517.0,23
3519.0,27
3521.0,22
3523.0,19
3525.0,27
3527.0,18
3529.0,25
3531.0,31
3533.0,25
3535.0,18
3537.0,21
3539.0,21
3541.0,38
3543.0,18
3545.0,18
3547.0,18
3549.0,21
3551.0,24
3553.0,23
3555.0,20
3557.0,30
3559.0,21
3561.0,24
3563.0,26
3565.0,36
3567.0,40
3569.0,41
3571.0,32
3573.0,25
3575.0,28
3577.0,31
3579.0,31
3581.0,29
3583.0,38
3585.0,33
3587.0,40
3589.0,31
3591.0,35
3593.0,20
3595.0,23
3597.0,15
3599.0,8
3601.0,22
3603.0,14
3605.0,12
3607.0,11
3609.0,18
3611.0,25
3613.0,26
3615.0,39
3617.0,54
3619.0,60
3621.0,63
3623.0,56
3625.0,37
3627.0,42
3629.0,33
3631.0,28
3633.0,22
3635.0,19
3637.0,14
3639.0,19
3641.0,12
3643.0,18
3645.0,14
3647.0,12
3649.0,12
3651.0,15
3653.0,14
3655.0,14
3657.0,11
3659.0,15
3661.0,23
3663.0,29
3665.0,34
3667.0,39
3669.0,53
3671.0,39
3673.0,33
3675.0,25
3677.0,17
3679.0,14
3681.0,23
3683.0,24
3685.0,24
3687.0,22
3689.0,16
3691.0,13
3693.0,19
3695.0,21
3697.0,15
3699.0,18
3701.0,23
3703.0,13
3705.0,19
3707.0,33
3709.0,47
3711.0,39
3713.0,41
3715.0,30
3717.0,24
3719.0,12
3721.0,14
3723.0,16
3725.0,7
3727.0,11
3729.0,16
3731.0,19
3733.0,14
3735.0,22
3737.0,16
3739.0,17
3741.0,18
3743.0,23
3745.0,25
3747.0,25
3749.0,20
3751.0,12
3753.0,20
3755.0,20
3757.0,24
3759.0,27
3761.0,18
3763.0,21
3765.0,18
3767.0,20
3769.0,17
3771.0,16
3773.0,17
3775.0,11
3777.0,12
3779.0,12
3781.0,10
3783.0,16
3785.0,37
3787.0,22
3789.0,20
3791.0,27
3793.0,10
3795.0,19
3797.0,21
3799.0,31
3801.0,28
3803.0,45
3805.0,29
3807.0,14
3809.0,12
3811.0,15
3813.0,17
3815.0,11
3817.0,8
3819.0,12
3821.0,10
3823.0,6
3825.0,16
3827.0,17
3829.0,14
3831.0,15
3833.0,17
3835.0,17
3837.0,14
3839.0,27
3841.0,21
3843.0,14
3845.0,18
3847.0,15
3849.0,19
3851.0,17
3853.0,12
3855.0,10
3857.0,10
3859.0,9
3861.0,17
3863.0,11
3865.0,13
3867.0,10
3869.0,11
3871.0,10
3873.0,9
3875.0,26
3877.0,16
3879.0,11
3881.0,14
3883.0,6
3885.0,13
3887.0,12
3889.0,7
3891.0,14
3893.0,12
3895.0,19
3897.0,24
3899.0,29
3901.0,34
3903.0,20
3905.0,8
3907.0,8
3909.0,9
3911.0,5
3913.0,8
3915.0,19
3917.0,13
3919.0,15
3921.0,7
3923.0,10
3925.0,11
3927.0,13
3929.0,5
3931.0,15
3933.0,10
3935.0,8
3937.0,13
3939.0,9
3941.0,12
3943.0,12
3945.0,11
3947.0,12
3949.0,6
3951.0,9
3953.0,9
3955.0,12
3957.0,21
3959.0,25
3961.0,31
3963.0,36
3965.0,14
3967.0,12
3969.0,6
3971.0,6
3973.0,3
3975.0,20
3977.0,8
3979.0,7
3981.0,17
3983.0,8
3985.0,3
3987.0,3
3989.0,3
3991.0,6
3993.0,1
3995.0,2
3997.0,6
3999.0,8
4001.0,9
4003.0,4
4005.0,9
4007.0,7
4009.0,10
4011.0,7
4013.0,13
4015.0,3
4017.0,4
4019.0,4
4021.0,6
4023.0,11
4025.0,12
4027.0,10
4029.0,7
4031.0,12
4033.0,8
4035.0,13
4037.0,8
4039.0,8
4041.0,10
4043.0,12
4045.0,11
4047.0,10
4049.0,4
4051.0,7
4053.0,4
4055.0,7
4057.0,2
4059.0,4
4061.0,6
4063.0,6
4065.0,6
4067.0,14
4069.0,6
4071.0,2
4073.0,2
4075.0,5
4077.0,8
4079.0,7
4081.0,14
4083.0,17
4085.0,13
4087.0,8
4089.0,6
4091.0,3
4093.0,8
4095.0,7
4097.0,4
4099.0,5
4101.0,8
4103.0,10
4105.0,7
4107.0,7
4109.0,10
4111.0,4
4113.0,8
4115.0,17
4117.0,5
4119.0,16
4121.0,23
4123.0,8
4125.0,6
4127.0,11
4129.0,8
4131.0,7
4133.0,7
4135.0,15
4137.0,12
4139.0,9
4141.0,7
4143.0,7
4145.0,8
4147.0,5
4149.0,6
4151.0,7
4153.0,2
4155.0,2
4157.0,14
4159.0,13
4161.0,3
4163.0,6
4165.0,5
4167.0,10
4169.0,2
4171.0,6
4173.0,5
4175.0,5
4177.0,9
4179.0,6
4181.0,8
4183.0,3
4185.0,5
4187.0,7
4189.0,4
4191.0,4
4193.0,6
4195.0,14
4197.0,5
4199.0,15
4201.0,17
4203.0,17
4205.0,9
4207.0,10
4209.0,13
4211.0,6
4213.0,8
4215.0,8
4217.0,11
4219.0,8
4221.0,9
4223.0,10
4225.0,6
4227.0,9
4229.0,7
4231.0,6
4233.0,12
4235.0,6
4237.0,4
4239.0,7
4241.0,5
4243.0,3
4245.0,3
4247.0,5
4249.0,4
4251.0,5
4253.0,6
4255.0,16
4257.0,17
4259.0,13
4261.0,2
4263.0,4
4265.0,7
4267.0,4
4269.0,10
4271.0,12
4273.0,10
4275.0,16
4277.0,12
4279.0,7
4281.0,7
4283.0,11
4285.0,13
4287.0,9
4289.0,4
4291.0,11
4293.0,10
4295.0,7
4297.0,17
4299.0,20
4301.0,8
4303.0,9
4305.0,4
4307.0,5
4309.0,7
4311.0,6
4313.0,11
4315.0,6
4317.0,11
4319.0,12
4321.0,11
4323.0,18
4325.0,13
4327.0,2
4329.0,5
4331.0,6
4333.0,3
4335.0,5
4337.0,8
4339.0,14
4341.0,21
4343.0,32
4345.0,26
4347.0,12
4349.0,8
4351.0,3
4353.0,8
4355.0,8
4357.0,6
4359.0,8
4361.0,5
4363.0,6
4365.0,10
4367.0,11
4369.0,8
4371.0,8
4373.0,12
4375.0,7
4377.0,9
4379.0,2
4381.0,2
4383.0,7
4385.0,12
4387.0,17
4389.0,9
4391.0,12
4393.0,16
4395.0,11
4397.0,13
4399.0,8
4401.0,4
4403.0,2
4405.0,3
4407.0,17
4409.0,16
4411.0,27
4413.0,27
4415.0,15
4417.0,6
4419.0,12
4421.0,7
4423.0,8
4425.0,12
4427.0,4
4429.0,11
4431.0,8
4433.0,9
4435.0,4
4437.0,5
4439.0,5
4441.0,3
4443.0,3
4445.0,7
4447.0,2
4449.0,4
4451.0,5
4453.0,3
4455.0,8
4457.0,12
4459.0,9
4461.0,9
4463.0,8
4465.0,14
4467.0,16
4469.0,18
4471.0,24
4473.0,12
4475.0,9
4477.0,12
4479.0,2
4481.0,7
4483.0,6
4485.0,10
4487.0,6
4489.0,9
4491.0,6
4493.0,5
4495.0,13
4497.0,15
4499.0,18
4501.0,11
4503.0,19
4505.0,17
4507.0,19
4509.0,8
4511.0,9
4513.0,8
4515.0,16
4517.0,13
4519.0,15
4521.0,13
4523.0,9
4525.0,5
4527.0,9
4529.0,3
4531.0,7
4533.0,4
4535.0,5
4537.0,7
4539.0,4
4541.0,4
4543.0,18
4545.0,20
4547.0,24
4549.0,13
4551.0,16
4553.0,10
4555.0,9
4557.0,7
4559.0,10
4561.0,15
4563.0,15
4565.0,11
4567.0,14
4569.0,7
4571.0,9
4573.0,1
4575.0,4
4577.0,3
4579.0,4
4581.0,8
4583.0,5
4585.0,10
4587.0,9
4589.0,12
4591.0,9
4593.0,6
4595.0,5
4597.0,4
4599.0,8
4601.0,11
4603.0,11
4605.0,23
4607.0,32
4609.0,31
4611.0,11
4613.0,14
4615.0,3
4617.0,4
4619.0,2
4621.0,5
4623.0,2
4625.0,4
4627.0,4
4629.0,3
4631.0,8
4633.0,7
4635.0,5
4637.0,5
4639.0,6
4641.0,4
4643.0,2
4645.0,7
4647.0,5
4649.0,7
4651.0,10
4653.0,18
4655.0,31
4657.0,25
4659.0,13
4661.0,9
4663.0,5
4665.0,2
4667.0,3
4669.0,5
4671.0,4
4673.0,3
4675.0,8
4677.0,6
4679.0,3
4681.0,6
4683.0,7
4685.0,3
4687.0,5
4689.0,5
4691.0,11
4693.0,2
4695.0,3
4697.0,3
4699.0,2
4701.0,4
4703.0,4
4705.0,6
4707.0,11
4709.0,10
4711.0,5
4713.0,8
4715.0,6
4717.0,4
4719.0,6
4721.0,3
4723.0,3
4725.0,4
4727.0,3
4729.0,2
4731.0,7
4733.0,5
4735.0,7
4737.0,7
4739.0,7
4741.0,9
4743.0,4
4745.0,1
4747.0,3
4749.0,3
4751.0,2
4753.0,3
4755.0,13
4757.0,8
4759.0,9
4761.0,3
4763.0,9
4765.0,4
4767.0,12
4769.0,4
4771.0,5
4773.0,4
4775.0,10
4777.0,6
4779.0,1
4781.0,8
4783.0,2
4785.0,2
4787.0,7
4789.0,2
4791.0,4
4793.0,11
4795.0,6
4797.0,5
4799.0,1
4801.0,5
4803.0,5
4805.0,3
4807.0,2
4809.0,3
4811.0,2
4813.0,5
4815.0,7
4817.0,3
4819.0,8
4821.0,7
4823.0,7
4825.0,2
4827.0,2
4829.0,5
4831.0,6
4833.0,5
4835.0,4
4837.0,5
4839.0,1
4841.0,5
4843.0,4
4845.0,4
4847.0,8
4849.0,6
4851.0,9
4853.0,9
4855.0,7
4857.0,5
4859.0,4
4861.0,4
4863.0,2
4865.0,3
4867.0,2
4869.0,3
4871.0,3
4873.0,4
4875.0,4
4877.0,8
4879.0,3
4881.0,4
4883.0,1
4885.0,2
4887.0,2
4889.0,0
4891.0,1
4893.0,6
4895.0,4
4897.0,1
4899.0,3
4901.0,6
4903.0,2
4905.0,3
4907.0,3
4909.0,6
4911.0,5
4913.0,8
4915.0,3
4917.0,7
4919.0,10
4921.0,5
4923.0,5
4925.0,6
4927.0,4
4929.0,6
4931.0,4
4933.0,3
4935.0,8
4937.0,14
4939.0,13
4941.0,10
4943.0,2
4945.0,3
4947.0,6
4949.0,4
4951.0,3
4953.0,3
4955.0,2
4957.0,4
4959.0,0
4961.0,8
4963.0,7
4965.0,0
4967.0,3
4969.0,5
4971.0,3
4973.0,1
4975.0,2
4977.0,1
4979.0,3
4981.0,6
4983.0,0
4985.0,3
4987.0,3
4989.0,3
4991.0,4
4993.0,5
4995.0,1
4997.0,3
4999.0,5
5001.0,2
5003.0,5
5005.0,8
5007.0,3
5009.0,3
5011.0,4
5013.0,5
5015.0,5
5017.0,6
5019.0,5
5021.0,6
5023.0,4
5025.0,12
5027.0,2
5029.0,7
5031.0,3
5033.0,3
5035.0,4
5037.0,3
5039.0,6
5041.0,13
5043.0,5
5045.0,5
5047.0,1
5049.0,6
5051.0,6
5053.0,6
5055.0,3
5057.0,4
5059.0,7
5061.0,5
5063.0,7
5065.0,3
5067.0,9
5069.0,0
5071.0,4
5073.0,3
5075.0,8
5077.0,6
5079.0,5
5081.0,1
5083.0,5
5085.0,2
5087.0,2
5089.0,5
5091.0,2
5093.0,3
5095.0,3
5097.0,4
5099.0,2
5101.0,4
5103.0,2
5105.0,4
5107.0,4
5109.0,7
5111.0,11
5113.0,4
5115.0,7
5117.0,4
5119.0,7
5121.0,3
5123.0,4
5125.0,7
5127.0,10
5129.0,6
5131.0,3
5133.0,4
5135.0,4
5137.0,3
5139.0,2
5141.0,9
5143.0,8
5145.0,6
5147.0,4
5149.0,2
5151.0,0
5153.0,7
5155.0,3
5157.0,3
5159.0,9
5161.0,1
5163.0,5
5165.0,3
5167.0,5
5169.0,8
5171.0,6
5173.0,8
5175.0,7
5177.0,3
5179.0,1
5181.0,4
5183.0,4
5185.0,3
5187.0,5
5189.0,6
5191.0,7
5193.0,4
5195.0,3
5197.0,1
5199.0,3
5201.0,3
5203.0,1
5205.0,3
5207.0,4
5209.0,4
5211.0,4
5213.0,4
5215.0,4
5217.0,4
5219.0,4
5221.0,4
5223.0,12
5225.0,2
5227.0,8
5229.0,2
5231.0,5
5233.0,2
5235.0,4
5237.0,5
5239.0,9
5241.0,7
5243.0,4
5245.0,6
5247.0,2
5249.0,9
5251.0,7
5253.0,5
5255.0,9
5257.0,10
5259.0,9
5261.0,8
5263.0,3
5265.0,6
5267.0,5
5269.0,9
5271.0,8
5273.0,4
5275.0,7
5277.0,7
5279.0,4
5281.0,1
5283.0,5
5285.0,5
5287.0,2
5289.0,6
5291.0,2
5293.0,6
5295.0,6
5297.0,2
5299.0,2
5301.0,4
5303.0,6
5305.0,10
5307.0,10
5309.0,7
5311.0,3
5313.0,7
5315.0,3
5317.0,4
5319.0,6
5321.0,5
5323.0,4
5325.0,10
5327.0,5
5329.0,5
5331.0,0
5333.0,2
5335.0,5
5337.0,3
5339.0,1
5341.0,7
5343.0,2
5345.0,6
5347.0,2
5349.0,6
5351.0,9
5353.0,9
5355.0,8
5357.0,4
5359.0,3
5361.0,1
5363.0,1
5365.0,3
5367.0,5
5369.0,5
5371.0,7
5373.0,3
5375.0,3
5377.0,5
5379.0,3
5381.0,3
5383.0,2
5385.0,5
5387.0,3
5389.0,1
5391.0,5
5393.0,3
5395.0,5
5397.0,4
5399.0,11
5401.0,5
5403.0,5
5405.0,6
5407.0,11
5409.0,4
5411.0,5
5413.0,0
5415.0,5
5417.0,3
5419.0,3
5421.0,8
5423.0,5
5425.0,6
5427.0,3
5429.0,1
5431.0,3
5433.0,2
5435.0,2
5437.0,5
5439.0,5
5441.0,2
5443.0,4
5445.0,6
5447.0,5
5449.0,3
5451.0,3
5453.0,2
5455.0,1
5457.0,2
5459.0,4
5461.0,3
5463.0,2
5465.0,4
5467.0,3
5469.0,3
5471.0,2
5473.0,1
5475.0,2
5477.0,5
5479.0,6
5481.0,2
5483.0,7
5485.0,5
5487.0,2
5489.0,5
5491.0,1
5493.0,3
5495.0,4
5497.0,3
5499.0,4
5501.0,6
5503.0,4
5505.0,6
5507.0,1
5509.0,4
5511.0,8
5513.0,2
5515.0,5
5517.0,4
5519.0,6
5521.0,2
5523.0,4
5525.0,7
5527.0,4
5529.0,4
5531.0,3
5533.0,1
5535.0,3
5537.0,2
5539.0,5
5541.0,1
5543.0,2
5545.0,3
5547.0,4
5549.0,6
5551.0,4
5553.0,3
5555.0,5
5557.0,7
5559.0,5
5561.0,4
5563.0,3
5565.0,1
5567.0,6
5569.0,1
5571.0,5
5573.0,3
5575.0,2
5577.0,3
5579.0,3
5581.0,1
5583.0,1
5585.0,0
5587.0,0
5589.0,3
5591.0,6
5593.0,7
5595.0,2
5597.0,4
5599.0,0
5601.0,3
5603.0,3
5605.0,1
5607.0,0
5609.0,2
5611.0,5
5613.0,2
5615.0,4
5617.0,1
5619.0,2
5621.0,2
5623.0,4
5625.0,4
5627.0,1
5629.0,5
5631.0,3
5633.0,7
5635.0,5
5637.0,4
5639.0,5
5641.0,7
5643.0,6
5645.0,3
5647.0,2
5649.0,2
5651.0,2
5653.0,3
5655.0,8
5657.0,2
5659.0,2
5661.0,4
5663.0,2
5665.0,4
5667.0,3
5669.0,1
5671.0,4
5673.0,4
5675.0,1
5677.0,3
5679.0,3
5681.0,4
5683.0,5
5685.0,3
5687.0,5
5689.0,2
5691.0,6
5693.0,7
5695.0,4
5697.0,2
5699.0,3
5701.0,4
5703.0,3
5705.0,3
5707.0,3
5709.0,3
5711.0,0
5713.0,1
5715.0,0
5717.0,4
5719.0,4
5721.0,6
5723.0,5
5725.0,2
5727.0,1
5729.0,5
5731.0,1
5733.0,1
5735.0,3
5737.0,2
5739.0,3
5741.0,3
5743.0,8
5745.0,7
5747.0,2
5749.0,8
5751.0,1
5753.0,3
5755.0,1
5757.0,3
5759.0,7
5761.0,6
5763.0,3
5765.0,1
5767.0,2
5769.0,4
5771.0,4
5773.0,8
5775.0,6
5777.0,5
5779.0,3
5781.0,3
5783.0,1
5785.0,0
5787.0,1
5789.0,0
5791.0,0
5793.0,1
5795.0,1
5797.0,1
5799.0,2
5801.0,2
5803.0,2
5805.0,4
5807.0,2
5809.0,2
5811.0,4
5813.0,4
5815.0,9
5817.0,0
5819.0,3
5821.0,4
5823.0,0
5825.0,1
5827.0,1
5829.0,2
5831.0,1
5833.0,0
5835.0,1
5837.0,2
5839.0,1
5841.0,4
5843.0,2
5845.0,2
5847.0,2
5849.0,2
5851.0,4
5853.0,6
5855.0,3
5857.0,5
5859.0,1
5861.0,3
5863.0,0
5865.0,2
5867.0,1
5869.0,3
5871.0,7
5873.0,0
5875.0,7
5877.0,4
5879.0,5
5881.0,1
5883.0,2
5885.0,1
5887.0,0
5889.0,1
5891.0,1
5893.0,3
5895.0,1
5897.0,5
5899.0,1
5901.0,4
5903.0,0
5905.0,0
5907.0,4
5909.0,2
5911.0,1
5913.0,2
5915.0,2
5917.0,2
5919.0,3
5921.0,5
5923.0,3
5925.0,4
5927.0,4
5929.0,1
5931.0,6
5933.0,3
5935.0,3
5937.0,1
5939.0,2
5941.0,3
5943.0,1
5945.0,2
5947.0,1
5949.0,2
5951.0,2
5953.0,3
5955.0,3
5957.0,2
5959.0,2
5961.0,3
5963.0,0
5965.0,2
5967.0,6
5969.0,4
5971.0,1
5973.0,3
5975.0,2
5977.0,5
5979.0,0
5981.0,4
5983.0,7
5985.0,3
5987.0,1
5989.0,2
5991.0,4
5993.0,4
5995.0,3
5997.0,6
5999.0,3
6001.0,3
6003.0,1
6005.0,8
6007.0,4
6009.0,2
6011.0,1
6013.0,2
6015.0,0
6017.0,0
6019.0,3
6021.0,0
6023.0,4
6025.0,2
6027.0,0
6029.0,4
6031.0,3
6033.0,8
6035.0,4
6037.0,5
6039.0,1
6041.0,1
6043.0,1
6045.0,2
6047.0,2
6049.0,0
6051.0,0
6053.0,4
6055.0,2
6057.0,1
6059.0,1
6061.0,2
6063.0,2
6065.0,1
6067.0,2
6069.0,1
6071.0,3
6073.0,1
6075.0,1
6077.0,0
6079.0,3
6081.0,2
6083.0,5
6085.0,1
6087.0,0
6089.0,0
6091.0,0
6093.0,3
6095.0,3
6097.0,6
6099.0,3
6101.0,2
6103.0,2
6105.0,2
6107.0,5
6109.0,4
6111.0,2
6113.0,2
6115.0,1
6117.0,0
6119.0,1
6121.0,2
6123.0,2
6125.0,1
6127.0,5
6129.0,3
6131.0,1
6133.0,3
6135.0,4
6137.0,2
6139.0,5
6141.0,4
6143.0,0
6145.0,1
6147.0,3
6149.0,3
6151.0,1
6153.0,1
6155.0,3
6157.0,1
6159.0,1
6161.0,1
6163.0,3
6165.0,2
6167.0,3
6169.0,6
6171.0,4
6173.0,2
6175.0,1
6177.0,0
6179.0,1
6181.0,3
6183.0,4
6185.0,4
6187.0,7
6189.0,2
6191.0,1
6193.0,1
6195.0,2
6197.0,3
6199.0,6
6201.0,1
6203.0,0
6205.0,2
6207.0,2
6209.0,1
6211.0,3
6213.0,2
6215.0,1
6217.0,2
6219.0,1
6221.0,2
6223.0,0
6225.0,1
6227.0,1
6229.0,1
6231.0,3
6233.0,2
6235.0,2
6237.0,1
6239.0,5
6241.0,2
6243.0,3
6245.0,2
6247.0,1
6249.0,1
6251.0,2
6253.0,0
6255.0,0
6257.0,0
6259.0,3
6261.0,0
6263.0,3
6265.0,4
6267.0,2
6269.0,4
6271.0,2
6273.0,2
6275.0,3
6277.0,0
6279.0,1
6281.0,3
6283.0,0
6285.0,2
6287.0,0
6289.0,0
6291.0,1
6293.0,0
6295.0,2
6297.0,0
6299.0,1
6301.0,2
6303.0,2
6305.0,3
6307.0,6
6309.0,5
6311.0,2
6313.0,6
6315.0,2
6317.0,1
6319.0,0
6321.0,0
6323.0,3
6325.0,3
6327.0,1
6329.0,1
6331.0,1
6333.0,2
6335.0,2
6337.0,3
6339.0,1
6341.0,0
6343.0,3
6345.0,2
6347.0,0
6349.0,4
6351.0,2
6353.0,2
6355.0,1
6357.0,1
6359.0,1
6361.0,1
6363.0,1
6365.0,5
6367.0,1
6369.0,0
6371.0,2
6373.0,0
6375.0,1
6377.0,2
6379.0,3
6381.0,2
6383.0,0
6385.0,2
6387.0,0
6389.0,1
6391.0,2
6393.0,1
6395.0,1
6397.0,3
6399.0,1
6401.0,4
6403.0,3
6405.0,3
6407.0,0
6409.0,2
6411.0,2
6413.0,1
6415.0,0
6417.0,2
6419.0,4
6421.0,4
6423.0,3
6425.0,0
6427.0,3
6429.0,3
6431.0,2
6433.0,3
6435.0,3
6437.0,1
6439.0,2
6441.0,0
6443.0,2
6445.0,2
6447.0,0
6449.0,0
6451.0,2
6453.0,0
6455.0,2
6457.0,1
6459.0,2
6461.0,1
6463.0,1
6465.0,4
6467.0,4
6469.0,4
6471.0,0
6473.0,2
6475.0,1
6477.0,0
6479.0,1
6481.0,1
6483.0,2
6485.0,1
6487.0,3
6489.0,0
6491.0,0
6493.0,3
6495.0,1
6497.0,1
6499.0,1
6501.0,2
6503.0,2
6505.0,0
6507.0,1
6509.0,2
6511.0,0
6513.0,1
6515.0,3
6517.0,2
6519.0,3
6521.0,3
6523.0,4
6525.0,4
6527.0,4
6529.0,4
6531.0,1
6533.0,4
6535.0,3
6537.0,4
6539.0,3
6541.0,4
6543.0,1
6545.0,2
6547.0,0
6549.0,0
6551.0,0
6553.0,1
6555.0,0
6557.0,2
6559.0,0
6561.0,1
6563.0,4
6565.0,0
6567.0,2
6569.0,0
6571.0,2
6573.0,2
6575.0,2
6577.0,1
6579.0,2
6581.0,2
6583.0,4
6585.0,3
6587.0,2
6589.0,4
6591.0,1
6593.0,2
6595.0,2
6597.0,3
6599.0,0
6601.0,5
6603.0,0
6605.0,2
6607.0,0
6609.0,2
6611.0,3
6613.0,1
6615.0,1
6617.0,0
6619.0,0
6621.0,1
6623.0,1
6625.0,1
6627.0,2
6629.0,2
6631.0,1
6633.0,1
6635.0,1
6637.0,2
6639.0,3
6641.0,3
6643.0,2
6645.0,0
6647.0,0
6649.0,2
6651.0,1
6653.0,2
6655.0,1
6657.0,0
6659.0,1
6661.0,1
6663.0,2
6665.0,3
6667.0,4
6669.0,2
6671.0,2
6673.0,1
6675.0,0
6677.0,0
6679.0,0
6681.0,0
6683.0,0
6685.0,1
6687.0,1
6689.0,1
6691.0,1
6693.0,3
6695.0,1
6697.0,1
6699.0,3
6701.0,3
6703.0,3
6705.0,1
6707.0,2
6709.0,1
6711.0,1
6713.0,0
6715.0,0
6717.0,1
6719.0,1
6721.0,1
6723.0,2
6725.0,3
6727.0,0
6729.0,0
6731.0,2
6733.0,1
6735.0,1
6737.0,2
6739.0,1
6741.0,2
6743.0,2
6745.0,1
6747.0,2
6749.0,2
6751.0,1
6753.0,4
6755.0,3
6757.0,2
6759.0,1
6761.0,3
6763.0,1
6765.0,1
6767.0,1
6769.0,3
6771.0,2
6773.0,1
6775.0,1
6777.0,0
6779.0,0
6781.0,1
6783.0,0
6785.0,1
6787.0,2
6789.0,1
6791.0,0
6793.0,0
6795.0,2
6797.0,0
6799.0,2
6801.0,1
6803.0,2
6805.0,0
6807.0,0
6809.0,2
6811.0,1
6813.0,1
6815.0,1
6817.0,1
6819.0,2
6821.0,2
6823.0,1
6825.0,0
6827.0,2
6829.0,1
6831.0,0
6833.0,1
6835.0,0
6837.0,2
6839.0,2
6841.0,0
6843.0,1
6845.0,1
6847.0,1
6849.0,0
6851.0,0
6853.0,2
6855.0,1
6857.0,0
6859.0,1
6861.0,1
6863.0,0
6865.0,2
6867.0,1
6869.0,3
6871.0,0
6873.0,1
6875.0,1
6877.0,2
6879.0,3
6881.0,0
6883.0,0
6885.0,1
6887.0,1
6889.0,0
6891.0,0
6893.0,1
6895.0,0
6897.0,0
6899.0,0
6901.0,4
6903.0,0
6905.0,1
6907.0,1
6909.0,0
6911.0,4
6913.0,3
6915.0,0
6917.0,1
6919.0,4
6921.0,0
6923.0,0
6925.0,1
6927.0,1
6929.0,1
6931.0,2
6933.0,0
6935.0,3
6937.0,3
6939.0,1
6941.0,4
6943.0,1
6945.0,1
6947.0,1
6949.0,0
6951.0,0
6953.0,1
6955.0,3
6957.0,1
6959.0,1
6961.0,1
6963.0,0
6965.0,0
6967.0,0
6969.0,3
6971.0,0
6973.0,1
6975.0,0
6977.0,3
6979.0,1
6981.0,0
6983.0,2
6985.0,4
6987.0,0
6989.0,0
6991.0,1
6993.0,0
6995.0,0
6997.0,3
6999.0,0
7001.0,1
7003.0,1
7005.0,1
7007.0,0
7009.0,1
7011.0,2
7013.0,2
7015.0,1
7017.0,1
7019.0,1
7021.0,2
7023.0,1
7025.0,0
7027.0,1
7029.0,0
7031.0,1
7033.0,0
7035.0,1
7037.0,0
7039.0,1
7041.0,0
7043.0,1
7045.0,0
7047.0,0
7049.0,2
7051.0,0
7053.0,0
7055.0,0
7057.0,1
7059.0,2
7061.0,0
7063.0,3
7065.0,1
7067.0,2
7069.0,1
7071.0,1
7073.0,5
7075.0,2
7077.0,1
7079.0,2
7081.0,3
7083.0,1
7085.0,1
7087.0,1
7089.0,0
7091.0,0
7093.0,1
7095.0,2
7097.0,3
7099.0,0
7101.0,0
7103.0,0
7105.0,0
7107.0,0
7109.0,0
7111.0,0
7113.0,1
7115.0,1
7117.0,0
7119.0,1
7121.0,2
7123.0,1
7125.0,0
7127.0,0
7129.0,0
7131.0,0
7133.0,1
7135.0,2
7137.0,0
7139.0,0
7141.0,0
7143.0,2
7145.0,0
7147.0,1
7149.0,2
7151.0,0
7153.0,0
7155.0,1
7157.0,1
7159.0,0
7161.0,0
7163.0,0
7165.0,1
7167.0,1
7169.0,5
7171.0,2
7173.0,1
7175.0,1
7177.0,2
7179.0,1
7181.0,0
7183.0,1
7185.0,1
7187.0,1
7189.0,1
7191.0,1
7193.0,0
7195.0,0
7197.0,0
7199.0,0
7201.0,2
7203.0,0
7205.0,2
7207.0,1
7209.0,3
7211.0,1
7213.0,0
7215.0,3
7217.0,0
7219.0,0
7221.0,3
7223.0,0
7225.0,1
7227.0,1
7229.0,2
7231.0,1
7233.0,0
7235.0,0
7237.0,1
7239.0,0
7241.0,2
7243.0,3
7245.0,1
7247.0,0
7249.0,1
7251.0,0
7253.0,0
7255.0,1
7257.0,0
7259.0,0
7261.0,0
7263.0,2
7265.0,0
7267.0,0
7269.0,1
7271.0,0
7273.0,0
7275.0,0
7277.0,0
7279.0,2
7281.0,1
7283.0,2
7285.0,2
7287.0,0
7289.0,1
7291.0,1
7293.0,0
7295.0,1
7297.0,1
7299.0,1
7301.0,0
7303.0,1
7305.0,1
7307.0,1
7309.0,0
7311.0,0
7313.0,0
7315.0,0
7317.0,2
7319.0,3
7321.0,3
7323.0,2
7325.0,1
7327.0,1
7329.0,1
7331.0,3
7333.0,1
7335.0,3
7337.0,1
7339.0,1
7341.0,2
7343.0,0
7345.0,0
7347.0,1
7349.0,1
7351.0,3
7353.0,0
7355.0,2
7357.0,0
7359.0,1
7361.0,1
7363.0,0
7365.0,0
7367.0,1
7369.0,1
7371.0,0
7373.0,2
7375.0,1
7377.0,2
7379.0,0
7381.0,0
7383.0,0
7385.0,1
7387.0,1
7389.0,1
7391.0,2
7393.0,0
7395.0,0
7397.0,1
7399.0,2
7401.0,0
7403.0,0
7405.0,0
7407.0,0
7409.0,0
7411.0,2
7413.0,1
7415.0,0
7417.0,1
7419.0,0
7421.0,1
7423.0,0
7425.0,0
7427.0,0
7429.0,0
7431.0,1
7433.0,1
7435.0,1
7437.0,0
7439.0,0
7441.0,1
7443.0,2
7445.0,1
7447.0,0
7449.0,1
7451.0,2
7453.0,2
7455.0,0
7457.0,0
7459.0,1
7461.0,2
7463.0,1
7465.0,0
7467.0,0
7469.0,0
7471.0,0
7473.0,1
7475.0,1
7477.0,2
7479.0,3
7481.0,1
7483.0,0
7485.0,2
7487.0,0
7489.0,0
7491.0,0
7493.0,2
7495.0,1
7497.0,0
7499.0,2
7501.0,0
7503.0,1
7505.0,0
7507.0,4
7509.0,1
7511.0,3
7513.0,1
7515.0,0
7517.0,1
7519.0,2
7521.0,0
7523.0,0
7525.0,1
7527.0,1
7529.0,0
7531.0,1
7533.0,1
7535.0,1
7537.0,1
7539.0,0
7541.0,2
7543.0,0
7545.0,0
7547.0,0
7549.0,1
7551.0,0
7553.0,0
7555.0,0
7557.0,1
7559.0,0
7561.0,0
7563.0,0
7565.0,0
7567.0,1
7569.0,0
7571.0,0
7573.0,2
7575.0,1
7577.0,1
7579.0,0
7581.0,2
7583.0,2
7585.0,0
7587.0,0
7589.0,0
7591.0,0
7593.0,0
7595.0,0
7597.0,0
7599.0,1
7601.0,1
7603.0,0
7605.0,0
7607.0,0
7609.0,0
7611.0,1
7613.0,0
7615.0,0
7617.0,0
7619.0,2
7621.0,1
7623.0,1
7625.0,1
7627.0,0
7629.0,2
7631.0,2
7633.0,1
7635.0,2
7637.0,1
7639.0,1
7641.0,1
7643.0,0
7645.0,0
7647.0,1
7649.0,3
7651.0,1
7653.0,0
7655.0,0
7657.0,1
7659.0,0
7661.0,0
7663.0,1
7665.0,0
7667.0,1
7669.0,0
7671.0,0
7673.0,0
7675.0,0
7677.0,0
7679.0,1
7681.0,1
7683.0,0
7685.0,0
7687.0,4
7689.0,0
7691.0,1
7693.0,1
7695.0,1
7697.0,1
7699.0,0
7701.0,0
7703.0,1
7705.0,1
7707.0,0
7709.0,0
7711.0,0
7713.0,0
7715.0,1
7717.0,1
7719.0,4
7721.0,1
7723.0,3
7725.0,0
7727.0,0
7729.0,0
7731.0,1
7733.0,0
7735.0,1
7737.0,1
7739.0,1
7741.0,1
7743.0,0
7745.0,1
7747.0,0
7749.0,0
7751.0,1
7753.0,0
7755.0,0
7757.0,0
7759.0,0
7761.0,0
7763.0,0
7765.0,1
7767.0,2
7769.0,1
7771.0,1
7773.0,0
7775.0,0
7777.0,2
7779.0,1
7781.0,1
7783.0,1
7785.0,1
7787.0,1
7789.0,0
7791.0,0
7793.0,0
7795.0,0
7797.0,0
7799.0,1
7801.0,2
7803.0,0
7805.0,1
7807.0,0
7809.0,1
7811.0,0
7813.0,0
7815.0,1
7817.0,1
7819.0,0
7821.0,1
7823.0,1
7825.0,0
7827.0,1
7829.0,0
7831.0,1
7833.0,1
7835.0,1
7837.0,1
7839.0,2
7841.0,1
7843.0,1
7845.0,1
7847.0,0
7849.0,1
7851.0,1
7853.0,1
7855.0,0
7857.0,0
7859.0,0
7861.0,0
7863.0,1
7865.0,2
7867.0,3
7869.0,0
7871.0,1
7873.0,0
7875.0,1
7877.0,1
7879.0,0
7881.0,0
7883.0,2
7885.0,2
7887.0,0
7889.0,3
7891.0,0
7893.0,1
7895.0,2
7897.0,1
7899.0,1
7901.0,2
7903.0,1
7905.0,0
7907.0,0
7909.0,0
7911.0,0
7913.0,0
7915.0,0
7917.0,0
7919.0,0
7921.0,2
7923.0,1
7925.0,0
7927.0,0
7929.0,1
7931.0,0
7933.0,0
7935.0,0
7937.0,0
7939.0,0
7941.0,1
7943.0,0
7945.0,3
7947.0,0
7949.0,1
7951.0,1
7953.0,0
7955.0,0
7957.0,1
7959.0,2
7961.0,0
7963.0,1
7965.0,0
7967.0,0
7969.0,0
7971.0,0
7973.0,1
7975.0,1
7977.0,0
7979.0,1
7981.0,0
7983.0,0
7985.0,1
7987.0,1
7989.0,1
7991.0,1
7993.0,2
7995.0,0
7997.0,0
7999.0,1
8001.0,0
8003.0,0
8005.0,2
8007.0,0
8009.0,0
8011.0,0
8013.0,0
8015.0,0
8017.0,0
8019.0,1
8021.0,1
8023.0,1
8025.0,0
8027.0,1
8029.0,2
8031.0,2
8033.0,1
8035.0,2
8037.0,0
8039.0,1
8041.0,2
8043.0,1
8045.0,3
8047.0,4
8049.0,4
8051.0,3
8053.0,1
8055.0,0
8057.0,1
8059.0,1
8061.0,1
8063.0,1
8065.0,0
8067.0,0
8069.0,0
8071.0,0
8073.0,1
8075.0,0
8077.0,0
8079.0,3
8081.0,1
8083.0,1
8085.0,1
8087.0,0
8089.0,2
8091.0,1
8093.0,0
8095.0,0
8097.0,1
8099.0,0
8101.0,0
8103.0,0
8105.0,0
8107.0,1
8109.0,0
8111.0,0
8113.0,0
8115.0,0
8117.0,1
8119.0,2
8121.0,0
8123.0,1
8125.0,0
8127.0,1
8129.0,0
8131.0,1
8133.0,0
8135.0,0
8137.0,1
8139.0,2
8141.0,0
8143.0,0
8145.0,1
8147.0,2
8149.0,2
8151.0,0
8153.0,0
8155.0,1
8157.0,0
8159.0,0
8161.0,1
8163.0,1
8165.0,0
8167.0,0
8169.0,0
8171.0,0
8173.0,0
8175.0,0
8177.0,0
8179.0,0
8181.0,2
8183.0,1
8185.0,0
8187.0,1
8189.0,1
8191.0,1
8193.0,1
8195.0,0
8197.0,0
8199.0,0
8201.0,0
8203.0,1
8205.0,0
8207.0,2
8209.0,0
8211.0,0
8213.0,1
8215.0,0
8217.0,0
8219.0,0
8221.0,2
8223.0,0
8225.0,0
8227.0,2
8229.0,1
8231.0,1
8233.0,2
8235.0,1
8237.0,1
8239.0,1
8241.0,1
8243.0,0
8245.0,0
8247.0,0
8249.0,0
8251.0,0
8253.0,1
8255.0,0
8257.0,0
8259.0,0
8261.0,0
8263.0,0
8265.0,0
8267.0,0
8269.0,0
8271.0,1
8273.0,1
8275.0,2
8277.0,1
8279.0,2
8281.0,2
8283.0,0
8285.0,0
8287.0,0
8289.0,2
8291.0,0
8293.0,1
8295.0,1
8297.0,0
8299.0,0
8301.0,0
8303.0,0
8305.0,0
8307.0,2
8309.0,0
8311.0,0
8313.0,1
8315.0,0
8317.0,0
8319.0,0
8321.0,0
8323.0,0
8325.0,1
8327.0,0
8329.0,0
8331.0,0
8333.0,2
8335.0,1
8337.0,0
8339.0,0
8341.0,0
8343.0,0
8345.0,0
8347.0,0
8349.0,3
8351.0,0
8353.0,3
8355.0,1
8357.0,0
8359.0,0
8361.0,1
8363.0,0
8365.0,0
8367.0,1
8369.0,0
8371.0,3
8373.0,0
8375.0,0
8377.0,2
8379.0,1
8381.0,0
8383.0,0
8385.0,1
8387.0,2
8389.0,0
8391.0,1
8393.0,1
8395.0,0
8397.0,2
8399.0,1
8401.0,0
8403.0,2
8405.0,0
8407.0,0
8409.0,0
8411.0,2
8413.0,1
8415.0,0
8417.0,0
8419.0,1
8421.0,0
8423.0,1
8425.0,0
8427.0,0
8429.0,2
8431.0,0
8433.0,1
8435.0,0
8437.0,0
8439.0,0
8441.0,1
8443.0,0
8445.0,0
8447.0,1
8449.0,1
8451.0,0
8453.0,1
8455.0,1
8457.0,0
8459.0,0
8461.0,0
8463.0,3
8465.0,0
8467.0,1
8469.0,0
8471.0,2
8473.0,2
8475.0,1
8477.0,1
8479.0,1
8481.0,0
8483.0,2
8485.0,0
8487.0,1
8489.0,0
8491.0,1
8493.0,1
8495.0,1
8497.0,3
8499.0,1
8501.0,1
8503.0,1
8505.0,0
8507.0,2
8509.0,1
8511.0,2
8513.0,0
8515.0,0
8517.0,0
8519.0,2
8521.0,1
8523.0,0
8525.0,0
8527.0,4
8529.0,1
8531.0,1
8533.0,1
8535.0,3
8537.0,1
8539.0,4
8541.0,4
8543.0,4
8545.0,1
8547.0,1
8549.0,0
8551.0,0
8553.0,1
8555.0,0
8557.0,0
8559.0,1
8561.0,2
8563.0,0
8565.0,0
8567.0,0
8569.0,1
8571.0,1
8573.0,1
8575.0,2
8577.0,0
8579.0,0
8581.0,0
8583.0,0
8585.0,0
8587.0,1
8589.0,0
8591.0,0
8593.0,1
8595.0,0
8597.0,0
8599.0,0
8601.0,1
8603.0,0
8605.0,0
8607.0,2
8609.0,1
8611.0,1
8613.0,0
8615.0,6
8617.0,0
8619.0,3
8621.0,0
8623.0,1
8625.0,1
8627.0,0
8629.0,1
8631.0,0
8633.0,1
8635.0,1
8637.0,2
8639.0,0
8641.0,3
8643.0,3
8645.0,2
8647.0,1
8649.0,0
8651.0,0
8653.0,1
8655.0,0
8657.0,0
8659.0,1
8661.0,0
8663.0,0
8665.0,4
8667.0,6
8669.0,3
8671.0,0
8673.0,3
8675.0,2
8677.0,2
8679.0,0
8681.0,1
8683.0,1
8685.0,0
8687.0,1
8689.0,3
8691.0,1
8693.0,1
8695.0,4
8697.0,1
8699.0,3
8701.0,2
8703.0,0
8705.0,0
8707.0,1
8709.0,1
8711.0,3
8713.0,1
8715.0,3
8717.0,4
8719.0,0
8721.0,2
8723.0,3
8725.0,6
8727.0,2
8729.0,8
8731.0,5
8733.0,1
8735.0,0
8737.0,4
8739.0,0
8741.0,2
8743.0,2
8745.0,0
8747.0,2
8749.0,1
8751.0,0
8753.0,0
8755.0,0
8757.0,1
8759.0,3
8761.0,1
8763.0,0
8765.0,2
8767.0,6
8769.0,17
8771.0,10
8773.0,13
8775.0,21
8777.0,28
8779.0,39
8781.0,25
8783.0,7
8785.0,1
8787.0,0
8789.0,0
8791.0,1
8793.0,0
8795.0,0
8797.0,0
8799.0,0
8801.0,3
8803.0,0
8805.0,0
8807.0,0
8809.0,0
8811.0,0
8813.0,1
8815.0,1
8817.0,0
8819.0,0
8821.0,1
8823.0,3
8825.0,1
8827.0,0
8829.0,2
8831.0,1
8833.0,0
8835.0,0
8837.0,1
8839.0,0
8841.0,0
8843.0,1
8845.0,0
8847.0,1
8849.0,1
8851.0,0
8853.0,0
8855.0,0
8857.0,0
8859.0,0
8861.0,0
8863.0,0
8865.0,1
8867.0,0
8869.0,0
8871.0,0
8873.0,0
8875.0,2
8877.0,2
8879.0,1
8881.0,0
8883.0,0
8885.0,1
8887.0,0
8889.0,1
8891.0,0
8893.0,2
8895.0,2
8897.0,0
8899.0,0
8901.0,0
8903.0,1
8905.0,3
8907.0,0
8909.0,2
8911.0,2
8913.0,0
8915.0,2
8917.0,1
8919.0,0
8921.0,4
8923.0,6
8925.0,12
8927.0,8
8929.0,6
8931.0,3
8933.0,4
8935.0,0
8937.0,0
8939.0,6
8941.0,2
8943.0,3
8945.0,3
8947.0,1
8949.0,1
8951.0,1
8953.0,0
8955.0,0
8957.0,0
8959.0,0
8961.0,0
8963.0,0
8965.0,0
8967.0,1
8969.0,2
8971.0,1
8973.0,0
8975.0,1
8977.0,0
8979.0,1
8981.0,1
8983.0,0
8985.0,0
8987.0,1
8989.0,2
8991.0,2
8993.0,0
8995.0,1
8997.0,3
8999.0,1
9001.0,0
9003.0,1
9005.0,2
9007.0,0
9009.0,1
9011.0,1
9013.0,4
9015.0,3
9017.0,3
9019.0,8
9021.0,11
9023.0,3
9025.0,0
9027.0,1
9029.0,0
9031.0,2
9033.0,1
9035.0,1
9037.0,1
9039.0,1
9041.0,0
9043.0,0
9045.0,0
9047.0,1
9049.0,0
9051.0,0
9053.0,1
9055.0,0
9057.0,0
9059.0,0
9061.0,0
9063.0,0
9065.0,0
9067.0,1
9069.0,1
9071.0,1
9073.0,1
9075.0,1
9077.0,1
9079.0,0
9081.0,0
9083.0,0
9085.0,2
9087.0,1
9089.0,0
9091.0,1
9093.0,1
9095.0,1
9097.0,0
9099.0,0
9101.0,1
9103.0,1
9105.0,0
9107.0,0
9109.0,1
9111.0,1
9113.0,0
9115.0,1
9117.0,0
9119.0,0
9121.0,0
9123.0,1
9125.0,3
9127.0,1
9129.0,1
9131.0,0
9133.0,0
9135.0,1
9137.0,3
9139.0,0
9141.0,2
9143.0,0
9145.0,1
9147.0,1
9149.0,1
9151.0,0
9153.0,0
9155.0,3
9157.0,0
9159.0,0
9161.0,0
9163.0,0
9165.0,0
9167.0,0
9169.0,3
9171.0,3
9173.0,2
9175.0,0
9177.0,0
9179.0,0
9181.0,0
9183.0,0
9185.0,2
9187.0,0
9189.0,0
9191.0,1
9193.0,0
9195.0,0
9197.0,0
9199.0,0
9201.0,0
9203.0,0
9205.0,0
9207.0,0
9209.0,1
9211.0,0
9213.0,1
9215.0,0
9217.0,1
9219.0,1
9221.0,0
9223.0,0
9225.0,0
9227.0,0
9229.0,0
9231.0,1
9233.0,0
9235.0,0
9237.0,0
9239.0,1
9241.0,0
9243.0,1
9245.0,0
9247.0,0
9249.0,0
9251.0,0
9253.0,0
9255.0,1
9257.0,0
9259.0,0
9261.0,1
9263.0,0
9265.0,0
9267.0,0
9269.0,0
9271.0,0
9273.0,0
9275.0,0
9277.0,0
9279.0,1
9281.0,1
9283.0,2
9285.0,0
9287.0,0
9289.0,0
9291.0,1
9293.0,1
9295.0,1
9297.0,0
9299.0,0
9301.0,0
9303.0,0
9305.0,1
9307.0,0
9309.0,0
9311.0,0
9313.0,0
9315.0,0
9317.0,0
9319.0,1
9321.0,1
9323.0,1
9325.0,1
9327.0,0
9329.0,1
9331.0,1
9333.0,2
9335.0,1
9337.0,1
9339.0,0
9341.0,0
9343.0,1
9345.0,3
9347.0,0
9349.0,1
9351.0,1
9353.0,0
9355.0,0
9357.0,2
9359.0,2
9361.0,1
9363.0,1
9365.0,1
9367.0,2
9369.0,4
9371.0,2
9373.0,1
9375.0,0
9377.0,2
9379.0,1
9381.0,0
9383.0,0
9385.0,0
9387.0,0
9389.0,2
9391.0,0
9393.0,1
9395.0,1
9397.0,3
9399.0,0
9401.0,0
9403.0,0
9405.0,0
9407.0,0
9409.0,1
9411.0,0
9413.0,0
9415.0,1
9417.0,0
9419.0,0
9421.0,1
9423.0,0
9425.0,0
9427.0,0
9429.0,0
9431.0,1
9433.0,0
9435.0,1
9437.0,1
9439.0,0
9441.0,0
9443.0,0
9445.0,0
9447.0,0
9449.0,1
9451.0,0
9453.0,0
9455.0,0
9457.0,0
9459.0,0
9461.0,0
9463.0,2
9465.0,0
9467.0,0
9469.0,0
9471.0,0
9473.0,1
9475.0,4
9477.0,0
9479.0,0
9481.0,3
9483.0,2
9485.0,1
9487.0,1
9489.0,2
9491.0,1
9493.0,1
9495.0,0
9497.0,3
9499.0,0
9501.0,3
9503.0,1
9505.0,1
9507.0,1
9509.0,0
9511.0,2
9513.0,5
9515.0,4
9517.0,4
9519.0,2
9521.0,1
9523.0,1
9525.0,0
9527.0,1
9529.0,2
9531.0,4
9533.0,1
9535.0,1
9537.0,0
9539.0,1
9541.0,0
9543.0,0
9545.0,0
9547.0,0
9549.0,0
9551.0,0
9553.0,3
9555.0,1
9557.0,3
9559.0,7
9561.0,2
9563.0,0
9565.0,1
9567.0,2
9569.0,0
9571.0,1
9573.0,0
9575.0,0
9577.0,0
9579.0,1
9581.0,1
9583.0,0
9585.0,1
9587.0,4
9589.0,2
9591.0,0
9593.0,1
9595.0,2
9597.0,3
9599.0,5
9601.0,5
9603.0,6
9605.0,3
9607.0,1
9609.0,1
9611.0,0
9613.0,1
9615.0,0
9617.0,0
9619.0,0
9621.0,0
9623.0,0
9625.0,2
9627.0,2
9629.0,2
9631.0,3
9633.0,8
9635.0,4
9637.0,9
9639.0,9
9641.0,6
9643.0,3
9645.0,3
9647.0,4
9649.0,1
9651.0,1
9653.0,1
9655.0,0
9657.0,0
9659.0,0
9661.0,0
9663.0,7
9665.0,9
9667.0,6
9669.0,12
9671.0,23
9673.0,15
9675.0,17
9677.0,5
9679.0,6
9681.0,4
9683.0,0
9685.0,4
9687.0,0
9689.0,2
9691.0,0
9693.0,1
9695.0,2
9697.0,0
9699.0,1
9701.0,0
9703.0,0
9705.0,3
9707.0,2
9709.0,1
9711.0,1
9713.0,0
9715.0,1
9717.0,2
9719.0,0
9721.0,0
9723.0,0
9725.0,1
9727.0,0
9729.0,0
9731.0,1
9733.0,1
9735.0,1
9737.0,0
9739.0,1
9741.0,0
9743.0,3
9745.0,3
9747.0,0
9749.0,0
9751.0,2
9753.0,0
9755.0,1
9757.0,0
9759.0,0
9761.0,0
9763.0,0
9765.0,0
9767.0,1
9769.0,0
9771.0,2
9773.0,3
9775.0,0
9777.0,0
9779.0,0
9781.0,0
9783.0,3
9785.0,2
9787.0,1
9789.0,1
9791.0,0
9793.0,0
9795.0,1
9797.0,1
9799.0,0
9801.0,0
9803.0,1
9805.0,0
9807.0,5
9809.0,5
9811.0,2
9813.0,0
9815.0,6
9817.0,4
9819.0,1
9821.0,1
9823.0,1
9825.0,1
9827.0,1
9829.0,2
9831.0,2
9833.0,0
9835.0,1
9837.0,0
9839.0,1
9841.0,1
9843.0,0
9845.0,2
9847.0,4
9849.0,3
9851.0,0
9853.0,1
9855.0,1
9857.0,2
9859.0,0
9861.0,0
9863.0,0
9865.0,0
9867.0,0
9869.0,0
9871.0,1
9873.0,0
9875.0,0
9877.0,0
9879.0,1
9881.0,0
9883.0,2
9885.0,0
9887.0,0
9889.0,0
9891.0,0
9893.0,0
9895.0,0
9897.0,0
9899.0,0
9901.0,1
9903.0,0
9905.0,0
9907.0,0
9909.0,0
9911.0,1
9913.0,1
9915.0,3
9917.0,1
9919.0,4
9921.0,2
9923.0,3
9925.0,1
9927.0,1
9929.0,0
9931.0,0
9933.0,1
9935.0,0
9937.0,1
9939.0,1
9941.0,2
9943.0,1
9945.0,0
9947.0,0
9949.0,3
9951.0,5
9953.0,1
9955.0,2
9957.0,4
9959.0,1
9961.0,0
9963.0,1
9965.0,1
9967.0,1
9969.0,0
9971.0,1
9973.0,2
9975.0,1
9977.0,0
9979.0,1
9981.0,0
9983.0,1
9985.0,0
9987.0,0
9989.0,1
9991.0,0
9993.0,0
9995.0,0
9997.0,0
9999.0,1
10001.0,0
10003.0,0
10005.0,0
10007.0,0
10009.0,0
10011.0,2
10013.0,1
10015.0,1
10017.0,0
10019.0,1
10021.0,1
10023.0,0
10025.0,1
10027.0,0
10029.0,0
10031.0,0
10033.0,2
10035.0,1
10037.0,0
10039.0,0
10041.0,0
10043.0,0
10045.0,0
10047.0,0
10049.0,0
10051.0,1
10053.0,0
10055.0,1
10057.0,0
10059.0,0
10061.0,2
10063.0,0
10065.0,0
10067.0,0
10069.0,1
10071.0,0
10073.0,0
10075.0,1
10077.0,0
10079.0,0
10081.0,1
10083.0,0
10085.0,2
10087.0,0
10089.0,0
10091.0,0
10093.0,1
10095.0,2
10097.0,0
10099.0,1
10101.0,1
10103.0,0
10105.0,0
10107.0,1
10109.0,1
10111.0,0
10113.0,1
10115.0,0
10117.0,0
10119.0,0
10121.0,0
10123.0,1
10125.0,0
10127.0,1
10129.0,1
10131.0,3
10133.0,1
10135.0,1
10137.0,3
10139.0,1
10141.0,0
10143.0,1
10145.0,1
10147.0,1
10149.0,0
10151.0,0
10153.0,2
10155.0,0
10157.0,1
10159.0,0
10161.0,0
10163.0,1
10165.0,0
10167.0,0
10169.0,0
10171.0,1
10173.0,0
10175.0,0
10177.0,0
10179.0,0
10181.0,0
10183.0,1
10185.0,1
10187.0,0
10189.0,1
10191.0,0
10193.0,0
10195.0,1
10197.0,2
10199.0,2
10201.0,0
10203.0,0
10205.0,0
10207.0,4
10209.0,1
10211.0,1
10213.0,0
10215.0,0
10217.0,0
10219.0,0
10221.0,1
10223.0,2
10225.0,0
10227.0,2
10229.0,1
10231.0,0
10233.0,0
10235.0,0
10237.0,0
10239.0,0
10241.0,0
10243.0,0
10245.0,0
10247.0,1
10249.0,0
10251.0,1
10253.0,2
10255.0,2
10257.0,1
10259.0,0
10261.0,3
10263.0,3
10265.0,0
10267.0,1
10269.0,1
10271.0,4
10273.0,0
10275.0,3
10277.0,3
10279.0,1
10281.0,0
10283.0,2
10285.0,2
10287.0,0
10289.0,2
10291.0,1
10293.0,1
10295.0,1
10297.0,4
10299.0,0
10301.0,0
10303.0,0
10305.0,0
10307.0,1
10309.0,0
10311.0,4
10313.0,0
10315.0,2
10317.0,2
10319.0,3
10321.0,4
10323.0,4
10325.0,2
10327.0,2
10329.0,3
10331.0,1
10333.0,4
10335.0,1
10337.0,2
10339.0,3
10341.0,2
10343.0,4
10345.0,4
10347.0,3
10349.0,3
10351.0,3
10353.0,1
10355.0,2
10357.0,1
10359.0,1
10361.0,0
10363.0,0
10365.0,0
10367.0,2
10369.0,2
10371.0,0
10373.0,1
10375.0,2
10377.0,1
10379.0,1
10381.0,2
10383.0,5
10385.0,3
10387.0,1
10389.0,7
10391.0,3
10393.0,1
10395.0,0
10397.0,3
10399.0,0
10401.0,1
10403.0,3
10405.0,4
10407.0,1
10409.0,1
10411.0,0
10413.0,1
10415.0,0
10417.0,4
10419.0,3
10421.0,0
10423.0,1
10425.0,2
10427.0,1
10429.0,2
10431.0,3
10433.0,2
10435.0,2
10437.0,5
10439.0,5
10441.0,2
10443.0,1
10445.0,2
10447.0,2
10449.0,2
10451.0,5
10453.0,2
10455.0,7
10457.0,7
10459.0,2
10461.0,4
10463.0,4
10465.0,3
10467.0,2
10469.0,2
10471.0,3
10473.0,1
10475.0,1
10477.0,0
10479.0,0
10481.0,1
10483.0,4
10485.0,1
10487.0,0
10489.0,0
10491.0,0
10493.0,5
10495.0,3
10497.0,1
10499.0,5
10501.0,6
10503.0,6
10505.0,11
10507.0,17
10509.0,11
10511.0,15
10513.0,5
10515.0,7
10517.0,9
10519.0,2
10521.0,1
10523.0,1
10525.0,1
10527.0,1
10529.0,3
10531.0,1
10533.0,2
10535.0,3
10537.0,2
10539.0,0
10541.0,1
10543.0,2
10545.0,1
10547.0,1
10549.0,0
10551.0,0
10553.0,2
10555.0,1
10557.0,1
10559.0,2
10561.0,1
10563.0,0
10565.0,1
10567.0,0
10569.0,1
10571.0,1
10573.0,1
10575.0,1
10577.0,0
10579.0,1
10581.0,0
10583.0,1
10585.0,1
10587.0,0
10589.0,0
10591.0,0
10593.0,1
10595.0,2
10597.0,0
10599.0,1
10601.0,0
10603.0,0
10605.0,0
10607.0,1
10609.0,0
10611.0,0
10613.0,0
10615.0,1
10617.0,1
10619.0,1
10621.0,2
10623.0,0
10625.0,0
10627.0,0
10629.0,1
10631.0,3
10633.0,0
10635.0,0
10637.0,0
10639.0,1
10641.0,0
10643.0,0
10645.0,0
10647.0,0
10649.0,0
10651.0,2
10653.0,0
10655.0,1
10657.0,1
10659.0,2
10661.0,0
10663.0,0
10665.0,0
10667.0,0
10669.0,2
10671.0,1
10673.0,2
10675.0,3
10677.0,4
10679.0,8
10681.0,9
10683.0,3
10685.0,5
10687.0,3
10689.0,2
10691.0,0
10693.0,0
10695.0,0
10697.0,3
10699.0,1
10701.0,0
10703.0,1
10705.0,0
10707.0,0
10709.0,1
10711.0,1
10713.0,1
10715.0,3
10717.0,0
10719.0,0
10721.0,0
10723.0,0
10725.0,2
10727.0,1
10729.0,2
10731.0,0
10733.0,1
10735.0,0
10737.0,0
10739.0,1
10741.0,0
10743.0,2
10745.0,0
10747.0,1
10749.0,1
10751.0,0
10753.0,0
10755.0,0
10757.0,0
10759.0,0
10761.0,0
10763.0,0
10765.0,1
10767.0,1
10769.0,2
10771.0,1
10773.0,2
10775.0,0
10777.0,1
10779.0,1
10781.0,0
10783.0,1
10785.0,0
10787.0,0
10789.0,0
10791.0,0
10793.0,0
10795.0,0
10797.0,0
10799.0,0
10801.0,1
10803.0,1
10805.0,0
10807.0,1
10809.0,0
10811.0,1
10813.0,1
10815.0,1
10817.0,0
10819.0,0
10821.0,0
10823.0,0
10825.0,0
10827.0,0
10829.0,0
10831.0,2
10833.0,0
10835.0,1
10837.0,1
10839.0,1
10841.0,1
10843.0,1
10845.0,2
10847.0,0
10849.0,0
10851.0,0
10853.0,1
10855.0,0
10857.0,1
10859.0,1
10861.0,1
10863.0,0
10865.0,0
10867.0,1
10869.0,1
10871.0,0
10873.0,2
10875.0,3
10877.0,0
10879.0,1
10881.0,2
10883.0,1
10885.0,0
10887.0,0
10889.0,1
10891.0,0
10893.0,0
10895.0,1
10897.0,0
10899.0,2
10901.0,0
10903.0,1
10905.0,1
10907.0,1
10909.0,0
10911.0,1
10913.0,0
10915.0,0
10917.0,2
10919.0,0
10921.0,0
10923.0,1
10925.0,0
10927.0,1
10929.0,1
10931.0,0
10933.0,0
10935.0,0
10937.0,0
10939.0,0
10941.0,0
10943.0,2
10945.0,0
10947.0,0
10949.0,1
10951.0,2
10953.0,2
10955.0,1
10957.0,1
10959.0,1
10961.0,0
10963.0,0
10965.0,1
10967.0,1
10969.0,0
10971.0,1
10973.0,0
10975.0,3
10977.0,1
10979.0,2
10981.0,0
10983.0,0
10985.0,0
10987.0,0
10989.0,1
10991.0,0
10993.0,2
10995.0,1
10997.0,3
10999.0,3
11001.0,2
11003.0,1
11005.0,1
11007.0,2
11009.0,0
11011.0,0
11013.0,0
11015.0,0
11017.0,0
11019.0,1
11021.0,0
11023.0,1
11025.0,3
11027.0,0
11029.0,0
11031.0,2
11033.0,0
11035.0,2
11037.0,0
11039.0,0
11041.0,1
11043.0,0
11045.0,0
11047.0,0
11049.0,0
11051.0,0
11053.0,1
11055.0,0
11057.0,0
11059.0,0
11061.0,0
11063.0,1
11065.0,0
11067.0,1
11069.0,0
11071.0,3
11073.0,0
11075.0,1
11077.0,2
11079.0,1
11081.0,0
11083.0,3
11085.0,3
11087.0,0
11089.0,0
11091.0,1
11093.0,0
11095.0,2
11097.0,0
11099.0,4
11101.0,2
11103.0,0
11105.0,0
11107.0,0
11109.0,1
11111.0,1
11113.0,0
11115.0,1
11117.0,0
11119.0,3
11121.0,0
11123.0,2
11125.0,4
11127.0,2
11129.0,4
11131.0,3
11133.0,1
11135.0,1
11137.0,1
11139.0,1
11141.0,1
11143.0,0
11145.0,0
11147.0,0
11149.0,0
11151.0,0
11153.0,0
11155.0,0
11157.0,0
11159.0,0
11161.0,2
11163.0,0
11165.0,0
11167.0,1
11169.0,2
11171.0,1
11173.0,0
11175.0,2
11177.0,0
11179.0,0
11181.0,0
11183.0,0
11185.0,0
11187.0,0
11189.0,0
11191.0,0
11193.0,1
11195.0,1
11197.0,0
11199.0,0
11201.0,0
11203.0,0
11205.0,3
11207.0,0
11209.0,1
11211.0,0
11213.0,1
11215.0,0
11217.0,0
11219.0,0
11221.0,0
11223.0,0
11225.0,0
11227.0,2
11229.0,1
11231.0,0
11233.0,0
11235.0,0
11237.0,1
11239.0,0
11241.0,0
11243.0,1
11245.0,0
11247.0,0
11249.0,0
11251.0,1
11253.0,1
11255.0,1
11257.0,1
11259.0,0
11261.0,2
11263.0,0
11265.0,0
11267.0,1
11269.0,0
11271.0,0
11273.0,1
11275.0,0
11277.0,0
11279.0,0
11281.0,1
11283.0,0
11285.0,2
11287.0,0
11289.0,0
11291.0,2
11293.0,1
11295.0,1
11297.0,2
11299.0,0
11301.0,1
11303.0,0
11305.0,1
11307.0,1
11309.0,0
11311.0,1
11313.0,1
11315.0,0
11317.0,0
11319.0,0
11321.0,0
11323.0,0
11325.0,0
11327.0,1
11329.0,0
11331.0,0
11333.0,0
11335.0,1
11337.0,3
11339.0,1
11341.0,0
11343.0,0
11345.0,3
11347.0,2
11349.0,0
11351.0,2
11353.0,1
11355.0,3
11357.0,0
11359.0,0
11361.0,0
11363.0,0
11365.0,1
11367.0,0
11369.0,1
11371.0,0
11373.0,1
11375.0,2
11377.0,0
11379.0,0
11381.0,0
11383.0,0
11385.0,0
11387.0,0
11389.0,0
11391.0,0
11393.0,1
11395.0,0
11397.0,0
11399.0,0
11401.0,0
11403.0,0
11405.0,0
11407.0,1
11409.0,2
11411.0,0
11413.0,0
11415.0,2
11417.0,0
11419.0,0
11421.0,1
11423.0,0
11425.0,1
11427.0,1
11429.0,1
11431.0,0
11433.0,0
11435.0,1
11437.0,2
11439.0,0
11441.0,0
11443.0,0
11445.0,1
11447.0,0
11449.0,0
11451.0,0
11453.0,0
11455.0,1
11457.0,0
11459.0,1
11461.0,0
11463.0,1
11465.0,0
11467.0,1
11469.0,1
11471.0,3
11473.0,1
11475.0,0
11477.0,1
11479.0,0
11481.0,0
11483.0,1
11485.0,1
11487.0,0
11489.0,0
11491.0,0
11493.0,0
11495.0,1
11497.0,1
11499.0,0
11501.0,2
11503.0,2
11505.0,1
11507.0,4
11509.0,1
11511.0,2
11513.0,0
11515.0,2
11517.0,0
11519.0,0
11521.0,0
11523.0,0
11525.0,0
11527.0,0
11529.0,0
11531.0,2
11533.0,1
11535.0,1
11537.0,1
11539.0,1
11541.0,5
11543.0,2
11545.0,2
11547.0,1
11549.0,3
11551.0,2
11553.0,0
11555.0,0
11557.0,0
11559.0,1
11561.0,0
11563.0,4
11565.0,0
11567.0,1
11569.0,0
11571.0,0
11573.0,0
11575.0,0
11577.0,0
11579.0,1
11581.0,2
11583.0,1
11585.0,0
11587.0,2
11589.0,3
11591.0,1
11593.0,5
11595.0,2
11597.0,2
11599.0,2
11601.0,3
11603.0,1
11605.0,0
11607.0,0
11609.0,0
11611.0,0
11613.0,1
11615.0,0
11617.0,1
11619.0,1
11621.0,0
11623.0,1
11625.0,0
11627.0,0
11629.0,1
11631.0,3
11633.0,2
11635.0,0
11637.0,3
11639.0,4
11641.0,4
11643.0,3
11645.0,5
11647.0,4
11649.0,1
11651.0,0
11653.0,0
11655.0,0
11657.0,2
11659.0,0
11661.0,1
11663.0,0
11665.0,3
11667.0,2
11669.0,0
11671.0,0
11673.0,2
11675.0,1
11677.0,2
11679.0,4
11681.0,1
11683.0,0
11685.0,5
11687.0,4
11689.0,2
11691.0,5
11693.0,2
11695.0,3
11697.0,1
11699.0,0
11701.0,1
11703.0,1
11705.0,0
11707.0,0
11709.0,5
11711.0,1
11713.0,4
11715.0,3
11717.0,3
11719.0,4
11721.0,1
11723.0,7
11725.0,2
11727.0,3
11729.0,3
11731.0,5
11733.0,2
11735.0,2
11737.0,1
11739.0,0
11741.0,1
11743.0,0
11745.0,1
11747.0,0
11749.0,0
11751.0,1
11753.0,1
11755.0,0
11757.0,0
11759.0,0
11761.0,2
11763.0,0
11765.0,0
11767.0,0
11769.0,0
11771.0,1
11773.0,0
11775.0,0
11777.0,1
11779.0,0
11781.0,0
11783.0,1
11785.0,0
11787.0,0
11789.0,0
11791.0,0
11793.0,0
11795.0,0
11797.0,0
11799.0,0
11801.0,0
11803.0,0
11805.0,0
11807.0,1
11809.0,0
11811.0,0
11813.0,1
11815.0,0
11817.0,0
11819.0,1
11821.0,1
11823.0,0
11825.0,1
11827.0,0
11829.0,0
11831.0,0
11833.0,1
11835.0,0
11837.0,1
11839.0,0
11841.0,0
11843.0,0
11845.0,1
11847.0,0
11849.0,0
11851.0,0
11853.0,0
11855.0,0
11857.0,0
11859.0,0
11861.0,0
11863.0,0
11865.0,0
11867.0,0
11869.0,0
11871.0,0
11873.0,0
11875.0,0
11877.0,1
11879.0,1
11881.0,0
11883.0,1
11885.0,0
11887.0,0
11889.0,0
11891.0,0
11893.0,0
11895.0,0
11897.0,0
11899.0,1
11901.0,0
11903.0,0
11905.0,1
11907.0,0
11909.0,1
11911.0,0
11913.0,1
11915.0,0
11917.0,0
11919.0,0
11921.0,0
11923.0,0
11925.0,1
11927.0,0
11929.0,0
11931.0,2
11933.0,0
11935.0,0
11937.0,1
11939.0,0
11941.0,1
11943.0,1
11945.0,0
11947.0,0
11949.0,0
11951.0,0
11953.0,0
11955.0,0
11957.0,0
11959.0,0
11961.0,0
11963.0,1
11965.0,0
11967.0,0
11969.0,0
11971.0,0
11973.0,0
11975.0,0
11977.0,0
11979.0,0
11981.0,0
11983.0,0
11985.0,0
11987.0,0
11989.0,0
11991.0,0
11993.0,1
11995.0,0
11997.0,0
11999.0,1
12001.0,0
12003.0,1
12005.0,0
12007.0,0
12009.0,0
12011.0,0
12013.0,1
12015.0,0
12017.0,2
12019.0,0
12021.0,0
12023.0,0
12025.0,0
12027.0,0
12029.0,0
12031.0,0
12033.0,0
12035.0,0
12037.0,1
12039.0,0
12041.0,0
12043.0,0
12045.0,1
12047.0,0
12049.0,0
12051.0,1
12053.0,0
12055.0,0
12057.0,1
12059.0,0
12061.0,0
12063.0,0
12065.0,0
12067.0,0
12069.0,0
12071.0,0
12073.0,1
12075.0,0
12077.0,0
12079.0,1
12081.0,0
12083.0,1
12085.0,0
12087.0,0
12089.0,0
12091.0,0
12093.0,0
12095.0,0
12097.0,1
12099.0,0
12101.0,1
12103.0,0
12105.0,0
12107.0,0
12109.0,0
12111.0,0
12113.0,0
12115.0,0
12117.0,0
12119.0,0
12121.0,0
12123.0,0
12125.0,0
12127.0,0
12129.0,0
12131.0,0
12133.0,0
12135.0,1
12137.0,0
12139.0,0
12141.0,0
12143.0,1
12145.0,0
12147.0,0
12149.0,0
12151.0,0
12153.0,0
12155.0,0
12157.0,0
12159.0,0
12161.0,0
12163.0,0
12165.0,0
12167.0,0
12169.0,0
12171.0,0
12173.0,0
12175.0,1
12177.0,0
12179.0,2
12181.0,0
12183.0,0
12185.0,0
12187.0,0
12189.0,0
12191.0,0
12193.0,0
12195.0,0
12197.0,0
12199.0,0
12201.0,0
12203.0,1
12205.0,0
12207.0,0
12209.0,1
12211.0,0
12213.0,0
12215.0,0
12217.0,0
12219.0,0
12221.0,0
12223.0,0
12225.0,0
12227.0,0
12229.0,0
12231.0,0
12233.0,0
12235.0,0
12237.0,0
12239.0,0
12241.0,0
12243.0,2
12245.0,0
12247.0,0
12249.0,0
12251.0,0
12253.0,1
12255.0,0
12257.0,0
12259.0,0
12261.0,0
12263.0,0
12265.0,0
12267.0,1
12269.0,0
12271.0,0
12273.0,0
12275.0,0
12277.0,0
12279.0,1
12281.0,0
12283.0,0
12285.0,0
12287.0,0
12289.0,0
12291.0,0
12293.0,0
12295.0,0
12297.0,0
12299.0,0
12301.0,0
12303.0,0
12305.0,0
12307.0,0
12309.0,0
12311.0,0
12313.0,0
12315.0,0
12317.0,0
12319.0,0
12321.0,0
12323.0,0
12325.0,0
12327.0,1
12329.0,0
12331.0,0
12333.0,0
12335.0,0
12337.0,0
12339.0,0
12341.0,1
12343.0,0
12345.0,0
12347.0,0
12349.0,0
12351.0,0
12353.0,0
12355.0,1
12357.0,0
12359.0,0
12361.0,0
12363.0,2
12365.0,0
12367.0,0
12369.0,0
12371.0,0
12373.0,0
12375.0,0
12377.0,0
12379.0,0
12381.0,0
12383.0,0
12385.0,0
12387.0,0
12389.0,1
12391.0,0
12393.0,0
12395.0,1
12397.0,0
12399.0,1
12401.0,0
12403.0,1
12405.0,0
12407.0,0
12409.0,0
12411.0,0
12413.0,2
12415.0,0
12417.0,0
12419.0,0
12421.0,0
12423.0,0
12425.0,2
12427.0,0
12429.0,2
12431.0,0
12433.0,1
12435.0,0
12437.0,0
12439.0,1
12441.0,0
12443.0,1
12445.0,0
12447.0,0
12449.0,0
12451.0,0
12453.0,0
12455.0,0
12457.0,0
12459.0,0
12461.0,0
12463.0,0
12465.0,0
12467.0,0
12469.0,0
12471.0,0
12473.0,0
12475.0,0
12477.0,0
12479.0,0
12481.0,0
12483.0,0
12485.0,0
12487.0,0
12489.0,0
12491.0,0
12493.0,0
12495.0,0
12497.0,0
12499.0,0
12501.0,0
12503.0,0
12505.0,1
12507.0,0
12509.0,0
12511.0,0
12513.0,0
12515.0,0
12517.0,0
12519.0,0
12521.0,1
12523.0,0
12525.0,0
12527.0,0
12529.0,0
12531.0,0
12533.0,1
12535.0,1
12537.0,0
12539.0,0
12541.0,1
12543.0,0
12545.0,0
12547.0,0
12549.0,0
12551.0,0
12553.0,0
12555.0,0
12557.0,0
12559.0,0
12561.0,3
12563.0,0
12565.0,0
12567.0,1
12569.0,0
12571.0,0
12573.0,0
12575.0,0
12577.0,0
12579.0,0
12581.0,0
12583.0,0
12585.0,1
12587.0,1
12589.0,0
12591.0,0
12593.0,0
12595.0,0
12597.0,0
12599.0,0
12601.0,1
12603.0,0
12605.0,0
12607.0,0
12609.0,1
12611.0,0
12613.0,0
12615.0,2
12617.0,0
12619.0,0
12621.0,1
12623.0,1
12625.0,0
12627.0,0
12629.0,0
12631.0,0
12633.0,0
12635.0,0
12637.0,1
12639.0,0
12641.0,0
12643.0,1
12645.0,1
12647.0,0
12649.0,0
12651.0,1
12653.0,1
12655.0,0
12657.0,1
12659.0,0
12661.0,0
12663.0,2
12665.0,0
12667.0,1
12669.0,0
12671.0,0
12673.0,1
12675.0,1
12677.0,0
12679.0,0
12681.0,0
12683.0,0
12685.0,1
12687.0,0
12689.0,0
12691.0,1
12693.0,0
12695.0,0
12697.0,0
12699.0,0
12701.0,0
12703.0,0
12705.0,1
12707.0,0
12709.0,0
12711.0,2
12713.0,0
12715.0,0
12717.0,1
12719.0,0
12721.0,0
12723.0,1
12725.0,0
12727.0,0
12729.0,1
12731.0,1
12733.0,0
12735.0,0
12737.0,1
12739.0,1
12741.0,2
12743.0,1
12745.0,0
12747.0,0
12749.0,1
12751.0,0
12753.0,0
12755.0,0
12757.0,0
12759.0,0
12761.0,0
12763.0,1
12765.0,0
12767.0,0
12769.0,1
12771.0,1
12773.0,0
12775.0,0
12777.0,0
12779.0,0
12781.0,1
12783.0,0
12785.0,1
12787.0,0
12789.0,0
12791.0,0
12793.0,0
12795.0,0
12797.0,0
12799.0,0
12801.0,0
12803.0,1
12805.0,0
12807.0,0
12809.0,0
12811.0,0
12813.0,0
12815.0,0
12817.0,0
12819.0,0
12821.0,0
12823.0,0
12825.0,0
12827.0,1
12829.0,1
12831.0,1
12833.0,0
12835.0,1
12837.0,1
12839.0,0
12841.0,1
12843.0,1
12845.0,0
12847.0,0
12849.0,0
12851.0,1
12853.0,1
12855.0,0
12857.0,0
12859.0,1
12861.0,1
12863.0,0
12865.0,0
12867.0,0
12869.0,0
12871.0,0
12873.0,0
12875.0,0
12877.0,0
12879.0,0
12881.0,1
12883.0,0
12885.0,0
12887.0,0
12889.0,0
12891.0,0
12893.0,0
12895.0,1
12897.0,0
12899.0,0
12901.0,2
12903.0,0
12905.0,0
12907.0,0
12909.0,0
12911.0,0
12913.0,0
12915.0,0
12917.0,0
12919.0,0
12921.0,1
12923.0,0
12925.0,0
12927.0,0
12929.0,0
12931.0,0
12933.0,0
12935.0,0
12937.0,0
12939.0,0
12941.0,1
12943.0,0
12945.0,0
12947.0,0
12949.0,0
12951.0,0
12953.0,0
12955.0,0
12957.0,0
12959.0,0
12961.0,0
12963.0,0
12965.0,0
12967.0,0
12969.0,1
12971.0,0
12973.0,0
12975.0,0
12977.0,0
12979.0,0
12981.0,0
12983.0,0
12985.0,0
12987.0,0
12989.0,0
12991.0,0
12993.0,0
12995.0,1
12997.0,0
