Bin center (eV),Counts per 2 eV bin
801.0,7
803.0,9
805.0,13
807.0,10
809.0,12
811.0,10
813.0,6
815.0,16
817.0,16
819.0,13
821.0,13
823.0,12
825.0,8
827.0,14
829.0,12
831.0,11
833.0,18
835.0,17
837.0,8
839.0,9
841.0,17
843.0,13
845.0,12
847.0,11
849.0,19
851.0,12
853.0,22
855.0,19
857.0,21
859.0,13
861.0,13
863.0,12
865.0,11
867.0,19
869.0,19
871.0,13
873.0,10
875.0,6
877.0,9
879.0,13
881.0,17
883.0,10
885.0,15
887.0,19
889.0,31
891.0,38
893.0,51
895.0,66
897.0,41
899.0,25
901.0,23
903.0,20
905.0,19
907.0,19
909.0,23
911.0,19
913.0,20
915.0,39
917.0,26
919.0,26
921.0,22
923.0,31
925.0,34
927.0,39
929.0,62
931.0,59
933.0,63
935.0,51
937.0,49
939.0,60
941.0,41
943.0,47
945.0,55
947.0,70
949.0,114
951.0,184
953.0,266
955.0,331
957.0,297
959.0,217
961.0,247
963.0,335
965.0,532
967.0,508
969.0,348
971.0,233
973.0,131
975.0,113
977.0,104
979.0,73
981.0,47
983.0,48
985.0,45
987.0,37
989.0,46
991.0,30
993.0,30
995.0,34
997.0,48
999.0,54
1001.0,58
1003.0,59
1005.0,47
1007.0,52
1009.0,89
1011.0,146
1013.0,299
1015.0,370
1017.0,213
1019.0,113
1021.0,118
1023.0,175
1025.0,265
1027.0,416
1029.0,431
1031.0,252
1033.0,192
1035.0,277
1037.0,315
1039.0,215
1041.0,150
1043.0,117
1045.0,103
1047.0,86
1049.0,63
1051.0,51
1053.0,56
1055.0,67
1057.0,52
1059.0,46
1061.0,60
1063.0,59
1065.0,36
1067.0,34
1069.0,58
1071.0,30
1073.0,53
1075.0,41
1077.0,42
1079.0,36
1081.0,44
1083.0,26
1085.0,35
1087.0,30
1089.0,32
1091.0,26
1093.0,37
1095.0,39
1097.0,41
1099.0,21
1101.0,26
1103.0,28
1105.0,36
1107.0,30
1109.0,33
1111.0,36
1113.0,24
1115.0,17
1117.0,17
1119.0,20
1121.0,38
1123.0,60
1125.0,55
1127.0,48
1129.0,27
1131.0,30
1133.0,25
1135.0,26
1137.0,20
1139.0,19
1141.0,20
1143.0,20
1145.0,16
1147.0,24
1149.0,19
1151.0,24
1153.0,24
1155.0,19
1157.0,24
1159.0,24
1161.0,22
1163.0,21
1165.0,26
1167.0,18
1169.0,26
1171.0,23
1173.0,18
1175.0,26
1177.0,22
1179.0,17
1181.0,21
1183.0,19
1185.0,20
1187.0,16
1189.0,19
1191.0,18
1193.0,35
1195.0,28
1197.0,30
1199.0,20
1201.0,19
1203.0,19
1205.0,22
1207.0,30
1209.0,28
1211.0,28
1213.0,34
1215.0,27
1217.0,34
1219.0,31
1221.0,21
1223.0,17
1225.0,16
1227.0,22
1229.0,23
1231.0,32
1233.0,41
1235.0,26
1237.0,27
1239.0,29
1241.0,24
1243.0,30
1245.0,25
1247.0,22
1249.0,34
1251.0,21
1253.0,26
1255.0,26
1257.0,27
1259.0,20
1261.0,24
1263.0,26
1265.0,33
1267.0,29
1269.0,28
1271.0,25
1273.0,32
1275.0,29
1277.0,27
1279.0,34
1281.0,32
1283.0,32
1285.0,21
1287.0,25
1289.0,31
1291.0,27
1293.0,33
1295.0,34
1297.0,35
1299.0,32
1301.0,29
1303.0,25
1305.0,27
1307.0,30
1309.0,22
1311.0,32
1313.0,37
1315.0,29
1317.0,35
1319.0,16
1321.0,31
1323.0,36
1325.0,32
1327.0,33
1329.0,29
1331.0,34
1333.0,27
1335.0,29
1337.0,26
1339.0,39
1341.0,29
1343.0,44
1345.0,41
1347.0,38
1349.0,28
1351.0,37
1353.0,31
1355.0,31
1357.0,37
1359.0,34
1361.0,33
1363.0,24
1365.0,24
1367.0,22
1369.0,16
1371.0,37
1373.0,21
1375.0,21
1377.0,36
1379.0,48
1381.0,30
1383.0,43
1385.0,26
1387.0,30
1389.0,31
1391.0,23
1393.0,24
1395.0,30
1397.0,39
1399.0,22
1401.0,30
1403.0,32
1405.0,30
1407.0,35
1409.0,35
1411.0,33
1413.0,23
1415.0,23
1417.0,24
1419.0,27
1421.0,27
1423.0,22
1425.0,19
1427.0,17
1429.0,28
1431.0,29
1433.0,27
1435.0,32
1437.0,37
1439.0,34
1441.0,21
1443.0,26
1445.0,29
1447.0,27
1449.0,26
1451.0,17
1453.0,25
1455.0,29
1457.0,24
1459.0,31
1461.0,31
1463.0,20
1465.0,24
1467.0,26
1469.0,40
1471.0,58
1473.0,52
1475.0,40
1477.0,32
1479.0,68
1481.0,46
1483.0,27
1485.0,27
1487.0,30
1489.0,27
1491.0,26
1493.0,19
1495.0,23
1497.0,30
1499.0,40
1501.0,39
1503.0,44
1505.0,30
1507.0,25
1509.0,27
1511.0,20
1513.0,26
1515.0,29
1517.0,23
1519.0,25
1521.0,24
1523.0,23
1525.0,31
1527.0,22
1529.0,24
1531.0,25
1533.0,21
1535.0,15
1537.0,18
1539.0,22
1541.0,25
1543.0,23
1545.0,25
1547.0,21
1549.0,14
1551.0,20
1553.0,12
1555.0,13
1557.0,6
1559.0,13
1561.0,19
1563.0,12
1565.0,16
1567.0,16
1569.0,9
1571.0,14
1573.0,16
1575.0,13
1577.0,16
1579.0,15
1581.0,15
1583.0,18
1585.0,17
1587.0,23
1589.0,20
1591.0,29
1593.0,19
1595.0,12
1597.0,18
1599.0,42
1601.0,61
1603.0,46
1605.0,24
1607.0,18
1609.0,19
1611.0,15
1613.0,17
1615.0,10
1617.0,19
1619.0,15
1621.0,15
1623.0,18
1625.0,16
1627.0,16
1629.0,25
1631.0,10
1633.0,27
1635.0,18
1637.0,40
1639.0,53
1641.0,42
1643.0,30
1645.0,16
1647.0,13
1649.0,18
1651.0,24
1653.0,21
1655.0,22
1657.0,12
1659.0,20
1661.0,29
1663.0,20
1665.0,25
1667.0,23
1669.0,11
1671.0,12
1673.0,15
1675.0,23
1677.0,15
1679.0,5
1681.0,15
1683.0,12
1685.0,10
1687.0,16
1689.0,12
1691.0,28
1693.0,25
1695.0,21
1697.0,13
1699.0,20
1701.0,15
1703.0,20
1705.0,26
1707.0,25
1709.0,20
1711.0,18
1713.0,25
1715.0,14
1717.0,16
1719.0,21
1721.0,19
1723.0,27
1725.0,14
1727.0,13
1729.0,15
1731.0,20
1733.0,15
1735.0,12
1737.0,22
1739.0,15
1741.0,26
1743.0,17
1745.0,17
1747.0,10
1749.0,14
1751.0,13
1753.0,18
1755.0,20
1757.0,15
1759.0,19
1761.0,24
1763.0,24
1765.0,24
1767.0,14
1769.0,11
1771.0,13
1773.0,17
1775.0,21
1777.0,14
1779.0,11
1781.0,13
1783.0,11
1785.0,25
1787.0,14
1789.0,16
1791.0,16
1793.0,14
1795.0,16
1797.0,31
1799.0,33
1801.0,25
1803.0,17
1805.0,17
1807.0,14
1809.0,23
1811.0,15
1813.0,16
1815.0,15
1817.0,16
1819.0,13
1821.0,18
1823.0,19
1825.0,11
1827.0,18
1829.0,12
1831.0,16
1833.0,13
1835.0,15
1837.0,14
1839.0,13
1841.0,16
1843.0,12
1845.0,21
1847.0,21
1849.0,19
1851.0,12
1853.0,16
1855.0,14
1857.0,22
1859.0,21
1861.0,12
1863.0,15
1865.0,26
1867.0,16
1869.0,29
1871.0,28
1873.0,31
1875.0,35
1877.0,31
1879.0,20
1881.0,12
1883.0,18
1885.0,22
1887.0,19
1889.0,17
1891.0,21
1893.0,17
1895.0,14
1897.0,27
1899.0,17
1901.0,21
1903.0,26
1905.0,19
1907.0,23
1909.0,23
1911.0,30
1913.0,21
1915.0,20
1917.0,29
1919.0,19
1921.0,15
1923.0,26
1925.0,17
1927.0,26
1929.0,33
1931.0,39
1933.0,58
1935.0,94
1937.0,95
1939.0,73
1941.0,51
1943.0,53
1945.0,36
1947.0,23
1949.0,37
1951.0,23
1953.0,30
1955.0,15
1957.0,26
1959.0,23
1961.0,49
1963.0,61
1965.0,68
1967.0,61
1969.0,28
1971.0,23
1973.0,23
1975.0,25
1977.0,25
1979.0,21
1981.0,19
1983.0,21
1985.0,16
1987.0,15
1989.0,18
1991.0,13
1993.0,15
1995.0,15
1997.0,18
1999.0,11
2001.0,12
2003.0,21
2005.0,23
2007.0,25
2009.0,19
2011.0,12
2013.0,16
2015.0,17
2017.0,17
2019.0,21
2021.0,22
2023.0,15
2025.0,24
2027.0,24
2029.0,13
2031.0,18
2033.0,15
2035.0,24
2037.0,18
2039.0,31
2041.0,23
2043.0,30
2045.0,23
2047.0,20
2049.0,17
2051.0,18
2053.0,14
2055.0,19
2057.0,13
2059.0,27
2061.0,17
2063.0,23
2065.0,26
2067.0,18
2069.0,23
2071.0,17
2073.0,10
2075.0,15
2077.0,16
2079.0,14
2081.0,17
2083.0,24
2085.0,35
2087.0,30
2089.0,29
2091.0,33
2093.0,16
2095.0,24
2097.0,22
2099.0,28
2101.0,18
2103.0,13
2105.0,19
2107.0,14
2109.0,18
2111.0,12
2113.0,19
2115.0,22
2117.0,18
2119.0,9
2121.0,18
2123.0,14
2125.0,19
2127.0,17
2129.0,21
2131.0,20
2133.0,26
2135.0,17
2137.0,26
2139.0,33
2141.0,17
2143.0,30
2145.0,30
2147.0,32
2149.0,23
2151.0,33
2153.0,28
2155.0,28
2157.0,23
2159.0,23
2161.0,25
2163.0,29
2165.0,21
2167.0,20
2169.0,25
2171.0,24
2173.0,27
2175.0,30
2177.0,42
2179.0,28
2181.0,34
2183.0,17
2185.0,14
2187.0,20
2189.0,26
2191.0,28
2193.0,28
2195.0,36
2197.0,32
2199.0,24
2201.0,28
2203.0,24
2205.0,27
2207.0,26
2209.0,36
2211.0,50
2213.0,37
2215.0,33
2217.0,36
2219.0,27
2221.0,26
2223.0,37
2225.0,39
2227.0,51
2229.0,42
2231.0,41
2233.0,41
2235.0,40
2237.0,32
2239.0,38
2241.0,28
2243.0,23
2245.0,33
2247.0,35
2249.0,37
2251.0,37
2253.0,73
2255.0,83
2257.0,48
2259.0,31
2261.0,28
2263.0,23
2265.0,29
2267.0,34
2269.0,23
2271.0,24
2273.0,40
2275.0,34
2277.0,29
2279.0,33
2281.0,29
2283.0,30
2285.0,33
2287.0,37
2289.0,23
2291.0,25
2293.0,33
2295.0,39
2297.0,24
2299.0,35
2301.0,44
2303.0,40
2305.0,47
2307.0,54
2309.0,48
2311.0,50
2313.0,32
2315.0,24
2317.0,41
2319.0,31
2321.0,32
2323.0,42
2325.0,44
2327.0,39
2329.0,32
2331.0,31
2333.0,32
2335.0,28
2337.0,15
2339.0,26
2341.0,17
2343.0,27
2345.0,19
2347.0,35
2349.0,25
2351.0,38
2353.0,31
2355.0,34
2357.0,46
2359.0,47
2361.0,54
2363.0,41
2365.0,30
2367.0,36
2369.0,32
2371.0,40
2373.0,30
2375.0,41
2377.0,27
2379.0,40
2381.0,42
2383.0,26
2385.0,28
2387.0,30
2389.0,31
2391.0,29
2393.0,26
2395.0,33
2397.0,33
2399.0,34
2401.0,33
2403.0,36
2405.0,46
2407.0,50
2409.0,55
2411.0,40
2413.0,41
2415.0,42
2417.0,37
2419.0,61
2421.0,45
2423.0,42
2425.0,37
2427.0,49
2429.0,39
2431.0,37
2433.0,42
2435.0,39
2437.0,33
2439.0,45
2441.0,48
2443.0,34
2445.0,27
2447.0,48
2449.0,47
2451.0,48
2453.0,27
2455.0,34
2457.0,45
2459.0,56
2461.0,55
2463.0,33
2465.0,47
2467.0,40
2469.0,70
2471.0,80
2473.0,63
2475.0,58
2477.0,45
2479.0,62
2481.0,59
2483.0,51
2485.0,44
2487.0,35
2489.0,29
2491.0,21
2493.0,37
2495.0,32
2497.0,23
2499.0,33
2501.0,42
2503.0,30
2505.0,33
2507.0,50
2509.0,42
2511.0,49
2513.0,45
2515.0,51
2517.0,27
2519.0,24
2521.0,31
2523.0,35
2525.0,46
2527.0,35
2529.0,33
2531.0,33
2533.0,30
2535.0,40
2537.0,36
2539.0,35
2541.0,24
2543.0,31
2545.0,33
2547.0,34
2549.0,38
2551.0,32
2553.0,40
2555.0,40
2557.0,46
2559.0,69
2561.0,59
2563.0,56
2565.0,52
2567.0,33
2569.0,31
2571.0,41
2573.0,36
2575.0,46
2577.0,31
2579.0,28
2581.0,46
2583.0,36
2585.0,38
2587.0,33
2589.0,43
2591.0,24
2593.0,31
2595.0,38
2597.0,36
2599.0,33
2601.0,58
2603.0,39
2605.0,54
2607.0,61
2609.0,50
2611.0,43
2613.0,58
2615.0,68
2617.0,51
2619.0,56
2621.0,54
2623.0,53
2625.0,43
2627.0,34
2629.0,39
2631.0,31
2633.0,33
2635.0,32
2637.0,35
2639.0,43
2641.0,44
2643.0,59
2645.0,71
2647.0,47
2649.0,59
2651.0,31
2653.0,46
2655.0,42
2657.0,41
2659.0,45
2661.0,58
2663.0,58
2665.0,56
2667.0,38
2669.0,43
2671.0,35
2673.0,49
2675.0,43
2677.0,36
2679.0,34
2681.0,28
2683.0,44
2685.0,43
2687.0,57
2689.0,46
2691.0,40
2693.0,24
2695.0,38
2697.0,42
2699.0,47
2701.0,53
2703.0,63
2705.0,46
2707.0,46
2709.0,36
2711.0,26
2713.0,27
2715.0,32
2717.0,37
2719.0,28
2721.0,41
2723.0,41
2725.0,47
2727.0,48
2729.0,47
2731.0,38
2733.0,63
2735.0,51
2737.0,55
2739.0,37
2741.0,31
2743.0,58
2745.0,37
2747.0,38
2749.0,45
2751.0,30
2753.0,36
2755.0,31
2757.0,31
2759.0,24
2761.0,34
2763.0,32
2765.0,34
2767.0,37
2769.0,39
2771.0,56
2773.0,62
2775.0,77
2777.0,82
2779.0,71
2781.0,59
2783.0,44
2785.0,41
2787.0,60
2789.0,40
2791.0,42
2793.0,39
2795.0,38
2797.0,35
2799.0,40
2801.0,37
2803.0,35
2805.0,24
2807.0,30
2809.0,31
2811.0,32
2813.0,34
2815.0,48
2817.0,56
2819.0,55
2821.0,72
2823.0,58
2825.0,79
2827.0,91
2829.0,76
2831.0,68
2833.0,48
2835.0,39
2837.0,36
2839.0,36
2841.0,29
2843.0,29
2845.0,33
2847.0,41
2849.0,38
2851.0,29
2853.0,50
2855.0,36
2857.0,33
2859.0,30
2861.0,51
2863.0,51
2865.0,54
2867.0,69
2869.0,64
2871.0,56
2873.0,51
2875.0,44
2877.0,48
2879.0,40
2881.0,43
2883.0,39
2885.0,40
2887.0,30
2889.0,27
2891.0,25
2893.0,31
2895.0,52
2897.0,57
2899.0,62
2901.0,63
2903.0,50
2905.0,61
2907.0,39
2909.0,58
2911.0,42
2913.0,50
2915.0,60
2917.0,43
2919.0,56
2921.0,57
2923.0,46
2925.0,37
2927.0,37
2929.0,41
2931.0,48
2933.0,48
2935.0,45
2937.0,38
2939.0,32
2941.0,33
2943.0,53
2945.0,61
2947.0,70
2949.0,86
2951.0,62
2953.0,63
2955.0,44
2957.0,43
2959.0,39
2961.0,36
2963.0,33
2965.0,36
2967.0,35
2969.0,25
2971.0,59
2973.0,58
2975.0,58
2977.0,54
2979.0,42
2981.0,46
2983.0,45
2985.0,58
2987.0,70
2989.0,72
2991.0,81
2993.0,76
2995.0,62
2997.0,38
2999.0,44
3001.0,34
3003.0,32
3005.0,28
3007.0,35
3009.0,32
3011.0,28
3013.0,49
3015.0,58
3017.0,44
3019.0,80
3021.0,54
3023.0,55
3025.0,55
3027.0,45
3029.0,52
3031.0,56
3033.0,59
3035.0,46
3037.0,50
3039.0,36
3041.0,38
3043.0,40
3045.0,39
3047.0,61
3049.0,48
3051.0,35
3053.0,34
3055.0,28
3057.0,30
3059.0,25
3061.0,30
3063.0,30
3065.0,27
3067.0,36
3069.0,26
3071.0,39
3073.0,30
3075.0,41
3077.0,44
3079.0,36
3081.0,39
3083.0,46
3085.0,46
3087.0,26
3089.0,39
3091.0,37
3093.0,39
3095.0,54
3097.0,39
3099.0,58
3101.0,67
3103.0,40
3105.0,37
3107.0,27
3109.0,19
3111.0,32
3113.0,41
3115.0,58
3117.0,68
3119.0,63
3121.0,49
3123.0,29
3125.0,19
3127.0,29
3129.0,31
3131.0,49
3133.0,42
3135.0,32
3137.0,42
3139.0,33
3141.0,37
3143.0,33
3145.0,26
3147.0,37
3149.0,44
3151.0,42
3153.0,48
3155.0,37
3157.0,44
3159.0,44
3161.0,26
3163.0,29
3165.0,30
3167.0,49
3169.0,67
3171.0,79
3173.0,56
3175.0,52
3177.0,56
3179.0,34
3181.0,46
3183.0,53
3185.0,41
3187.0,49
3189.0,39
3191.0,43
3193.0,49
3195.0,43
3197.0,36
3199.0,41
3201.0,50
3203.0,42
3205.0,56
3207.0,39
3209.0,33
3211.0,29
3213.0,15
3215.0,26
3217.0,28
3219.0,29
3221.0,42
3223.0,45
3225.0,53
3227.0,46
3229.0,52
3231.0,60
3233.0,37
3235.0,53
3237.0,48
3239.0,53
3241.0,43
3243.0,56
3245.0,51
3247.0,52
3249.0,49
3251.0,54
3253.0,43
3255.0,47
3257.0,41
3259.0,37
3261.0,46
3263.0,44
3265.0,28
3267.0,30
3269.0,21
3271.0,31
3273.0,24
3275.0,20
3277.0,29
3279.0,34
3281.0,25
3283.0,21
3285.0,14
3287.0,37
3289.0,26
3291.0,31
3293.0,28
3295.0,31
3297.0,40
3299.0,29
3301.0,44
3303.0,38
3305.0,51
3307.0,53
3309.0,39
3311.0,37
3313.0,41
3315.0,32
3317.0,34
3319.0,30
3321.0,38
3323.0,32
3325.0,26
3327.0,31
3329.0,35
3331.0,40
3333.0,48
3335.0,42
3337.0,45
3339.0,27
3341.0,25
3343.0,29
3345.0,36
3347.0,31
3349.0,42
3351.0,28
3353.0,29
3355.0,44
3357.0,44
3359.0,51
3361.0,50
3363.0,71
3365.0,48
3367.0,58
3369.0,60
3371.0,47
3373.0,42
3375.0,27
3377.0,27
3379.0,22
3381.0,13
3383.0,23
3385.0,22
3387.0,21
3389.0,17
3391.0,27
3393.0,25
3395.0,30
3397.0,32
3399.0,26
3401.0,36
3403.0,29
3405.0,48
3407.0,67
3409.0,63
3411.0,68
3413.0,62
3415.0,52
3417.0,46
3419.0,30
3421.0,43
3423.0,22
3425.0,32
3427.0,31
3429.0,26
3431.0,29
3433.0,24
3435.0,32
3437.0,36
3439.0,36
3441.0,53
3443.0,58
3445.0,40
3447.0,32
3449.0,71
3451.0,46
3453.0,40
3455.0,59
3457.0,40
3459.0,50
3461.0,44
3463.0,36
3465.0,21
3467.0,23
3469.0,19
3471.0,21
3473.0,21
3475.0,28
3477.0,31
3479.0,28
3481.0,31
3483.0,39
3485.0,53
3487.0,66
3489.0,55
3491.0,54
3493.0,54
3495.0,51
3497.0,40
3499.0,35
3501.0,35
3503.0,21
3505.0,27
3507.0,19
3509.0,36
3511.0,42
3513.0,41
3515.0,22
3517.0,40
3519.0,48
3521.0,48
3523.0,46
3525.0,40
3527.0,42
3529.0,31
3531.0,32
3533.0,33
3535.0,32
3537.0,31
3539.0,31
3541.0,23
3543.0,26
3545.0,26
3547.0,37
3549.0,19
3551.0,29
3553.0,26
3555.0,25
3557.0,30
3559.0,33
3561.0,23
3563.0,28
3565.0,44
3567.0,46
3569.0,42
3571.0,40
3573.0,37
3575.0,25
3577.0,26
3579.0,27
3581.0,27
3583.0,28
3585.0,38
3587.0,37
3589.0,55
3591.0,43
3593.0,48
3595.0,38
3597.0,32
3599.0,24
3601.0,43
3603.0,40
3605.0,51
3607.0,78
3609.0,51
3611.0,22
3613.0,16
3615.0,17
3617.0,7
3619.0,14
3621.0,23
3623.0,12
3625.0,24
3627.0,15
3629.0,22
3631.0,46
3633.0,55
3635.0,67
3637.0,58
3639.0,54
3641.0,51
3643.0,30
3645.0,25
3647.0,34
3649.0,28
3651.0,31
3653.0,14
3655.0,20
3657.0,12
3659.0,9
3661.0,11
3663.0,14
3665.0,15
3667.0,21
3669.0,22
3671.0,32
3673.0,36
3675.0,44
3677.0,39
3679.0,34
3681.0,52
3683.0,35
3685.0,39
3687.0,38
3689.0,55
3691.0,51
3693.0,34
3695.0,23
3697.0,31
3699.0,26
3701.0,17
3703.0,20
3705.0,22
3707.0,20
3709.0,26
3711.0,27
3713.0,21
3715.0,24
3717.0,18
3719.0,23
3721.0,20
3723.0,36
3725.0,34
3727.0,12
3729.0,15
3731.0,21
3733.0,11
3735.0,13
3737.0,16
3739.0,20
3741.0,17
3743.0,33
3745.0,29
3747.0,20
3749.0,16
3751.0,22
3753.0,23
3755.0,22
3757.0,30
3759.0,25
3761.0,26
3763.0,17
3765.0,15
3767.0,33
3769.0,34
3771.0,24
3773.0,17
3775.0,13
3777.0,16
3779.0,17
3781.0,15
3783.0,7
3785.0,15
3787.0,18
3789.0,16
3791.0,14
3793.0,20
3795.0,38
3797.0,24
3799.0,21
3801.0,17
3803.0,16
3805.0,13
3807.0,19
3809.0,25
3811.0,33
3813.0,27
3815.0,19
3817.0,11
3819.0,14
3821.0,19
3823.0,19
3825.0,7
3827.0,14
3829.0,17
3831.0,12
3833.0,23
3835.0,28
3837.0,23
3839.0,12
3841.0,22
3843.0,22
3845.0,21
3847.0,17
3849.0,12
3851.0,19
3853.0,22
3855.0,16
3857.0,16
3859.0,15
3861.0,14
3863.0,21
3865.0,20
3867.0,11
3869.0,12
3871.0,5
3873.0,12
3875.0,11
3877.0,17
3879.0,19
3881.0,11
3883.0,13
3885.0,11
3887.0,12
3889.0,17
3891.0,11
3893.0,11
3895.0,12
3897.0,19
3899.0,12
3901.0,27
3903.0,30
3905.0,28
3907.0,24
3909.0,7
3911.0,4
3913.0,7
3915.0,11
3917.0,9
3919.0,17
3921.0,13
3923.0,8
3925.0,16
3927.0,18
3929.0,15
3931.0,19
3933.0,8
3935.0,10
3937.0,11
3939.0,17
3941.0,10
3943.0,19
3945.0,17
3947.0,17
3949.0,16
3951.0,9
3953.0,14
3955.0,19
3957.0,10
3959.0,13
3961.0,22
3963.0,23
3965.0,37
3967.0,25
3969.0,13
3971.0,12
3973.0,8
3975.0,18
3977.0,8
3979.0,8
3981.0,16
3983.0,10
3985.0,15
3987.0,6
3989.0,5
3991.0,8
3993.0,11
3995.0,8
3997.0,9
3999.0,10
4001.0,12
4003.0,19
4005.0,11
4007.0,9
4009.0,6
4011.0,11
4013.0,10
4015.0,3
4017.0,8
4019.0,6
4021.0,9
4023.0,17
4025.0,9
4027.0,15
4029.0,11
4031.0,8
4033.0,9
4035.0,12
4037.0,6
4039.0,9
4041.0,14
4043.0,12
4045.0,11
4047.0,17
4049.0,7
4051.0,10
4053.0,10
4055.0,16
4057.0,9
4059.0,7
4061.0,3
4063.0,9
4065.0,12
4067.0,16
4069.0,9
4071.0,10
4073.0,2
4075.0,11
4077.0,5
4079.0,7
4081.0,11
4083.0,17
4085.0,21
4087.0,14
4089.0,11
4091.0,4
4093.0,3
4095.0,4
4097.0,11
4099.0,2
4101.0,9
4103.0,7
4105.0,9
4107.0,12
4109.0,4
4111.0,7
4113.0,8
4115.0,12
4117.0,13
4119.0,13
4121.0,20
4123.0,13
4125.0,9
4127.0,14
4129.0,19
4131.0,16
4133.0,14
4135.0,6
4137.0,15
4139.0,22
4141.0,16
4143.0,9
4145.0,8
4147.0,9
4149.0,11
4151.0,13
4153.0,10
4155.0,6
4157.0,11
4159.0,8
4161.0,8
4163.0,12
4165.0,7
4167.0,10
4169.0,8
4171.0,7
4173.0,6
4175.0,7
4177.0,10
4179.0,8
4181.0,10
4183.0,13
4185.0,7
4187.0,3
4189.0,6
4191.0,10
4193.0,4
4195.0,7
4197.0,7
4199.0,9
4201.0,12
4203.0,8
4205.0,7
4207.0,14
4209.0,11
4211.0,19
4213.0,20
4215.0,13
4217.0,13
4219.0,17
4221.0,16
4223.0,12
4225.0,12
4227.0,11
4229.0,10
4231.0,15
4233.0,6
4235.0,13
4237.0,6
4239.0,10
4241.0,7
4243.0,9
4245.0,10
4247.0,5
4249.0,7
4251.0,17
4253.0,9
4255.0,22
4257.0,17
4259.0,10
4261.0,13
4263.0,3
4265.0,8
4267.0,6
4269.0,6
4271.0,15
4273.0,17
4275.0,11
4277.0,12
4279.0,10
4281.0,14
4283.0,10
4285.0,7
4287.0,1
4289.0,6
4291.0,11
4293.0,13
4295.0,35
4297.0,26
4299.0,19
4301.0,11
4303.0,6
4305.0,11
4307.0,7
4309.0,7
4311.0,11
4313.0,6
4315.0,12
4317.0,22
4319.0,15
4321.0,14
4323.0,9
4325.0,7
4327.0,11
4329.0,4
4331.0,12
4333.0,4
4335.0,10
4337.0,15
4339.0,14
4341.0,19
4343.0,15
4345.0,20
4347.0,18
4349.0,8
4351.0,7
4353.0,11
4355.0,11
4357.0,10
4359.0,14
4361.0,14
4363.0,14
4365.0,17
4367.0,6
4369.0,11
4371.0,15
4373.0,12
4375.0,8
4377.0,14
4379.0,6
4381.0,6
4383.0,15
4385.0,9
4387.0,11
4389.0,17
4391.0,22
4393.0,10
4395.0,8
4397.0,9
4399.0,14
4401.0,14
4403.0,10
4405.0,12
4407.0,12
4409.0,15
4411.0,26
4413.0,24
4415.0,18
4417.0,21
4419.0,10
4421.0,14
4423.0,14
4425.0,11
4427.0,4
4429.0,8
4431.0,7
4433.0,4
4435.0,4
4437.0,6
4439.0,4
4441.0,3
4443.0,10
4445.0,5
4447.0,7
4449.0,4
4451.0,3
4453.0,3
4455.0,9
4457.0,9
4459.0,8
4461.0,10
4463.0,17
4465.0,23
4467.0,28
4469.0,29
4471.0,22
4473.0,14
4475.0,2
4477.0,5
4479.0,4
4481.0,5
4483.0,6
4485.0,9
4487.0,8
4489.0,6
4491.0,16
4493.0,9
4495.0,10
4497.0,7
4499.0,18
4501.0,8
4503.0,13
4505.0,13
4507.0,13
4509.0,17
4511.0,7
4513.0,9
4515.0,14
4517.0,11
4519.0,9
4521.0,7
4523.0,9
4525.0,7
4527.0,8
4529.0,4
4531.0,5
4533.0,4
4535.0,3
4537.0,5
4539.0,3
4541.0,6
4543.0,10
4545.0,17
4547.0,12
4549.0,19
4551.0,8
4553.0,6
4555.0,9
4557.0,9
4559.0,14
4561.0,13
4563.0,16
4565.0,23
4567.0,21
4569.0,16
4571.0,23
4573.0,15
4575.0,9
4577.0,11
4579.0,5
4581.0,12
4583.0,9
4585.0,4
4587.0,10
4589.0,12
4591.0,6
4593.0,9
4595.0,11
4597.0,8
4599.0,3
4601.0,7
4603.0,3
4605.0,11
4607.0,21
4609.0,19
4611.0,8
4613.0,9
4615.0,4
4617.0,3
4619.0,7
4621.0,5
4623.0,10
4625.0,6
4627.0,7
4629.0,6
4631.0,4
4633.0,6
4635.0,11
4637.0,11
4639.0,14
4641.0,6
4643.0,5
4645.0,6
4647.0,3
4649.0,12
4651.0,6
4653.0,10
4655.0,18
4657.0,23
4659.0,20
4661.0,12
4663.0,6
4665.0,3
4667.0,10
4669.0,6
4671.0,5
4673.0,3
4675.0,2
4677.0,5
4679.0,6
4681.0,6
4683.0,6
4685.0,8
4687.0,6
4689.0,10
4691.0,6
4693.0,10
4695.0,9
4697.0,5
4699.0,8
4701.0,9
4703.0,4
4705.0,7
4707.0,3
4709.0,6
4711.0,8
4713.0,5
4715.0,5
4717.0,6
4719.0,7
4721.0,6
4723.0,5
4725.0,2
4727.0,4
4729.0,10
4731.0,7
4733.0,4
4735.0,6
4737.0,3
4739.0,8
4741.0,1
4743.0,9
4745.0,9
4747.0,3
4749.0,1
4751.0,7
4753.0,7
4755.0,6
4757.0,8
4759.0,13
4761.0,5
4763.0,5
4765.0,8
4767.0,9
4769.0,5
4771.0,9
4773.0,10
4775.0,5
4777.0,5
4779.0,5
4781.0,11
4783.0,9
4785.0,9
4787.0,4
4789.0,2
4791.0,6
4793.0,3
4795.0,3
4797.0,3
4799.0,4
4801.0,2
4803.0,4
4805.0,5
4807.0,3
4809.0,4
4811.0,6
4813.0,0
4815.0,10
4817.0,6
4819.0,7
4821.0,8
4823.0,10
4825.0,3
4827.0,11
4829.0,5
4831.0,3
4833.0,5
4835.0,12
4837.0,5
4839.0,7
4841.0,10
4843.0,12
4845.0,6
4847.0,14
4849.0,6
4851.0,3
4853.0,5
4855.0,11
4857.0,6
4859.0,8
4861.0,4
4863.0,5
4865.0,5
4867.0,5
4869.0,5
4871.0,4
4873.0,5
4875.0,3
4877.0,2
4879.0,4
4881.0,5
4883.0,1
4885.0,6
4887.0,9
4889.0,8
4891.0,11
4893.0,10
4895.0,12
4897.0,7
4899.0,10
4901.0,11
4903.0,8
4905.0,2
4907.0,5
4909.0,5
4911.0,8
4913.0,6
4915.0,5
4917.0,9
4919.0,9
4921.0,9
4923.0,5
4925.0,7
4927.0,4
4929.0,4
4931.0,5
4933.0,2
4935.0,4
4937.0,12
4939.0,8
4941.0,6
4943.0,3
4945.0,2
4947.0,6
4949.0,1
4951.0,8
4953.0,5
4955.0,4
4957.0,9
4959.0,13
4961.0,11
4963.0,10
4965.0,8
4967.0,9
4969.0,10
4971.0,24
4973.0,18
4975.0,9
4977.0,6
4979.0,1
4981.0,8
4983.0,7
4985.0,6
4987.0,6
4989.0,3
4991.0,8
4993.0,6
4995.0,9
4997.0,9
4999.0,5
5001.0,9
5003.0,10
5005.0,5
5007.0,4
5009.0,9
5011.0,2
5013.0,6
5015.0,5
5017.0,7
5019.0,6
5021.0,6
5023.0,8
5025.0,11
5027.0,5
5029.0,6
5031.0,6
5033.0,6
5035.0,6
5037.0,9
5039.0,6
5041.0,9
5043.0,8
5045.0,3
5047.0,5
5049.0,3
5051.0,3
5053.0,5
5055.0,14
5057.0,6
5059.0,5
5061.0,10
5063.0,5
5065.0,5
5067.0,8
5069.0,5
5071.0,8
5073.0,7
5075.0,5
5077.0,3
5079.0,6
5081.0,10
5083.0,11
5085.0,12
5087.0,8
5089.0,11
5091.0,8
5093.0,11
5095.0,4
5097.0,4
5099.0,6
5101.0,3
5103.0,2
5105.0,5
5107.0,3
5109.0,2
5111.0,10
5113.0,7
5115.0,4
5117.0,6
5119.0,9
5121.0,5
5123.0,7
5125.0,6
5127.0,9
5129.0,4
5131.0,7
5133.0,3
5135.0,4
5137.0,9
5139.0,5
5141.0,5
5143.0,4
5145.0,4
5147.0,5
5149.0,4
5151.0,8
5153.0,2
5155.0,6
5157.0,6
5159.0,6
5161.0,12
5163.0,7
5165.0,5
5167.0,7
5169.0,3
5171.0,6
5173.0,4
5175.0,3
5177.0,2
5179.0,8
5181.0,4
5183.0,6
5185.0,6
5187.0,6
5189.0,15
5191.0,12
5193.0,16
5195.0,3
5197.0,4
5199.0,4
5201.0,2
5203.0,4
5205.0,6
5207.0,7
5209.0,4
5211.0,5
5213.0,4
5215.0,1
5217.0,7
5219.0,9
5221.0,3
5223.0,6
5225.0,7
5227.0,9
5229.0,9
5231.0,4
5233.0,4
5235.0,4
5237.0,8
5239.0,3
5241.0,2
5243.0,3
5245.0,4
5247.0,8
5249.0,4
5251.0,11
5253.0,7
5255.0,9
5257.0,5
5259.0,12
5261.0,7
5263.0,6
5265.0,7
5267.0,10
5269.0,6
5271.0,4
5273.0,5
5275.0,3
5277.0,6
5279.0,1
5281.0,9
5283.0,2
5285.0,4
5287.0,2
5289.0,3
5291.0,4
5293.0,5
5295.0,7
5297.0,2
5299.0,7
5301.0,2
5303.0,4
5305.0,13
5307.0,8
5309.0,11
5311.0,2
5313.0,2
5315.0,4
5317.0,8
5319.0,14
5321.0,7
5323.0,5
5325.0,2
5327.0,9
5329.0,4
5331.0,7
5333.0,5
5335.0,3
5337.0,4
5339.0,2
5341.0,3
5343.0,3
5345.0,2
5347.0,7
5349.0,8
5351.0,10
5353.0,11
5355.0,9
5357.0,5
5359.0,7
5361.0,4
5363.0,1
5365.0,5
5367.0,0
5369.0,6
5371.0,3
5373.0,5
5375.0,5
5377.0,6
5379.0,5
5381.0,1
5383.0,2
5385.0,4
5387.0,2
5389.0,3
5391.0,3
5393.0,5
5395.0,3
5397.0,11
5399.0,11
5401.0,10
5403.0,9
5405.0,8
5407.0,8
5409.0,9
5411.0,3
5413.0,1
5415.0,5
5417.0,9
5419.0,10
5421.0,6
5423.0,2
5425.0,3
5427.0,3
5429.0,11
5431.0,3
5433.0,2
5435.0,2
5437.0,2
5439.0,10
5441.0,5
5443.0,6
5445.0,5
5447.0,2
5449.0,7
5451.0,4
5453.0,5
5455.0,8
5457.0,4
5459.0,6
5461.0,3
5463.0,0
5465.0,3
5467.0,5
5469.0,2
5471.0,2
5473.0,7
5475.0,8
5477.0,4
5479.0,4
5481.0,3
5483.0,9
5485.0,2
5487.0,4
5489.0,4
5491.0,3
5493.0,4
5495.0,2
5497.0,6
5499.0,7
5501.0,3
5503.0,3
5505.0,9
5507.0,4
5509.0,3
5511.0,9
5513.0,9
5515.0,9
5517.0,9
5519.0,9
5521.0,6
5523.0,8
5525.0,3
5527.0,6
5529.0,12
5531.0,4
5533.0,6
5535.0,10
5537.0,3
5539.0,4
5541.0,6
5543.0,4
5545.0,5
5547.0,5
5549.0,4
5551.0,8
5553.0,8
5555.0,11
5557.0,9
5559.0,12
5561.0,4
5563.0,7
5565.0,1
5567.0,4
5569.0,0
5571.0,3
5573.0,2
5575.0,6
5577.0,4
5579.0,5
5581.0,6
5583.0,5
5585.0,3
5587.0,4
5589.0,4
5591.0,4
5593.0,8
5595.0,10
5597.0,4
5599.0,3
5601.0,5
5603.0,7
5605.0,3
5607.0,3
5609.0,4
5611.0,2
5613.0,2
5615.0,10
5617.0,4
5619.0,2
5621.0,4
5623.0,5
5625.0,6
5627.0,8
5629.0,2
5631.0,4
5633.0,8
5635.0,8
5637.0,7
5639.0,3
5641.0,9
5643.0,8
5645.0,7
5647.0,3
5649.0,4
5651.0,7
5653.0,8
5655.0,5
5657.0,8
5659.0,7
5661.0,1
5663.0,5
5665.0,3
5667.0,5
5669.0,7
5671.0,4
5673.0,5
5675.0,3
5677.0,5
5679.0,4
5681.0,4
5683.0,0
5685.0,3
5687.0,4
5689.0,5
5691.0,6
5693.0,4
5695.0,6
5697.0,3
5699.0,3
5701.0,3
5703.0,3
5705.0,3
5707.0,4
5709.0,3
5711.0,5
5713.0,5
5715.0,10
5717.0,7
5719.0,11
5721.0,15
5723.0,8
5725.0,8
5727.0,5
5729.0,2
5731.0,0
5733.0,2
5735.0,6
5737.0,3
5739.0,2
5741.0,3
5743.0,6
5745.0,5
5747.0,6
5749.0,8
5751.0,2
5753.0,2
5755.0,7
5757.0,8
5759.0,5
5761.0,3
5763.0,5
5765.0,2
5767.0,6
5769.0,4
5771.0,12
5773.0,3
5775.0,6
5777.0,8
5779.0,8
5781.0,4
5783.0,5
5785.0,3
5787.0,8
5789.0,2
5791.0,2
5793.0,6
5795.0,4
5797.0,5
5799.0,9
5801.0,3
5803.0,2
5805.0,4
5807.0,1
5809.0,4
5811.0,6
5813.0,4
5815.0,5
5817.0,1
5819.0,3
5821.0,6
5823.0,1
5825.0,4
5827.0,0
5829.0,1
5831.0,5
5833.0,1
5835.0,2
5837.0,6
5839.0,5
5841.0,3
5843.0,7
5845.0,7
5847.0,7
5849.0,6
5851.0,1
5853.0,4
5855.0,4
5857.0,7
5859.0,2
5861.0,1
5863.0,0
5865.0,2
5867.0,4
5869.0,5
5871.0,5
5873.0,3
5875.0,0
5877.0,6
5879.0,1
5881.0,4
5883.0,2
5885.0,5
5887.0,5
5889.0,3
5891.0,2
5893.0,4
5895.0,3
5897.0,4
5899.0,3
5901.0,1
5903.0,5
5905.0,5
5907.0,3
5909.0,1
5911.0,1
5913.0,1
5915.0,4
5917.0,5
5919.0,9
5921.0,10
5923.0,8
5925.0,3
5927.0,4
5929.0,5
5931.0,11
5933.0,0
5935.0,1
5937.0,3
5939.0,2
5941.0,1
5943.0,3
5945.0,4
5947.0,3
5949.0,3
5951.0,7
5953.0,5
5955.0,2
5957.0,1
5959.0,4
5961.0,3
5963.0,2
5965.0,6
5967.0,5
5969.0,4
5971.0,2
5973.0,2
5975.0,3
5977.0,4
5979.0,2
5981.0,2
5983.0,6
5985.0,5
5987.0,0
5989.0,3
5991.0,1
5993.0,4
5995.0,4
5997.0,4
5999.0,5
6001.0,6
6003.0,1
6005.0,4
6007.0,6
6009.0,2
6011.0,2
6013.0,5
6015.0,1
6017.0,4
6019.0,1
6021.0,1
6023.0,0
6025.0,2
6027.0,3
6029.0,2
6031.0,2
6033.0,2
6035.0,1
6037.0,5
6039.0,1
6041.0,5
6043.0,6
6045.0,1
6047.0,2
6049.0,2
6051.0,4
6053.0,3
6055.0,3
6057.0,1
6059.0,3
6061.0,3
6063.0,3
6065.0,3
6067.0,3
6069.0,4
6071.0,2
6073.0,4
6075.0,1
6077.0,2
6079.0,2
6081.0,2
6083.0,3
6085.0,5
6087.0,4
6089.0,4
6091.0,5
6093.0,3
6095.0,3
6097.0,8
6099.0,5
6101.0,5
6103.0,3
6105.0,2
6107.0,7
6109.0,3
6111.0,6
6113.0,3
6115.0,1
6117.0,2
6119.0,4
6121.0,1
6123.0,3
6125.0,2
6127.0,4
6129.0,5
6131.0,1
6133.0,1
6135.0,2
6137.0,2
6139.0,1
6141.0,4
6143.0,1
6145.0,2
6147.0,1
6149.0,3
6151.0,3
6153.0,3
6155.0,6
6157.0,3
6159.0,6
6161.0,4
6163.0,3
6165.0,6
6167.0,6
6169.0,5
6171.0,5
6173.0,4
6175.0,2
6177.0,1
6179.0,3
6181.0,3
6183.0,2
6185.0,2
6187.0,4
6189.0,1
6191.0,0
6193.0,0
6195.0,2
6197.0,4
6199.0,5
6201.0,2
6203.0,0
6205.0,4
6207.0,3
6209.0,6
6211.0,2
6213.0,2
6215.0,3
6217.0,5
6219.0,4
6221.0,2
6223.0,1
6225.0,2
6227.0,2
6229.0,4
6231.0,1
6233.0,3
6235.0,1
6237.0,3
6239.0,2
6241.0,6
6243.0,3
6245.0,9
6247.0,2
6249.0,6
6251.0,5
6253.0,1
6255.0,2
6257.0,2
6259.0,6
6261.0,2
6263.0,4
6265.0,4
6267.0,2
6269.0,6
6271.0,3
6273.0,3
6275.0,3
6277.0,5
6279.0,3
6281.0,6
6283.0,4
6285.0,3
6287.0,0
6289.0,2
6291.0,1
6293.0,3
6295.0,1
6297.0,2
6299.0,4
6301.0,1
6303.0,1
6305.0,10
6307.0,4
6309.0,3
6311.0,2
6313.0,3
6315.0,4
6317.0,1
6319.0,3
6321.0,2
6323.0,2
6325.0,1
6327.0,2
6329.0,2
6331.0,4
6333.0,2
6335.0,4
6337.0,1
6339.0,1
6341.0,3
6343.0,4
6345.0,5
6347.0,6
6349.0,4
6351.0,2
6353.0,6
6355.0,3
6357.0,5
6359.0,3
6361.0,0
6363.0,2
6365.0,1
6367.0,4
6369.0,5
6371.0,4
6373.0,0
6375.0,2
6377.0,1
6379.0,1
6381.0,2
6383.0,1
6385.0,2
6387.0,2
6389.0,1
6391.0,1
6393.0,1
6395.0,4
6397.0,2
6399.0,2
6401.0,6
6403.0,6
6405.0,3
6407.0,0
6409.0,1
6411.0,1
6413.0,3
6415.0,2
6417.0,5
6419.0,3
6421.0,3
6423.0,5
6425.0,5
6427.0,6
6429.0,4
6431.0,3
6433.0,3
6435.0,2
6437.0,2
6439.0,1
6441.0,1
6443.0,4
6445.0,5
6447.0,5
6449.0,1
6451.0,1
6453.0,6
6455.0,1
6457.0,3
6459.0,2
6461.0,3
6463.0,4
6465.0,6
6467.0,5
6469.0,6
6471.0,4
6473.0,5
6475.0,1
6477.0,1
6479.0,2
6481.0,3
6483.0,0
6485.0,1
6487.0,1
6489.0,0
6491.0,0
6493.0,1
6495.0,1
6497.0,4
6499.0,1
6501.0,0
6503.0,4
6505.0,1
6507.0,3
6509.0,1
6511.0,0
6513.0,1
6515.0,0
6517.0,2
6519.0,0
6521.0,2
6523.0,2
6525.0,2
6527.0,3
6529.0,1
6531.0,1
6533.0,0
6535.0,3
6537.0,2
6539.0,2
6541.0,5
6543.0,3
6545.0,0
6547.0,1
6549.0,4
6551.0,0
6553.0,2
6555.0,1
6557.0,4
6559.0,4
6561.0,3
6563.0,2
6565.0,3
6567.0,2
6569.0,0
6571.0,4
6573.0,2
6575.0,1
6577.0,0
6579.0,2
6581.0,1
6583.0,5
6585.0,5
6587.0,4
6589.0,2
6591.0,1
6593.0,3
6595.0,4
6597.0,1
6599.0,1
6601.0,3
6603.0,2
6605.0,2
6607.0,2
6609.0,0
6611.0,1
6613.0,3
6615.0,2
6617.0,0
6619.0,2
6621.0,3
6623.0,0
6625.0,2
6627.0,1
6629.0,1
6631.0,0
6633.0,3
6635.0,0
6637.0,1
6639.0,2
6641.0,4
6643.0,2
6645.0,3
6647.0,0
6649.0,2
6651.0,3
6653.0,2
6655.0,1
6657.0,1
6659.0,0
6661.0,3
6663.0,5
6665.0,4
6667.0,3
6669.0,2
6671.0,1
6673.0,2
6675.0,2
6677.0,2
6679.0,1
6681.0,3
6683.0,2
6685.0,4
6687.0,2
6689.0,0
6691.0,0
6693.0,2
6695.0,1
6697.0,2
6699.0,0
6701.0,4
6703.0,3
6705.0,3
6707.0,1
6709.0,1
6711.0,2
6713.0,1
6715.0,0
6717.0,1
6719.0,4
6721.0,1
6723.0,1
6725.0,2
6727.0,0
6729.0,0
6731.0,4
6733.0,0
6735.0,2
6737.0,1
6739.0,2
6741.0,2
6743.0,1
6745.0,1
6747.0,3
6749.0,3
6751.0,1
6753.0,4
6755.0,0
6757.0,1
6759.0,1
6761.0,1
6763.0,2
6765.0,2
6767.0,1
6769.0,4
6771.0,4
6773.0,0
6775.0,3
6777.0,0
6779.0,2
6781.0,2
6783.0,3
6785.0,1
6787.0,3
6789.0,0
6791.0,1
6793.0,2
6795.0,1
6797.0,0
6799.0,2
6801.0,2
6803.0,1
6805.0,2
6807.0,3
6809.0,2
6811.0,1
6813.0,0
6815.0,0
6817.0,1
6819.0,1
6821.0,2
6823.0,0
6825.0,0
6827.0,0
6829.0,0
6831.0,1
6833.0,2
6835.0,2
6837.0,3
6839.0,3
6841.0,3
6843.0,1
6845.0,0
6847.0,1
6849.0,4
6851.0,0
6853.0,0
6855.0,2
6857.0,3
6859.0,0
6861.0,0
6863.0,3
6865.0,0
6867.0,1
6869.0,0
6871.0,1
6873.0,2
6875.0,5
6877.0,1
6879.0,0
6881.0,6
6883.0,0
6885.0,1
6887.0,1
6889.0,1
6891.0,0
6893.0,1
6895.0,0
6897.0,1
6899.0,4
6901.0,0
6903.0,1
6905.0,3
6907.0,1
6909.0,1
6911.0,2
6913.0,1
6915.0,1
6917.0,2
6919.0,1
6921.0,0
6923.0,1
6925.0,2
6927.0,2
6929.0,0
6931.0,2
6933.0,2
6935.0,3
6937.0,0
6939.0,0
6941.0,1
6943.0,4
6945.0,2
6947.0,1
6949.0,0
6951.0,2
6953.0,0
6955.0,2
6957.0,1
6959.0,2
6961.0,1
6963.0,2
6965.0,1
6967.0,1
6969.0,3
6971.0,1
6973.0,3
6975.0,0
6977.0,2
6979.0,2
6981.0,2
6983.0,2
6985.0,3
6987.0,1
6989.0,2
6991.0,2
6993.0,1
6995.0,3
6997.0,2
6999.0,1
7001.0,2
7003.0,1
7005.0,0
7007.0,2
7009.0,1
7011.0,1
7013.0,2
7015.0,0
7017.0,2
7019.0,5
7021.0,0
7023.0,0
7025.0,1
7027.0,2
7029.0,3
7031.0,0
7033.0,1
7035.0,1
7037.0,1
7039.0,0
7041.0,0
7043.0,0
7045.0,1
7047.0,1
7049.0,0
7051.0,6
7053.0,0
7055.0,0
7057.0,2
7059.0,2
7061.0,1
7063.0,1
7065.0,1
7067.0,3
7069.0,2
7071.0,3
7073.0,1
7075.0,0
7077.0,1
7079.0,3
7081.0,3
7083.0,0
7085.0,0
7087.0,3
7089.0,0
7091.0,0
7093.0,3
7095.0,1
7097.0,0
7099.0,4
7101.0,3
7103.0,2
7105.0,3
7107.0,2
7109.0,1
7111.0,1
7113.0,1
7115.0,3
7117.0,0
7119.0,1
7121.0,1
7123.0,1
7125.0,2
7127.0,2
7129.0,1
7131.0,2
7133.0,0
7135.0,2
7137.0,1
7139.0,0
7141.0,1
7143.0,1
7145.0,3
7147.0,0
7149.0,2
7151.0,4
7153.0,2
7155.0,0
7157.0,0
7159.0,3
7161.0,3
7163.0,2
7165.0,1
7167.0,2
7169.0,0
7171.0,3
7173.0,7
7175.0,0
7177.0,1
7179.0,0
7181.0,4
7183.0,1
7185.0,0
7187.0,0
7189.0,0
7191.0,4
7193.0,4
7195.0,1
7197.0,0
7199.0,1
7201.0,3
7203.0,0
7205.0,4
7207.0,1
7209.0,1
7211.0,0
7213.0,1
7215.0,0
7217.0,3
7219.0,0
7221.0,0
7223.0,0
7225.0,1
7227.0,1
7229.0,2
7231.0,3
7233.0,4
7235.0,0
7237.0,0
7239.0,2
7241.0,2
7243.0,0
7245.0,0
7247.0,0
7249.0,2
7251.0,1
7253.0,0
7255.0,0
7257.0,2
7259.0,0
7261.0,1
7263.0,1
7265.0,1
7267.0,0
7269.0,2
7271.0,0
7273.0,0
7275.0,2
7277.0,2
7279.0,1
7281.0,0
7283.0,0
7285.0,1
7287.0,0
7289.0,2
7291.0,4
7293.0,1
7295.0,2
7297.0,1
7299.0,1
7301.0,2
7303.0,0
7305.0,2
7307.0,1
7309.0,0
7311.0,1
7313.0,2
7315.0,3
7317.0,1
7319.0,1
7321.0,2
7323.0,0
7325.0,1
7327.0,1
7329.0,2
7331.0,2
7333.0,1
7335.0,2
7337.0,0
7339.0,6
7341.0,2
7343.0,1
7345.0,2
7347.0,1
7349.0,0
7351.0,2
7353.0,0
7355.0,1
7357.0,0
7359.0,1
7361.0,0
7363.0,2
7365.0,0
7367.0,1
7369.0,0
7371.0,1
7373.0,1
7375.0,0
7377.0,1
7379.0,0
7381.0,0
7383.0,2
7385.0,2
7387.0,2
7389.0,2
7391.0,0
7393.0,1
7395.0,1
7397.0,0
7399.0,2
7401.0,1
7403.0,1
7405.0,0
7407.0,0
7409.0,1
7411.0,0
7413.0,0
7415.0,1
7417.0,2
7419.0,4
7421.0,2
7423.0,0
7425.0,3
7427.0,1
7429.0,1
7431.0,3
7433.0,3
7435.0,0
7437.0,1
7439.0,1
7441.0,0
7443.0,2
7445.0,1
7447.0,0
7449.0,1
7451.0,0
7453.0,0
7455.0,0
7457.0,0
7459.0,0
7461.0,2
7463.0,3
7465.0,3
7467.0,1
7469.0,1
7471.0,1
7473.0,1
7475.0,1
7477.0,1
7479.0,1
7481.0,0
7483.0,1
7485.0,1
7487.0,1
7489.0,2
7491.0,2
7493.0,0
7495.0,4
7497.0,1
7499.0,2
7501.0,1
7503.0,0
7505.0,2
7507.0,1
7509.0,1
7511.0,2
7513.0,1
7515.0,1
7517.0,2
7519.0,1
7521.0,1
7523.0,0
7525.0,0
7527.0,2
7529.0,2
7531.0,0
7533.0,0
7535.0,1
7537.0,1
7539.0,1
7541.0,1
7543.0,1
7545.0,1
7547.0,0
7549.0,1
7551.0,2
7553.0,1
7555.0,1
7557.0,1
7559.0,0
7561.0,0
7563.0,1
7565.0,0
7567.0,2
7569.0,2
7571.0,3
7573.0,0
7575.0,2
7577.0,1
7579.0,2
7581.0,1
7583.0,0
7585.0,0
7587.0,2
7589.0,0
7591.0,0
7593.0,0
7595.0,2
7597.0,0
7599.0,1
7601.0,0
7603.0,1
7605.0,0
7607.0,2
7609.0,0
7611.0,0
7613.0,1
7615.0,2
7617.0,2
7619.0,1
7621.0,0
7623.0,0
7625.0,0
7627.0,0
7629.0,0
7631.0,0
7633.0,3
7635.0,0
7637.0,0
7639.0,2
7641.0,1
7643.0,1
7645.0,2
7647.0,1
7649.0,0
7651.0,1
7653.0,0
7655.0,0
7657.0,1
7659.0,1
7661.0,1
7663.0,0
7665.0,0
7667.0,0
7669.0,1
7671.0,0
7673.0,0
7675.0,0
7677.0,2
7679.0,0
7681.0,0
7683.0,2
7685.0,3
7687.0,0
7689.0,0
7691.0,0
7693.0,1
7695.0,0
7697.0,0
7699.0,1
7701.0,2
7703.0,0
7705.0,1
7707.0,1
7709.0,1
7711.0,2
7713.0,0
7715.0,1
7717.0,0
7719.0,0
7721.0,1
7723.0,1
7725.0,2
7727.0,2
7729.0,0
7731.0,1
7733.0,3
7735.0,1
7737.0,0
7739.0,4
7741.0,1
7743.0,2
7745.0,1
7747.0,0
7749.0,1
7751.0,0
7753.0,2
7755.0,2
7757.0,2
7759.0,1
7761.0,0
7763.0,2
7765.0,0
7767.0,0
7769.0,1
7771.0,1
7773.0,0
7775.0,0
7777.0,2
7779.0,2
7781.0,0
7783.0,0
7785.0,0
7787.0,0
7789.0,2
7791.0,0
7793.0,0
7795.0,0
7797.0,0
7799.0,1
7801.0,1
7803.0,1
7805.0,1
7807.0,2
7809.0,2
7811.0,1
7813.0,1
7815.0,0
7817.0,1
7819.0,1
7821.0,1
7823.0,1
7825.0,1
7827.0,2
7829.0,1
7831.0,1
7833.0,0
7835.0,1
7837.0,1
7839.0,0
7841.0,2
7843.0,0
7845.0,1
7847.0,1
7849.0,1
7851.0,0
7853.0,0
7855.0,1
7857.0,0
7859.0,2
7861.0,1
7863.0,0
7865.0,0
7867.0,0
7869.0,3
7871.0,1
7873.0,0
7875.0,0
7877.0,0
7879.0,2
7881.0,2
7883.0,0
7885.0,0
7887.0,1
7889.0,1
7891.0,2
7893.0,0
7895.0,2
7897.0,0
7899.0,1
7901.0,2
7903.0,1
7905.0,1
7907.0,2
7909.0,0
7911.0,3
7913.0,0
7915.0,0
7917.0,0
7919.0,1
7921.0,1
7923.0,1
7925.0,2
7927.0,2
7929.0,0
7931.0,3
7933.0,0
7935.0,0
7937.0,0
7939.0,0
7941.0,0
7943.0,0
7945.0,1
7947.0,1
7949.0,2
7951.0,2
7953.0,1
7955.0,0
7957.0,2
7959.0,0
7961.0,1
7963.0,1
7965.0,0
7967.0,2
7969.0,0
7971.0,0
7973.0,1
7975.0,1
7977.0,0
7979.0,2
7981.0,2
7983.0,1
7985.0,0
7987.0,0
7989.0,2
7991.0,0
7993.0,0
7995.0,0
7997.0,1
7999.0,2
8001.0,1
8003.0,3
8005.0,4
8007.0,0
8009.0,3
8011.0,0
8013.0,2
8015.0,1
8017.0,1
8019.0,0
8021.0,2
8023.0,1
8025.0,2
8027.0,2
8029.0,3
8031.0,4
8033.0,2
8035.0,0
8037.0,0
8039.0,1
8041.0,0
8043.0,3
8045.0,3
8047.0,7
8049.0,9
8051.0,4
8053.0,4
8055.0,5
8057.0,3
8059.0,0
8061.0,0
8063.0,2
8065.0,1
8067.0,2
8069.0,2
8071.0,3
8073.0,0
8075.0,1
8077.0,0
8079.0,3
8081.0,0
8083.0,2
8085.0,2
8087.0,1
8089.0,0
8091.0,0
8093.0,3
8095.0,0
8097.0,1
8099.0,0
8101.0,0
8103.0,1
8105.0,0
8107.0,2
8109.0,1
8111.0,1
8113.0,0
8115.0,1
8117.0,0
8119.0,2
8121.0,1
8123.0,0
8125.0,1
8127.0,1
8129.0,0
8131.0,4
8133.0,0
8135.0,2
8137.0,2
8139.0,0
8141.0,1
8143.0,3
8145.0,1
8147.0,0
8149.0,2
8151.0,0
8153.0,0
8155.0,1
8157.0,1
8159.0,0
8161.0,0
8163.0,0
8165.0,0
8167.0,0
8169.0,0
8171.0,0
8173.0,1
8175.0,0
8177.0,3
8179.0,0
8181.0,2
8183.0,0
8185.0,1
8187.0,2
8189.0,1
8191.0,3
8193.0,2
8195.0,1
8197.0,1
8199.0,1
8201.0,0
8203.0,0
8205.0,0
8207.0,0
8209.0,1
8211.0,0
8213.0,1
8215.0,1
8217.0,0
8219.0,2
8221.0,1
8223.0,0
8225.0,0
8227.0,2
8229.0,1
8231.0,3
8233.0,1
8235.0,1
8237.0,3
8239.0,2
8241.0,0
8243.0,1
8245.0,1
8247.0,0
8249.0,2
8251.0,1
8253.0,3
8255.0,1
8257.0,0
8259.0,1
8261.0,2
8263.0,2
8265.0,0
8267.0,1
8269.0,1
8271.0,2
8273.0,0
8275.0,2
8277.0,1
8279.0,1
8281.0,0
8283.0,0
8285.0,4
8287.0,0
8289.0,2
8291.0,2
8293.0,2
8295.0,3
8297.0,3
8299.0,1
8301.0,1
8303.0,2
8305.0,3
8307.0,3
8309.0,3
8311.0,1
8313.0,1
8315.0,2
8317.0,1
8319.0,0
8321.0,1
8323.0,5
8325.0,0
8327.0,4
8329.0,1
8331.0,1
8333.0,1
8335.0,2
8337.0,1
8339.0,2
8341.0,3
8343.0,0
8345.0,3
8347.0,1
8349.0,1
8351.0,6
8353.0,3
8355.0,1
8357.0,1
8359.0,3
8361.0,4
8363.0,1
8365.0,1
8367.0,2
8369.0,0
8371.0,0
8373.0,2
8375.0,3
8377.0,0
8379.0,6
8381.0,6
8383.0,6
8385.0,1
8387.0,1
8389.0,1
8391.0,2
8393.0,1
8395.0,2
8397.0,0
8399.0,1
8401.0,3
8403.0,1
8405.0,1
8407.0,1
8409.0,2
8411.0,2
8413.0,4
8415.0,3
8417.0,1
8419.0,1
8421.0,2
8423.0,4
8425.0,3
8427.0,3
8429.0,4
8431.0,3
8433.0,4
8435.0,6
8437.0,7
8439.0,6
8441.0,7
8443.0,3
8445.0,7
8447.0,6
8449.0,2
8451.0,3
8453.0,3
8455.0,1
8457.0,3
8459.0,15
8461.0,6
8463.0,12
8465.0,5
8467.0,5
8469.0,11
8471.0,3
8473.0,3
8475.0,7
8477.0,10
8479.0,10
8481.0,7
8483.0,11
8485.0,13
8487.0,11
8489.0,8
8491.0,8
8493.0,4
8495.0,8
8497.0,8
8499.0,14
8501.0,7
8503.0,5
8505.0,6
8507.0,3
8509.0,2
8511.0,0
8513.0,7
8515.0,2
8517.0,2
8519.0,2
8521.0,3
8523.0,4
8525.0,1
8527.0,6
8529.0,2
8531.0,16
8533.0,57
8535.0,63
8537.0,64
8539.0,63
8541.0,81
8543.0,150
8545.0,165
8547.0,71
8549.0,25
8551.0,14
8553.0,5
8555.0,3
8557.0,5
8559.0,7
8561.0,5
8563.0,7
8565.0,8
8567.0,8
8569.0,2
8571.0,3
8573.0,4
8575.0,1
8577.0,0
8579.0,1
8581.0,1
8583.0,1
8585.0,1
8587.0,0
8589.0,0
8591.0,2
8593.0,0
8595.0,1
8597.0,0
8599.0,2
8601.0,0
8603.0,1
8605.0,0
8607.0,0
8609.0,0
8611.0,2
8613.0,1
8615.0,1
8617.0,1
8619.0,0
8621.0,0
8623.0,2
8625.0,1
8627.0,0
8629.0,1
8631.0,0
8633.0,2
8635.0,1
8637.0,3
8639.0,1
8641.0,3
8643.0,1
8645.0,2
8647.0,0
8649.0,1
8651.0,0
8653.0,2
8655.0,2
8657.0,8
8659.0,6
8661.0,0
8663.0,0
8665.0,3
8667.0,4
8669.0,3
8671.0,1
8673.0,1
8675.0,0
8677.0,1
8679.0,2
8681.0,1
8683.0,2
8685.0,12
8687.0,24
8689.0,31
8691.0,32
8693.0,16
8695.0,14
8697.0,1
8699.0,3
8701.0,4
8703.0,8
8705.0,8
8707.0,8
8709.0,5
8711.0,4
8713.0,1
8715.0,1
8717.0,2
8719.0,0
8721.0,1
8723.0,1
8725.0,3
8727.0,0
8729.0,0
8731.0,0
8733.0,0
8735.0,1
8737.0,0
8739.0,0
8741.0,0
8743.0,1
8745.0,0
8747.0,0
8749.0,1
8751.0,3
8753.0,1
8755.0,1
8757.0,4
8759.0,4
8761.0,4
8763.0,3
8765.0,2
8767.0,0
8769.0,0
8771.0,0
8773.0,0
8775.0,0
8777.0,0
8779.0,2
8781.0,0
8783.0,0
8785.0,0
8787.0,0
8789.0,0
8791.0,0
8793.0,1
8795.0,2
8797.0,1
8799.0,0
8801.0,2
8803.0,0
8805.0,0
8807.0,0
8809.0,2
8811.0,0
8813.0,0
8815.0,1
8817.0,0
8819.0,0
8821.0,0
8823.0,0
8825.0,1
8827.0,1
8829.0,1
8831.0,3
8833.0,5
8835.0,5
8837.0,6
8839.0,1
8841.0,1
8843.0,2
8845.0,2
8847.0,3
8849.0,1
8851.0,1
8853.0,3
8855.0,4
8857.0,1
8859.0,2
8861.0,0
8863.0,1
8865.0,0
8867.0,1
8869.0,0
8871.0,1
8873.0,1
8875.0,0
8877.0,1
8879.0,0
8881.0,1
8883.0,0
8885.0,1
8887.0,5
8889.0,4
8891.0,2
8893.0,3
8895.0,4
8897.0,1
8899.0,1
8901.0,4
8903.0,1
8905.0,1
8907.0,3
8909.0,3
8911.0,1
8913.0,0
8915.0,0
8917.0,0
8919.0,0
8921.0,0
8923.0,2
8925.0,1
8927.0,0
8929.0,0
8931.0,1
8933.0,1
8935.0,0
8937.0,1
8939.0,1
8941.0,0
8943.0,1
8945.0,0
8947.0,0
8949.0,0
8951.0,1
8953.0,0
8955.0,1
8957.0,0
8959.0,0
8961.0,1
8963.0,0
8965.0,1
8967.0,0
8969.0,1
8971.0,1
8973.0,0
8975.0,1
8977.0,2
8979.0,0
8981.0,0
8983.0,0
8985.0,0
8987.0,1
8989.0,3
8991.0,1
8993.0,0
8995.0,1
8997.0,2
8999.0,3
9001.0,1
9003.0,0
9005.0,1
9007.0,1
9009.0,0
9011.0,0
9013.0,2
9015.0,0
9017.0,0
9019.0,1
9021.0,1
9023.0,2
9025.0,0
9027.0,1
9029.0,1
9031.0,1
9033.0,1
9035.0,1
9037.0,0
9039.0,0
9041.0,1
9043.0,0
9045.0,1
9047.0,0
9049.0,0
9051.0,0
9053.0,0
9055.0,1
9057.0,0
9059.0,0
9061.0,0
9063.0,0
9065.0,3
9067.0,1
9069.0,1
9071.0,0
9073.0,0
9075.0,0
9077.0,0
9079.0,0
9081.0,1
9083.0,0
9085.0,0
9087.0,0
9089.0,0
9091.0,0
9093.0,0
9095.0,0
9097.0,1
9099.0,0
9101.0,1
9103.0,2
9105.0,8
9107.0,9
9109.0,1
9111.0,2
9113.0,4
9115.0,0
9117.0,1
9119.0,0
9121.0,2
9123.0,2
9125.0,0
9127.0,0
9129.0,2
9131.0,1
9133.0,0
9135.0,2
9137.0,1
9139.0,1
9141.0,2
9143.0,1
9145.0,2
9147.0,5
9149.0,1
9151.0,3
9153.0,2
9155.0,0
9157.0,1
9159.0,0
9161.0,1
9163.0,0
9165.0,0
9167.0,1
9169.0,1
9171.0,1
9173.0,0
9175.0,1
9177.0,1
9179.0,5
9181.0,2
9183.0,3
9185.0,2
9187.0,1
9189.0,0
9191.0,1
9193.0,1
9195.0,1
9197.0,1
9199.0,1
9201.0,0
9203.0,1
9205.0,2
9207.0,1
9209.0,4
9211.0,2
9213.0,5
9215.0,4
9217.0,4
9219.0,0
9221.0,2
9223.0,0
9225.0,2
9227.0,0
9229.0,1
9231.0,2
9233.0,3
9235.0,1
9237.0,2
9239.0,0
9241.0,3
9243.0,8
9245.0,9
9247.0,4
9249.0,5
9251.0,1
9253.0,4
9255.0,0
9257.0,3
9259.0,2
9261.0,4
9263.0,10
9265.0,10
9267.0,8
9269.0,8
9271.0,3
9273.0,0
9275.0,3
9277.0,1
9279.0,3
9281.0,1
9283.0,3
9285.0,5
9287.0,11
9289.0,13
9291.0,15
9293.0,7
9295.0,4
9297.0,1
9299.0,7
9301.0,3
9303.0,3
9305.0,1
9307.0,0
9309.0,2
9311.0,3
9313.0,3
9315.0,1
9317.0,1
9319.0,2
9321.0,1
9323.0,3
9325.0,6
9327.0,5
9329.0,8
9331.0,20
9333.0,23
9335.0,10
9337.0,10
9339.0,6
9341.0,0
9343.0,2
9345.0,4
9347.0,2
9349.0,1
9351.0,1
9353.0,3
9355.0,3
9357.0,3
9359.0,5
9361.0,6
9363.0,22
9365.0,35
9367.0,19
9369.0,22
9371.0,23
9373.0,10
9375.0,17
9377.0,8
9379.0,2
9381.0,6
9383.0,5
9385.0,1
9387.0,8
9389.0,6
9391.0,4
9393.0,6
9395.0,17
9397.0,25
9399.0,66
9401.0,119
9403.0,110
9405.0,79
9407.0,55
9409.0,18
9411.0,13
9413.0,6
9415.0,5
9417.0,7
9419.0,6
9421.0,3
9423.0,9
9425.0,12
9427.0,10
9429.0,17
9431.0,13
9433.0,5
9435.0,1
9437.0,0
9439.0,1
9441.0,0
9443.0,2
9445.0,0
9447.0,1
9449.0,0
9451.0,1
9453.0,1
9455.0,3
9457.0,2
9459.0,2
9461.0,0
9463.0,2
9465.0,1
9467.0,2
9469.0,0
9471.0,1
9473.0,3
9475.0,1
9477.0,0
9479.0,0
9481.0,1
9483.0,1
9485.0,0
9487.0,2
9489.0,0
9491.0,0
9493.0,1
9495.0,1
9497.0,1
9499.0,0
9501.0,1
9503.0,0
9505.0,1
9507.0,2
9509.0,3
9511.0,4
9513.0,2
9515.0,0
9517.0,2
9519.0,0
9521.0,0
9523.0,1
9525.0,0
9527.0,2
9529.0,0
9531.0,2
9533.0,8
9535.0,12
9537.0,15
9539.0,9
9541.0,7
9543.0,1
9545.0,0
9547.0,2
9549.0,1
9551.0,0
9553.0,1
9555.0,0
9557.0,4
9559.0,1
9561.0,0
9563.0,1
9565.0,0
9567.0,0
9569.0,3
9571.0,4
9573.0,8
9575.0,11
9577.0,4
9579.0,2
9581.0,1
9583.0,1
9585.0,0
9587.0,0
9589.0,0
9591.0,0
9593.0,1
9595.0,1
9597.0,1
9599.0,2
9601.0,0
9603.0,2
9605.0,0
9607.0,0
9609.0,0
9611.0,1
9613.0,0
9615.0,1
9617.0,1
9619.0,0
9621.0,0
9623.0,0
9625.0,0
9627.0,0
9629.0,1
9631.0,0
9633.0,0
9635.0,1
9637.0,0
9639.0,0
9641.0,1
9643.0,1
9645.0,0
9647.0,0
9649.0,0
9651.0,0
9653.0,0
9655.0,2
9657.0,0
9659.0,1
9661.0,0
9663.0,0
9665.0,0
9667.0,2
9669.0,0
9671.0,1
9673.0,0
9675.0,1
9677.0,0
9679.0,3
9681.0,4
9683.0,3
9685.0,1
9687.0,1
9689.0,1
9691.0,0
9693.0,0
9695.0,4
9697.0,3
9699.0,2
9701.0,2
9703.0,4
9705.0,1
9707.0,1
9709.0,0
9711.0,3
9713.0,1
9715.0,1
9717.0,1
9719.0,4
9721.0,1
9723.0,0
9725.0,0
9727.0,0
9729.0,1
9731.0,1
9733.0,0
9735.0,0
9737.0,0
9739.0,0
9741.0,0
9743.0,3
9745.0,0
9747.0,0
9749.0,0
9751.0,0
9753.0,0
9755.0,1
9757.0,1
9759.0,1
9761.0,2
9763.0,0
9765.0,1
9767.0,0
9769.0,0
9771.0,0
9773.0,0
9775.0,0
9777.0,0
9779.0,1
9781.0,3
9783.0,0
9785.0,2
9787.0,0
9789.0,1
9791.0,0
9793.0,0
9795.0,1
9797.0,0
9799.0,1
9801.0,1
9803.0,0
9805.0,0
9807.0,0
9809.0,1
9811.0,1
9813.0,0
9815.0,0
9817.0,2
9819.0,0
9821.0,0
9823.0,0
9825.0,1
9827.0,2
9829.0,0
9831.0,1
9833.0,1
9835.0,0
9837.0,2
9839.0,0
9841.0,1
9843.0,2
9845.0,2
9847.0,1
9849.0,0
9851.0,2
9853.0,1
9855.0,1
9857.0,1
9859.0,1
9861.0,2
9863.0,0
9865.0,1
9867.0,0
9869.0,2
9871.0,1
9873.0,1
9875.0,2
9877.0,2
9879.0,1
9881.0,1
9883.0,1
9885.0,0
9887.0,1
9889.0,0
9891.0,1
9893.0,0
9895.0,2
9897.0,1
9899.0,2
9901.0,3
9903.0,0
9905.0,2
9907.0,2
9909.0,2
9911.0,1
9913.0,0
9915.0,0
9917.0,1
9919.0,2
9921.0,1
9923.0,2
9925.0,1
9927.0,1
9929.0,2
9931.0,1
9933.0,1
9935.0,2
9937.0,0
9939.0,1
9941.0,1
9943.0,3
9945.0,3
9947.0,2
9949.0,0
9951.0,1
9953.0,4
9955.0,3
9957.0,2
9959.0,3
9961.0,1
9963.0,1
9965.0,1
9967.0,0
9969.0,2
9971.0,1
9973.0,5
9975.0,2
9977.0,0
9979.0,0
9981.0,3
9983.0,1
9985.0,2
9987.0,1
9989.0,3
9991.0,0
9993.0,2
9995.0,2
9997.0,0
9999.0,2
10001.0,4
10003.0,0
10005.0,1
10007.0,0
10009.0,2
10011.0,6
10013.0,8
10015.0,19
10017.0,14
10019.0,7
10021.0,3
10023.0,2
10025.0,2
10027.0,0
10029.0,2
10031.0,0
10033.0,1
10035.0,4
10037.0,2
10039.0,1
10041.0,2
10043.0,1
10045.0,0
10047.0,2
10049.0,0
10051.0,0
10053.0,3
10055.0,1
10057.0,0
10059.0,0
10061.0,1
10063.0,1
10065.0,0
10067.0,1
10069.0,0
10071.0,0
10073.0,0
10075.0,1
10077.0,0
10079.0,2
10081.0,0
10083.0,1
10085.0,2
10087.0,0
10089.0,0
10091.0,2
10093.0,2
10095.0,1
10097.0,2
10099.0,0
10101.0,2
10103.0,1
10105.0,0
10107.0,0
10109.0,0
10111.0,0
10113.0,0
10115.0,2
10117.0,0
10119.0,0
10121.0,1
10123.0,0
10125.0,1
10127.0,0
10129.0,0
10131.0,0
10133.0,0
10135.0,0
10137.0,2
10139.0,1
10141.0,0
10143.0,1
10145.0,0
10147.0,1
10149.0,0
10151.0,0
10153.0,0
10155.0,2
10157.0,0
10159.0,0
10161.0,1
10163.0,2
10165.0,2
10167.0,0
10169.0,0
10171.0,0
10173.0,2
10175.0,0
10177.0,3
10179.0,0
10181.0,2
10183.0,1
10185.0,1
10187.0,0
10189.0,1
10191.0,0
10193.0,1
10195.0,0
10197.0,1
10199.0,1
10201.0,0
10203.0,0
10205.0,2
10207.0,0
10209.0,1
10211.0,1
10213.0,0
10215.0,2
10217.0,1
10219.0,1
10221.0,2
10223.0,2
10225.0,2
10227.0,1
10229.0,0
10231.0,0
10233.0,2
10235.0,3
10237.0,2
10239.0,0
10241.0,1
10243.0,1
10245.0,1
10247.0,1
10249.0,0
10251.0,2
10253.0,2
10255.0,5
10257.0,5
10259.0,0
10261.0,1
10263.0,0
10265.0,3
10267.0,0
10269.0,2
10271.0,4
10273.0,0
10275.0,0
10277.0,1
10279.0,1
10281.0,1
10283.0,0
10285.0,1
10287.0,1
10289.0,0
10291.0,2
10293.0,0
10295.0,2
10297.0,3
10299.0,0
10301.0,1
10303.0,2
10305.0,2
10307.0,0
10309.0,1
10311.0,1
10313.0,1
10315.0,1
10317.0,1
10319.0,2
10321.0,1
10323.0,1
10325.0,0
10327.0,2
10329.0,1
10331.0,2
10333.0,1
10335.0,4
10337.0,1
10339.0,1
10341.0,5
10343.0,1
10345.0,0
10347.0,0
10349.0,2
10351.0,0
10353.0,3
10355.0,0
10357.0,0
10359.0,0
10361.0,2
10363.0,1
10365.0,2
10367.0,2
10369.0,1
10371.0,1
10373.0,1
10375.0,3
10377.0,2
10379.0,0
10381.0,1
10383.0,1
10385.0,1
10387.0,1
10389.0,4
10391.0,1
10393.0,8
10395.0,1
10397.0,1
10399.0,3
10401.0,1
10403.0,1
10405.0,2
10407.0,1
10409.0,4
10411.0,1
10413.0,1
10415.0,5
10417.0,3
10419.0,3
10421.0,3
10423.0,1
10425.0,6
10427.0,2
10429.0,2
10431.0,5
10433.0,2
10435.0,3
10437.0,3
10439.0,3
10441.0,1
10443.0,6
10445.0,2
10447.0,3
10449.0,4
10451.0,7
10453.0,5
10455.0,5
10457.0,5
10459.0,2
10461.0,8
10463.0,3
10465.0,2
10467.0,2
10469.0,1
10471.0,2
10473.0,1
10475.0,0
10477.0,1
10479.0,3
10481.0,2
10483.0,3
10485.0,4
10487.0,2
10489.0,0
10491.0,0
10493.0,3
10495.0,2
10497.0,0
10499.0,4
10501.0,2
10503.0,3
10505.0,3
10507.0,9
10509.0,6
10511.0,8
10513.0,7
10515.0,5
10517.0,7
10519.0,0
10521.0,3
10523.0,5
10525.0,1
10527.0,3
10529.0,2
10531.0,1
10533.0,2
10535.0,3
10537.0,1
10539.0,0
10541.0,3
10543.0,1
10545.0,1
10547.0,1
10549.0,1
10551.0,3
10553.0,3
10555.0,1
10557.0,1
10559.0,1
10561.0,2
10563.0,1
10565.0,2
10567.0,0
10569.0,3
10571.0,3
10573.0,3
10575.0,2
10577.0,1
10579.0,0
10581.0,2
10583.0,0
10585.0,0
10587.0,0
10589.0,1
10591.0,2
10593.0,3
10595.0,0
10597.0,4
10599.0,1
10601.0,0
10603.0,4
10605.0,2
10607.0,0
10609.0,2
10611.0,1
10613.0,1
10615.0,1
10617.0,1
10619.0,2
10621.0,2
10623.0,2
10625.0,4
10627.0,1
10629.0,1
10631.0,1
10633.0,3
10635.0,4
10637.0,1
10639.0,3
10641.0,2
10643.0,3
10645.0,0
10647.0,2
10649.0,0
10651.0,2
10653.0,4
10655.0,3
10657.0,14
10659.0,10
10661.0,5
10663.0,5
10665.0,4
10667.0,5
10669.0,3
10671.0,4
10673.0,3
10675.0,4
10677.0,2
10679.0,5
10681.0,2
10683.0,4
10685.0,1
10687.0,3
10689.0,4
10691.0,1
10693.0,1
10695.0,1
10697.0,1
10699.0,0
10701.0,1
10703.0,4
10705.0,2
10707.0,5
10709.0,2
10711.0,1
10713.0,4
10715.0,2
10717.0,0
10719.0,4
10721.0,1
10723.0,4
10725.0,1
10727.0,2
10729.0,2
10731.0,1
10733.0,3
10735.0,2
10737.0,3
10739.0,3
10741.0,6
10743.0,0
10745.0,3
10747.0,2
10749.0,2
10751.0,4
10753.0,6
10755.0,4
10757.0,5
10759.0,5
10761.0,6
10763.0,9
10765.0,17
10767.0,19
10769.0,20
10771.0,11
10773.0,11
10775.0,5
10777.0,3
10779.0,2
10781.0,2
10783.0,4
10785.0,6
10787.0,4
10789.0,2
10791.0,3
10793.0,3
10795.0,1
10797.0,1
10799.0,1
10801.0,1
10803.0,2
10805.0,2
10807.0,1
10809.0,4
10811.0,2
10813.0,2
10815.0,0
10817.0,2
10819.0,5
10821.0,1
10823.0,0
10825.0,3
10827.0,2
10829.0,1
10831.0,2
10833.0,0
10835.0,3
10837.0,0
10839.0,0
10841.0,0
10843.0,0
10845.0,0
10847.0,1
10849.0,1
10851.0,0
10853.0,0
10855.0,1
10857.0,0
10859.0,1
10861.0,0
10863.0,1
10865.0,2
10867.0,1
10869.0,0
10871.0,1
10873.0,0
10875.0,1
10877.0,0
10879.0,1
10881.0,2
10883.0,0
10885.0,2
10887.0,3
10889.0,2
10891.0,0
10893.0,1
10895.0,4
10897.0,0
10899.0,0
10901.0,3
10903.0,3
10905.0,1
10907.0,1
10909.0,0
10911.0,0
10913.0,1
10915.0,3
10917.0,1
10919.0,1
10921.0,2
10923.0,5
10925.0,2
10927.0,6
10929.0,4
10931.0,2
10933.0,1
10935.0,1
10937.0,0
10939.0,0
10941.0,1
10943.0,1
10945.0,1
10947.0,0
10949.0,0
10951.0,1
10953.0,1
10955.0,2
10957.0,1
10959.0,3
10961.0,0
10963.0,1
10965.0,0
10967.0,0
10969.0,1
10971.0,3
10973.0,0
10975.0,0
10977.0,1
10979.0,0
10981.0,0
10983.0,0
10985.0,1
10987.0,1
10989.0,2
10991.0,1
10993.0,0
10995.0,0
10997.0,1
10999.0,1
11001.0,1
11003.0,2
11005.0,0
11007.0,2
11009.0,0
11011.0,1
11013.0,0
11015.0,2
11017.0,0
11019.0,0
11021.0,1
11023.0,0
11025.0,1
11027.0,1
11029.0,1
11031.0,0
11033.0,2
11035.0,1
11037.0,0
11039.0,0
11041.0,3
11043.0,0
11045.0,0
11047.0,2
11049.0,0
11051.0,0
11053.0,0
11055.0,2
11057.0,3
11059.0,0
11061.0,1
11063.0,2
11065.0,0
11067.0,1
11069.0,1
11071.0,1
11073.0,7
11075.0,7
11077.0,4
11079.0,2
11081.0,1
11083.0,2
11085.0,3
11087.0,3
11089.0,0
11091.0,1
11093.0,2
11095.0,0
11097.0,1
11099.0,1
11101.0,1
11103.0,1
11105.0,0
11107.0,1
11109.0,2
11111.0,1
11113.0,0
11115.0,0
11117.0,0
11119.0,0
11121.0,1
11123.0,0
11125.0,2
11127.0,0
11129.0,2
11131.0,0
11133.0,1
11135.0,1
11137.0,1
11139.0,0
11141.0,1
11143.0,1
11145.0,0
11147.0,1
11149.0,0
11151.0,2
11153.0,0
11155.0,1
11157.0,1
11159.0,1
11161.0,1
11163.0,1
11165.0,0
11167.0,0
11169.0,1
11171.0,2
11173.0,1
11175.0,0
11177.0,1
11179.0,0
11181.0,0
11183.0,0
11185.0,0
11187.0,2
11189.0,2
11191.0,2
11193.0,1
11195.0,2
11197.0,2
11199.0,0
11201.0,1
11203.0,0
11205.0,0
11207.0,0
11209.0,0
11211.0,1
11213.0,0
11215.0,1
11217.0,0
11219.0,0
11221.0,1
11223.0,1
11225.0,0
11227.0,0
11229.0,1
11231.0,0
11233.0,2
11235.0,1
11237.0,1
11239.0,0
11241.0,1
11243.0,1
11245.0,1
11247.0,1
11249.0,0
11251.0,2
11253.0,1
11255.0,1
11257.0,1
11259.0,1
11261.0,1
11263.0,1
11265.0,1
11267.0,2
11269.0,0
11271.0,0
11273.0,0
11275.0,0
11277.0,0
11279.0,1
11281.0,0
11283.0,1
11285.0,0
11287.0,2
11289.0,1
11291.0,2
11293.0,1
11295.0,0
11297.0,1
11299.0,1
11301.0,3
11303.0,2
11305.0,1
11307.0,0
11309.0,0
11311.0,1
11313.0,0
11315.0,1
11317.0,0
11319.0,0
11321.0,0
11323.0,1
11325.0,0
11327.0,0
11329.0,0
11331.0,0
11333.0,0
11335.0,0
11337.0,0
11339.0,3
11341.0,2
11343.0,3
11345.0,2
11347.0,1
11349.0,0
11351.0,1
11353.0,1
11355.0,1
11357.0,1
11359.0,0
11361.0,0
11363.0,0
11365.0,2
11367.0,1
11369.0,0
11371.0,0
11373.0,1
11375.0,0
11377.0,1
11379.0,1
11381.0,0
11383.0,1
11385.0,1
11387.0,2
11389.0,0
11391.0,3
11393.0,0
11395.0,0
11397.0,0
11399.0,1
11401.0,0
11403.0,0
11405.0,2
11407.0,0
11409.0,1
11411.0,5
11413.0,1
11415.0,0
11417.0,0
11419.0,0
11421.0,3
11423.0,0
11425.0,1
11427.0,0
11429.0,0
11431.0,0
11433.0,0
11435.0,0
11437.0,0
11439.0,1
11441.0,0
11443.0,0
11445.0,3
11447.0,0
11449.0,1
11451.0,0
11453.0,2
11455.0,1
11457.0,0
11459.0,1
11461.0,2
11463.0,1
11465.0,0
11467.0,0
11469.0,2
11471.0,1
11473.0,0
11475.0,1
11477.0,0
11479.0,0
11481.0,1
11483.0,0
11485.0,0
11487.0,0
11489.0,0
11491.0,1
11493.0,0
11495.0,0
11497.0,1
11499.0,2
11501.0,0
11503.0,1
11505.0,1
11507.0,1
11509.0,0
11511.0,0
11513.0,2
11515.0,1
11517.0,2
11519.0,0
11521.0,0
11523.0,1
11525.0,0
11527.0,1
11529.0,0
11531.0,1
11533.0,1
11535.0,2
11537.0,0
11539.0,0
11541.0,0
11543.0,1
11545.0,1
11547.0,3
11549.0,5
11551.0,1
11553.0,3
11555.0,1
11557.0,2
11559.0,1
11561.0,3
11563.0,2
11565.0,0
11567.0,1
11569.0,0
11571.0,0
11573.0,0
11575.0,1
11577.0,1
11579.0,2
11581.0,2
11583.0,0
11585.0,0
11587.0,0
11589.0,2
11591.0,0
11593.0,1
11595.0,0
11597.0,4
11599.0,4
11601.0,5
11603.0,1
11605.0,0
11607.0,3
11609.0,0
11611.0,0
11613.0,1
11615.0,1
11617.0,2
11619.0,1
11621.0,0
11623.0,0
11625.0,0
11627.0,1
11629.0,1
11631.0,1
11633.0,1
11635.0,1
11637.0,1
11639.0,0
11641.0,0
11643.0,2
11645.0,2
11647.0,4
11649.0,4
11651.0,4
11653.0,2
11655.0,3
11657.0,1
11659.0,4
11661.0,1
11663.0,1
11665.0,0
11667.0,1
11669.0,0
11671.0,3
11673.0,0
11675.0,0
11677.0,2
11679.0,1
11681.0,1
11683.0,1
11685.0,4
11687.0,4
11689.0,4
11691.0,3
11693.0,7
11695.0,3
11697.0,7
11699.0,1
11701.0,0
11703.0,2
11705.0,3
11707.0,3
11709.0,0
11711.0,1
11713.0,0
11715.0,1
11717.0,1
11719.0,1
11721.0,0
11723.0,1
11725.0,3
11727.0,1
11729.0,4
11731.0,1
11733.0,3
11735.0,3
11737.0,2
11739.0,0
11741.0,2
11743.0,0
11745.0,0
11747.0,0
11749.0,0
11751.0,1
11753.0,1
11755.0,1
11757.0,0
11759.0,1
11761.0,2
11763.0,0
11765.0,2
11767.0,1
11769.0,0
11771.0,0
11773.0,2
11775.0,0
11777.0,1
11779.0,0
11781.0,0
11783.0,0
11785.0,0
11787.0,0
11789.0,1
11791.0,0
11793.0,0
11795.0,0
11797.0,1
11799.0,0
11801.0,0
11803.0,1
11805.0,0
11807.0,1
11809.0,1
11811.0,0
11813.0,0
11815.0,0
11817.0,1
11819.0,0
11821.0,0
11823.0,0
11825.0,0
11827.0,0
11829.0,0
11831.0,0
11833.0,0
11835.0,0
11837.0,0
11839.0,0
11841.0,0
11843.0,1
11845.0,0
11847.0,1
11849.0,0
11851.0,1
11853.0,0
11855.0,0
11857.0,0
11859.0,1
11861.0,1
11863.0,0
11865.0,0
11867.0,0
11869.0,0
11871.0,0
11873.0,1
11875.0,0
11877.0,0
11879.0,0
11881.0,0
11883.0,1
11885.0,1
11887.0,1
11889.0,0
11891.0,0
11893.0,1
11895.0,0
11897.0,1
11899.0,0
11901.0,0
11903.0,0
11905.0,0
11907.0,1
11909.0,0
11911.0,0
11913.0,0
11915.0,0
11917.0,2
11919.0,0
11921.0,1
11923.0,0
11925.0,0
11927.0,0
11929.0,2
11931.0,0
11933.0,0
11935.0,0
11937.0,0
11939.0,1
11941.0,0
11943.0,0
11945.0,0
11947.0,1
11949.0,2
11951.0,0
11953.0,0
11955.0,1
11957.0,0
11959.0,0
11961.0,0
11963.0,0
11965.0,0
11967.0,2
11969.0,0
11971.0,1
11973.0,0
11975.0,0
11977.0,1
11979.0,1
11981.0,0
11983.0,0
11985.0,2
11987.0,0
11989.0,0
11991.0,0
11993.0,1
11995.0,0
11997.0,1
11999.0,0
12001.0,1
12003.0,0
12005.0,0
12007.0,0
12009.0,0
12011.0,1
12013.0,1
12015.0,0
12017.0,2
12019.0,0
12021.0,0
12023.0,0
12025.0,0
12027.0,0
12029.0,0
12031.0,0
12033.0,0
12035.0,1
12037.0,0
12039.0,0
12041.0,1
12043.0,1
12045.0,0
12047.0,2
12049.0,0
12051.0,0
12053.0,1
12055.0,0
12057.0,0
12059.0,1
12061.0,2
12063.0,0
12065.0,0
12067.0,1
12069.0,0
12071.0,0
12073.0,0
12075.0,0
12077.0,2
12079.0,1
12081.0,1
12083.0,0
12085.0,0
12087.0,0
12089.0,0
12091.0,0
12093.0,0
12095.0,1
12097.0,0
12099.0,1
12101.0,0
12103.0,0
12105.0,0
12107.0,1
12109.0,0
12111.0,0
12113.0,1
12115.0,0
12117.0,0
12119.0,0
12121.0,2
12123.0,0
12125.0,0
12127.0,0
12129.0,0
12131.0,0
12133.0,0
12135.0,0
12137.0,0
12139.0,0
12141.0,0
12143.0,0
12145.0,0
12147.0,0
12149.0,1
12151.0,1
12153.0,0
12155.0,2
12157.0,1
12159.0,0
12161.0,1
12163.0,1
12165.0,1
12167.0,0
12169.0,2
12171.0,0
12173.0,0
12175.0,1
12177.0,1
12179.0,0
12181.0,0
12183.0,2
12185.0,0
12187.0,1
12189.0,2
12191.0,0
12193.0,1
12195.0,0
12197.0,0
12199.0,0
12201.0,0
12203.0,0
12205.0,0
12207.0,1
12209.0,1
12211.0,0
12213.0,0
12215.0,0
12217.0,0
12219.0,0
12221.0,0
12223.0,1
12225.0,0
12227.0,1
12229.0,1
12231.0,0
12233.0,0
12235.0,2
12237.0,1
12239.0,1
12241.0,1
12243.0,0
12245.0,2
12247.0,1
12249.0,0
12251.0,0
12253.0,2
12255.0,0
12257.0,1
12259.0,1
12261.0,1
12263.0,0
12265.0,2
12267.0,1
12269.0,1
12271.0,0
12273.0,2
12275.0,1
12277.0,1
12279.0,1
12281.0,0
12283.0,2
12285.0,0
12287.0,0
12289.0,0
12291.0,1
12293.0,0
12295.0,0
12297.0,0
12299.0,2
12301.0,0
12303.0,0
12305.0,1
12307.0,0
12309.0,2
12311.0,1
12313.0,2
12315.0,1
12317.0,2
12319.0,5
12321.0,6
12323.0,4
12325.0,4
12327.0,6
12329.0,3
12331.0,0
12333.0,4
12335.0,0
12337.0,1
12339.0,0
12341.0,1
12343.0,0
12345.0,0
12347.0,0
12349.0,0
12351.0,0
12353.0,0
12355.0,1
12357.0,0
12359.0,0
12361.0,1
12363.0,0
12365.0,3
12367.0,1
12369.0,0
12371.0,1
12373.0,1
12375.0,0
12377.0,0
12379.0,1
12381.0,0
12383.0,0
12385.0,0
12387.0,0
12389.0,0
12391.0,0
12393.0,0
12395.0,0
12397.0,1
12399.0,1
12401.0,0
12403.0,0
12405.0,0
12407.0,0
12409.0,0
12411.0,1
12413.0,0
12415.0,0
12417.0,0
12419.0,0
12421.0,0
12423.0,0
12425.0,0
12427.0,0
12429.0,0
12431.0,0
12433.0,1
12435.0,0
12437.0,0
12439.0,0
12441.0,0
12443.0,0
12445.0,0
12447.0,0
12449.0,0
12451.0,0
12453.0,0
12455.0,0
12457.0,1
12459.0,1
12461.0,0
12463.0,0
12465.0,0
12467.0,0
12469.0,0
12471.0,0
12473.0,0
12475.0,0
12477.0,0
12479.0,0
12481.0,0
12483.0,0
12485.0,0
12487.0,2
12489.0,0
12491.0,0
12493.0,0
12495.0,0
12497.0,1
12499.0,0
12501.0,0
12503.0,0
12505.0,1
12507.0,0
12509.0,0
12511.0,0
12513.0,0
12515.0,0
12517.0,0
12519.0,0
12521.0,0
12523.0,0
12525.0,0
12527.0,0
12529.0,1
12531.0,0
12533.0,0
12535.0,0
12537.0,0
12539.0,0
12541.0,1
12543.0,1
12545.0,1
12547.0,0
12549.0,0
12551.0,0
12553.0,0
12555.0,0
12557.0,0
12559.0,1
12561.0,1
12563.0,0
12565.0,1
12567.0,0
12569.0,1
12571.0,0
12573.0,1
12575.0,1
12577.0,0
12579.0,0
12581.0,0
12583.0,0
12585.0,0
12587.0,0
12589.0,0
12591.0,0
12593.0,1
12595.0,0
12597.0,0
12599.0,0
12601.0,0
12603.0,0
12605.0,0
12607.0,0
12609.0,0
12611.0,0
12613.0,0
12615.0,0
12617.0,0
12619.0,0
12621.0,0
12623.0,0
12625.0,0
12627.0,0
12629.0,0
12631.0,0
12633.0,0
12635.0,0
12637.0,0
12639.0,0
12641.0,0
12643.0,0
12645.0,0
12647.0,0
12649.0,0
12651.0,1
12653.0,0
12655.0,0
12657.0,0
12659.0,0
12661.0,0
12663.0,1
12665.0,1
12667.0,0
12669.0,0
12671.0,0
12673.0,0
12675.0,0
12677.0,0
12679.0,0
12681.0,0
12683.0,1
12685.0,0
12687.0,0
12689.0,0
12691.0,0
12693.0,0
12695.0,0
12697.0,0
12699.0,0
12701.0,1
12703.0,0
12705.0,0
12707.0,0
12709.0,0
12711.0,0
12713.0,0
12715.0,0
12717.0,1
12719.0,1
12721.0,0
12723.0,2
12725.0,1
12727.0,0
12729.0,0
12731.0,0
12733.0,0
12735.0,0
12737.0,1
12739.0,1
12741.0,0
12743.0,0
12745.0,0
12747.0,0
12749.0,0
12751.0,0
12753.0,0
12755.0,0
12757.0,0
12759.0,2
12761.0,0
12763.0,0
12765.0,0
12767.0,0
12769.0,0
12771.0,0
12773.0,2
12775.0,0
12777.0,0
12779.0,0
12781.0,0
12783.0,0
12785.0,0
12787.0,1
12789.0,2
12791.0,0
12793.0,0
12795.0,1
12797.0,2
12799.0,0
12801.0,0
12803.0,0
12805.0,0
12807.0,0
12809.0,0
12811.0,1
12813.0,0
12815.0,0
12817.0,0
12819.0,0
12821.0,0
12823.0,0
12825.0,0
12827.0,1
12829.0,0
12831.0,0
12833.0,0
12835.0,0
12837.0,0
12839.0,1
12841.0,0
12843.0,0
12845.0,1
12847.0,0
12849.0,0
12851.0,0
12853.0,0
12855.0,0
12857.0,0
12859.0,0
12861.0,0
12863.0,0
12865.0,0
12867.0,1
12869.0,0
12871.0,0
12873.0,0
12875.0,1
12877.0,2
12879.0,0
12881.0,0
12883.0,1
12885.0,0
12887.0,0
12889.0,0
12891.0,0
12893.0,1
12895.0,0
12897.0,0
12899.0,0
12901.0,0
12903.0,1
12905.0,0
12907.0,0
12909.0,0
12911.0,0
12913.0,0
12915.0,1
12917.0,1
12919.0,0
12921.0,0
12923.0,0
12925.0,0
12927.0,0
12929.0,0
12931.0,1
12933.0,0
12935.0,1
12937.0,1
12939.0,0
12941.0,0
12943.0,0
12945.0,0
12947.0,0
12949.0,0
12951.0,0
12953.0,0
12955.0,0
12957.0,0
12959.0,0
12961.0,0
12963.0,0
12965.0,0
12967.0,1
12969.0,0
12971.0,0
12973.0,0
12975.0,0
12977.0,0
12979.0,0
12981.0,0
12983.0,0
12985.0,0
12987.0,0
12989.0,0
12991.0,0
12993.0,0
12995.0,0
12997.0,0
