Bin center (eV),Counts per 2 eV bin
801.0,3
803.0,7
805.0,3
807.0,5
809.0,3
811.0,0
813.0,1
815.0,2
817.0,3
819.0,4
821.0,3
823.0,7
825.0,5
827.0,5
829.0,2
831.0,4
833.0,8
835.0,6
837.0,5
839.0,7
841.0,9
843.0,7
845.0,6
847.0,7
849.0,8
851.0,13
853.0,5
855.0,12
857.0,14
859.0,13
861.0,4
863.0,5
865.0,7
867.0,8
869.0,6
871.0,9
873.0,16
875.0,4
877.0,5
879.0,7
881.0,7
883.0,6
885.0,3
887.0,11
889.0,23
891.0,21
893.0,35
895.0,35
897.0,20
899.0,9
901.0,13
903.0,5
905.0,10
907.0,14
909.0,11
911.0,16
913.0,22
915.0,27
917.0,20
919.0,18
921.0,13
923.0,15
925.0,26
927.0,19
929.0,37
931.0,48
933.0,46
935.0,22
937.0,28
939.0,37
941.0,50
943.0,36
945.0,44
947.0,56
949.0,53
951.0,91
953.0,156
955.0,215
957.0,173
959.0,171
961.0,196
963.0,253
965.0,324
967.0,345
969.0,263
971.0,166
973.0,117
975.0,82
977.0,72
979.0,58
981.0,40
983.0,24
985.0,35
987.0,34
989.0,17
991.0,20
993.0,14
995.0,19
997.0,32
999.0,38
1001.0,43
1003.0,56
1005.0,39
1007.0,42
1009.0,48
1011.0,96
1013.0,249
1015.0,337
1017.0,204
1019.0,101
1021.0,94
1023.0,146
1025.0,214
1027.0,364
1029.0,441
1031.0,227
1033.0,172
1035.0,251
1037.0,284
1039.0,203
1041.0,133
1043.0,106
1045.0,90
1047.0,69
1049.0,46
1051.0,40
1053.0,55
1055.0,72
1057.0,46
1059.0,38
1061.0,34
1063.0,48
1065.0,40
1067.0,35
1069.0,32
1071.0,29
1073.0,45
1075.0,47
1077.0,34
1079.0,25
1081.0,33
1083.0,19
1085.0,21
1087.0,20
1089.0,18
1091.0,13
1093.0,20
1095.0,13
1097.0,18
1099.0,18
1101.0,12
1103.0,12
1105.0,20
1107.0,23
1109.0,17
1111.0,9
1113.0,15
1115.0,22
1117.0,19
1119.0,15
1121.0,34
1123.0,37
1125.0,32
1127.0,34
1129.0,25
1131.0,20
1133.0,9
1135.0,10
1137.0,9
1139.0,13
1141.0,16
1143.0,12
1145.0,15
1147.0,10
1149.0,11
1151.0,13
1153.0,11
1155.0,14
1157.0,11
1159.0,17
1161.0,20
1163.0,19
1165.0,19
1167.0,12
1169.0,12
1171.0,12
1173.0,17
1175.0,14
1177.0,15
1179.0,13
1181.0,20
1183.0,12
1185.0,16
1187.0,14
1189.0,17
1191.0,11
1193.0,13
1195.0,12
1197.0,11
1199.0,16
1201.0,24
1203.0,13
1205.0,15
1207.0,16
1209.0,11
1211.0,14
1213.0,8
1215.0,20
1217.0,16
1219.0,12
1221.0,17
1223.0,12
1225.0,10
1227.0,15
1229.0,19
1231.0,14
1233.0,12
1235.0,16
1237.0,16
1239.0,14
1241.0,16
1243.0,19
1245.0,17
1247.0,16
1249.0,18
1251.0,15
1253.0,20
1255.0,10
1257.0,12
1259.0,17
1261.0,18
1263.0,29
1265.0,24
1267.0,23
1269.0,10
1271.0,18
1273.0,17
1275.0,23
1277.0,19
1279.0,24
1281.0,21
1283.0,24
1285.0,33
1287.0,21
1289.0,17
1291.0,15
1293.0,20
1295.0,16
1297.0,22
1299.0,16
1301.0,17
1303.0,21
1305.0,11
1307.0,15
1309.0,15
1311.0,24
1313.0,34
1315.0,18
1317.0,21
1319.0,17
1321.0,23
1323.0,25
1325.0,14
1327.0,18
1329.0,20
1331.0,10
1333.0,9
1335.0,15
1337.0,18
1339.0,13
1341.0,13
1343.0,11
1345.0,19
1347.0,15
1349.0,22
1351.0,30
1353.0,16
1355.0,16
1357.0,14
1359.0,18
1361.0,21
1363.0,11
1365.0,22
1367.0,22
1369.0,14
1371.0,18
1373.0,20
1375.0,26
1377.0,35
1379.0,31
1381.0,18
1383.0,21
1385.0,17
1387.0,16
1389.0,22
1391.0,14
1393.0,17
1395.0,15
1397.0,16
1399.0,22
1401.0,36
1403.0,28
1405.0,20
1407.0,23
1409.0,15
1411.0,16
1413.0,20
1415.0,17
1417.0,16
1419.0,13
1421.0,11
1423.0,12
1425.0,13
1427.0,6
1429.0,22
1431.0,20
1433.0,17
1435.0,25
1437.0,21
1439.0,17
1441.0,28
1443.0,19
1445.0,14
1447.0,19
1449.0,7
1451.0,9
1453.0,16
1455.0,19
1457.0,16
1459.0,14
1461.0,15
1463.0,12
1465.0,16
1467.0,16
1469.0,13
1471.0,15
1473.0,15
1475.0,18
1477.0,19
1479.0,16
1481.0,15
1483.0,21
1485.0,16
1487.0,17
1489.0,13
1491.0,20
1493.0,17
1495.0,9
1497.0,17
1499.0,24
1501.0,10
1503.0,17
1505.0,19
1507.0,19
1509.0,22
1511.0,19
1513.0,9
1515.0,10
1517.0,19
1519.0,27
1521.0,19
1523.0,18
1525.0,25
1527.0,17
1529.0,17
1531.0,21
1533.0,13
1535.0,9
1537.0,14
1539.0,12
1541.0,13
1543.0,19
1545.0,18
1547.0,24
1549.0,15
1551.0,26
1553.0,12
1555.0,17
1557.0,30
1559.0,15
1561.0,11
1563.0,13
1565.0,9
1567.0,11
1569.0,13
1571.0,7
1573.0,7
1575.0,15
1577.0,7
1579.0,16
1581.0,13
1583.0,7
1585.0,6
1587.0,10
1589.0,19
1591.0,17
1593.0,19
1595.0,14
1597.0,11
1599.0,12
1601.0,12
1603.0,19
1605.0,11
1607.0,14
1609.0,16
1611.0,23
1613.0,16
1615.0,9
1617.0,4
1619.0,10
1621.0,15
1623.0,16
1625.0,10
1627.0,15
1629.0,10
1631.0,11
1633.0,11
1635.0,12
1637.0,11
1639.0,15
1641.0,18
1643.0,15
1645.0,19
1647.0,18
1649.0,13
1651.0,11
1653.0,10
1655.0,11
1657.0,14
1659.0,13
1661.0,21
1663.0,11
1665.0,9
1667.0,9
1669.0,13
1671.0,9
1673.0,7
1675.0,7
1677.0,7
1679.0,9
1681.0,10
1683.0,10
1685.0,4
1687.0,6
1689.0,10
1691.0,12
1693.0,9
1695.0,8
1697.0,11
1699.0,14
1701.0,18
1703.0,25
1705.0,10
1707.0,7
1709.0,9
1711.0,11
1713.0,13
1715.0,5
1717.0,6
1719.0,10
1721.0,10
1723.0,13
1725.0,5
1727.0,9
1729.0,11
1731.0,10
1733.0,20
1735.0,13
1737.0,12
1739.0,12
1741.0,8
1743.0,9
1745.0,4
1747.0,12
1749.0,11
1751.0,12
1753.0,14
1755.0,18
1757.0,7
1759.0,7
1761.0,11
1763.0,4
1765.0,10
1767.0,10
1769.0,11
1771.0,2
1773.0,10
1775.0,12
1777.0,13
1779.0,7
1781.0,11
1783.0,10
1785.0,7
1787.0,9
1789.0,7
1791.0,9
1793.0,6
1795.0,17
1797.0,8
1799.0,14
1801.0,12
1803.0,18
1805.0,19
1807.0,18
1809.0,15
1811.0,10
1813.0,10
1815.0,14
1817.0,16
1819.0,12
1821.0,10
1823.0,14
1825.0,15
1827.0,15
1829.0,17
1831.0,28
1833.0,15
1835.0,24
1837.0,29
1839.0,20
1841.0,36
1843.0,30
1845.0,29
1847.0,22
1849.0,20
1851.0,21
1853.0,16
1855.0,16
1857.0,18
1859.0,30
1861.0,42
1863.0,35
1865.0,20
1867.0,13
1869.0,10
1871.0,10
1873.0,17
1875.0,8
1877.0,17
1879.0,5
1881.0,12
1883.0,9
1885.0,8
1887.0,8
1889.0,15
1891.0,10
1893.0,14
1895.0,18
1897.0,14
1899.0,8
1901.0,8
1903.0,13
1905.0,12
1907.0,18
1909.0,11
1911.0,10
1913.0,11
1915.0,16
1917.0,6
1919.0,10
1921.0,9
1923.0,12
1925.0,7
1927.0,4
1929.0,8
1931.0,11
1933.0,14
1935.0,14
1937.0,7
1939.0,14
1941.0,11
1943.0,11
1945.0,9
1947.0,15
1949.0,16
1951.0,12
1953.0,13
1955.0,9
1957.0,14
1959.0,14
1961.0,11
1963.0,13
1965.0,11
1967.0,7
1969.0,13
1971.0,9
1973.0,11
1975.0,10
1977.0,5
1979.0,9
1981.0,10
1983.0,9
1985.0,11
1987.0,23
1989.0,17
1991.0,8
1993.0,13
1995.0,10
1997.0,7
1999.0,16
2001.0,14
2003.0,14
2005.0,8
2007.0,12
2009.0,7
2011.0,4
2013.0,11
2015.0,20
2017.0,10
2019.0,11
2021.0,15
2023.0,17
2025.0,14
2027.0,11
2029.0,13
2031.0,9
2033.0,14
2035.0,8
2037.0,12
2039.0,18
2041.0,14
2043.0,11
2045.0,14
2047.0,17
2049.0,17
2051.0,8
2053.0,14
2055.0,18
2057.0,15
2059.0,15
2061.0,16
2063.0,23
2065.0,15
2067.0,18
2069.0,19
2071.0,23
2073.0,16
2075.0,14
2077.0,14
2079.0,13
2081.0,18
2083.0,19
2085.0,22
2087.0,19
2089.0,32
2091.0,24
2093.0,23
2095.0,17
2097.0,20
2099.0,15
2101.0,14
2103.0,12
2105.0,14
2107.0,13
2109.0,16
2111.0,13
2113.0,15
2115.0,10
2117.0,9
2119.0,10
2121.0,14
2123.0,24
2125.0,16
2127.0,25
2129.0,15
2131.0,12
2133.0,10
2135.0,5
2137.0,25
2139.0,26
2141.0,30
2143.0,33
2145.0,33
2147.0,22
2149.0,16
2151.0,21
2153.0,23
2155.0,14
2157.0,16
2159.0,15
2161.0,23
2163.0,24
2165.0,25
2167.0,42
2169.0,34
2171.0,18
2173.0,14
2175.0,16
2177.0,17
2179.0,20
2181.0,8
2183.0,17
2185.0,17
2187.0,21
2189.0,17
2191.0,15
2193.0,22
2195.0,15
2197.0,16
2199.0,22
2201.0,16
2203.0,17
2205.0,18
2207.0,9
2209.0,11
2211.0,18
2213.0,16
2215.0,26
2217.0,36
2219.0,39
2221.0,32
2223.0,17
2225.0,12
2227.0,22
2229.0,17
2231.0,17
2233.0,15
2235.0,25
2237.0,16
2239.0,16
2241.0,18
2243.0,37
2245.0,28
2247.0,16
2249.0,17
2251.0,12
2253.0,19
2255.0,12
2257.0,17
2259.0,11
2261.0,17
2263.0,17
2265.0,25
2267.0,22
2269.0,34
2271.0,39
2273.0,25
2275.0,25
2277.0,21
2279.0,20
2281.0,29
2283.0,26
2285.0,26
2287.0,27
2289.0,28
2291.0,20
2293.0,17
2295.0,30
2297.0,32
2299.0,26
2301.0,29
2303.0,25
2305.0,20
2307.0,20
2309.0,10
2311.0,30
2313.0,25
2315.0,26
2317.0,20
2319.0,31
2321.0,24
2323.0,34
2325.0,26
2327.0,13
2329.0,19
2331.0,23
2333.0,19
2335.0,23
2337.0,23
2339.0,19
2341.0,21
2343.0,18
2345.0,33
2347.0,39
2349.0,26
2351.0,32
2353.0,18
2355.0,26
2357.0,19
2359.0,14
2361.0,20
2363.0,24
2365.0,23
2367.0,34
2369.0,35
2371.0,33
2373.0,29
2375.0,27
2377.0,19
2379.0,17
2381.0,12
2383.0,16
2385.0,22
2387.0,12
2389.0,21
2391.0,21
2393.0,24
2395.0,26
2397.0,21
2399.0,29
2401.0,30
2403.0,21
2405.0,20
2407.0,19
2409.0,24
2411.0,23
2413.0,28
2415.0,29
2417.0,25
2419.0,24
2421.0,39
2423.0,40
2425.0,34
2427.0,31
2429.0,28
2431.0,20
2433.0,16
2435.0,20
2437.0,21
2439.0,33
2441.0,24
2443.0,23
2445.0,34
2447.0,36
2449.0,31
2451.0,28
2453.0,31
2455.0,23
2457.0,14
2459.0,25
2461.0,34
2463.0,24
2465.0,26
2467.0,42
2469.0,65
2471.0,59
2473.0,53
2475.0,42
2477.0,37
2479.0,19
2481.0,27
2483.0,39
2485.0,32
2487.0,21
2489.0,30
2491.0,20
2493.0,29
2495.0,25
2497.0,20
2499.0,20
2501.0,31
2503.0,25
2505.0,30
2507.0,21
2509.0,12
2511.0,31
2513.0,23
2515.0,30
2517.0,29
2519.0,34
2521.0,29
2523.0,21
2525.0,24
2527.0,15
2529.0,28
2531.0,26
2533.0,27
2535.0,36
2537.0,31
2539.0,22
2541.0,25
2543.0,15
2545.0,30
2547.0,17
2549.0,20
2551.0,22
2553.0,24
2555.0,27
2557.0,36
2559.0,43
2561.0,35
2563.0,28
2565.0,27
2567.0,25
2569.0,33
2571.0,42
2573.0,21
2575.0,23
2577.0,19
2579.0,31
2581.0,29
2583.0,22
2585.0,34
2587.0,28
2589.0,24
2591.0,17
2593.0,21
2595.0,22
2597.0,22
2599.0,27
2601.0,26
2603.0,17
2605.0,19
2607.0,33
2609.0,33
2611.0,34
2613.0,46
2615.0,45
2617.0,52
2619.0,35
2621.0,39
2623.0,25
2625.0,19
2627.0,29
2629.0,30
2631.0,32
2633.0,30
2635.0,29
2637.0,24
2639.0,22
2641.0,31
2643.0,29
2645.0,21
2647.0,24
2649.0,39
2651.0,36
2653.0,25
2655.0,30
2657.0,20
2659.0,20
2661.0,30
2663.0,27
2665.0,26
2667.0,35
2669.0,22
2671.0,28
2673.0,26
2675.0,29
2677.0,37
2679.0,27
2681.0,22
2683.0,23
2685.0,26
2687.0,18
2689.0,39
2691.0,41
2693.0,50
2695.0,48
2697.0,51
2699.0,49
2701.0,28
2703.0,19
2705.0,23
2707.0,15
2709.0,20
2711.0,19
2713.0,16
2715.0,26
2717.0,15
2719.0,23
2721.0,20
2723.0,19
2725.0,15
2727.0,22
2729.0,27
2731.0,28
2733.0,29
2735.0,26
2737.0,26
2739.0,27
2741.0,44
2743.0,58
2745.0,45
2747.0,52
2749.0,32
2751.0,18
2753.0,24
2755.0,18
2757.0,18
2759.0,19
2761.0,23
2763.0,23
2765.0,23
2767.0,22
2769.0,24
2771.0,31
2773.0,43
2775.0,43
2777.0,36
2779.0,33
2781.0,24
2783.0,38
2785.0,39
2787.0,34
2789.0,24
2791.0,25
2793.0,16
2795.0,20
2797.0,26
2799.0,26
2801.0,22
2803.0,17
2805.0,26
2807.0,29
2809.0,46
2811.0,48
2813.0,43
2815.0,35
2817.0,28
2819.0,39
2821.0,42
2823.0,38
2825.0,29
2827.0,31
2829.0,31
2831.0,25
2833.0,18
2835.0,24
2837.0,27
2839.0,38
2841.0,24
2843.0,25
2845.0,27
2847.0,29
2849.0,23
2851.0,30
2853.0,42
2855.0,59
2857.0,63
2859.0,39
2861.0,36
2863.0,38
2865.0,35
2867.0,25
2869.0,30
2871.0,24
2873.0,23
2875.0,24
2877.0,22
2879.0,24
2881.0,35
2883.0,27
2885.0,26
2887.0,18
2889.0,28
2891.0,27
2893.0,18
2895.0,33
2897.0,33
2899.0,35
2901.0,24
2903.0,25
2905.0,37
2907.0,31
2909.0,38
2911.0,23
2913.0,26
2915.0,19
2917.0,19
2919.0,32
2921.0,32
2923.0,33
2925.0,38
2927.0,33
2929.0,30
2931.0,37
2933.0,23
2935.0,47
2937.0,46
2939.0,41
2941.0,30
2943.0,30
2945.0,26
2947.0,24
2949.0,17
2951.0,23
2953.0,25
2955.0,30
2957.0,26
2959.0,28
2961.0,25
2963.0,23
2965.0,22
2967.0,20
2969.0,12
2971.0,22
2973.0,36
2975.0,35
2977.0,23
2979.0,24
2981.0,29
2983.0,43
2985.0,38
2987.0,41
2989.0,50
2991.0,38
2993.0,38
2995.0,39
2997.0,29
2999.0,24
3001.0,16
3003.0,18
3005.0,15
3007.0,26
3009.0,27
3011.0,21
3013.0,28
3015.0,21
3017.0,22
3019.0,31
3021.0,32
3023.0,41
3025.0,35
3027.0,48
3029.0,34
3031.0,25
3033.0,21
3035.0,23
3037.0,28
3039.0,28
3041.0,39
3043.0,25
3045.0,18
3047.0,31
3049.0,23
3051.0,22
3053.0,23
3055.0,12
3057.0,18
3059.0,18
3061.0,34
3063.0,22
3065.0,19
3067.0,24
3069.0,20
3071.0,30
3073.0,33
3075.0,53
3077.0,70
3079.0,42
3081.0,44
3083.0,34
3085.0,23
3087.0,31
3089.0,29
3091.0,40
3093.0,37
3095.0,29
3097.0,35
3099.0,33
3101.0,26
3103.0,28
3105.0,22
3107.0,22
3109.0,17
3111.0,13
3113.0,24
3115.0,14
3117.0,29
3119.0,32
3121.0,31
3123.0,37
3125.0,33
3127.0,23
3129.0,23
3131.0,36
3133.0,32
3135.0,36
3137.0,51
3139.0,45
3141.0,51
3143.0,47
3145.0,35
3147.0,49
3149.0,40
3151.0,27
3153.0,36
3155.0,27
3157.0,39
3159.0,30
3161.0,15
3163.0,12
3165.0,13
3167.0,19
3169.0,12
3171.0,24
3173.0,26
3175.0,12
3177.0,29
3179.0,30
3181.0,30
3183.0,46
3185.0,33
3187.0,28
3189.0,22
3191.0,20
3193.0,20
3195.0,14
3197.0,29
3199.0,16
3201.0,38
3203.0,39
3205.0,28
3207.0,31
3209.0,29
3211.0,26
3213.0,42
3215.0,24
3217.0,18
3219.0,16
3221.0,23
3223.0,13
3225.0,26
3227.0,29
3229.0,38
3231.0,21
3233.0,30
3235.0,26
3237.0,16
3239.0,25
3241.0,27
3243.0,26
3245.0,34
3247.0,30
3249.0,27
3251.0,27
3253.0,40
3255.0,28
3257.0,34
3259.0,37
3261.0,29
3263.0,37
3265.0,33
3267.0,28
3269.0,26
3271.0,21
3273.0,17
3275.0,18
3277.0,24
3279.0,16
3281.0,28
3283.0,23
3285.0,20
3287.0,15
3289.0,15
3291.0,25
3293.0,29
3295.0,33
3297.0,41
3299.0,33
3301.0,39
3303.0,47
3305.0,43
3307.0,37
3309.0,31
3311.0,40
3313.0,31
3315.0,28
3317.0,27
3319.0,22
3321.0,25
3323.0,17
3325.0,18
3327.0,33
3329.0,26
3331.0,23
3333.0,16
3335.0,18
3337.0,19
3339.0,22
3341.0,32
3343.0,44
3345.0,42
3347.0,46
3349.0,25
3351.0,27
3353.0,27
3355.0,28
3357.0,27
3359.0,38
3361.0,41
3363.0,43
3365.0,31
3367.0,39
3369.0,35
3371.0,44
3373.0,37
3375.0,30
3377.0,26
3379.0,29
3381.0,18
3383.0,16
3385.0,16
3387.0,19
3389.0,12
3391.0,19
3393.0,24
3395.0,32
3397.0,31
3399.0,26
3401.0,34
3403.0,48
3405.0,41
3407.0,49
3409.0,53
3411.0,50
3413.0,52
3415.0,37
3417.0,56
3419.0,31
3421.0,31
3423.0,19
3425.0,14
3427.0,16
3429.0,13
3431.0,23
3433.0,15
3435.0,11
3437.0,20
3439.0,26
3441.0,41
3443.0,38
3445.0,35
3447.0,20
3449.0,25
3451.0,34
3453.0,44
3455.0,34
3457.0,35
3459.0,24
3461.0,34
3463.0,36
3465.0,19
3467.0,20
3469.0,25
3471.0,23
3473.0,21
3475.0,24
3477.0,28
3479.0,40
3481.0,42
3483.0,18
3485.0,25
3487.0,29
3489.0,39
3491.0,34
3493.0,54
3495.0,34
3497.0,42
3499.0,21
3501.0,17
3503.0,15
3505.0,12
3507.0,19
3509.0,20
3511.0,26
3513.0,26
3515.0,12
3517.0,9
3519.0,17
3521.0,18
3523.0,21
3525.0,25
3527.0,30
3529.0,15
3531.0,14
3533.0,19
3535.0,18
3537.0,27
3539.0,13
3541.0,22
3543.0,12
3545.0,24
3547.0,34
3549.0,24
3551.0,20
3553.0,24
3555.0,18
3557.0,26
3559.0,23
3561.0,27
3563.0,22
3565.0,22
3567.0,20
3569.0,16
3571.0,25
3573.0,23
3575.0,19
3577.0,26
3579.0,17
3581.0,15
3583.0,26
3585.0,12
3587.0,30
3589.0,25
3591.0,41
3593.0,19
3595.0,36
3597.0,19
3599.0,28
3601.0,20
3603.0,14
3605.0,25
3607.0,27
3609.0,16
3611.0,16
3613.0,7
3615.0,14
3617.0,10
3619.0,7
3621.0,10
3623.0,10
3625.0,10
3627.0,15
3629.0,21
3631.0,36
3633.0,37
3635.0,37
3637.0,27
3639.0,38
3641.0,37
3643.0,31
3645.0,26
3647.0,16
3649.0,17
3651.0,18
3653.0,15
3655.0,11
3657.0,9
3659.0,13
3661.0,6
3663.0,7
3665.0,10
3667.0,14
3669.0,13
3671.0,20
3673.0,29
3675.0,18
3677.0,16
3679.0,29
3681.0,26
3683.0,21
3685.0,14
3687.0,16
3689.0,17
3691.0,24
3693.0,13
3695.0,21
3697.0,23
3699.0,23
3701.0,19
3703.0,11
3705.0,12
3707.0,9
3709.0,11
3711.0,19
3713.0,18
3715.0,18
3717.0,18
3719.0,18
3721.0,30
3723.0,32
3725.0,15
3727.0,23
3729.0,13
3731.0,13
3733.0,9
3735.0,16
3737.0,11
3739.0,16
3741.0,12
3743.0,16
3745.0,15
3747.0,17
3749.0,8
3751.0,14
3753.0,23
3755.0,11
3757.0,17
3759.0,22
3761.0,14
3763.0,11
3765.0,15
3767.0,11
3769.0,38
3771.0,29
3773.0,13
3775.0,9
3777.0,9
3779.0,20
3781.0,19
3783.0,10
3785.0,9
3787.0,8
3789.0,5
3791.0,6
3793.0,11
3795.0,18
3797.0,18
3799.0,16
3801.0,12
3803.0,17
3805.0,15
3807.0,19
3809.0,25
3811.0,25
3813.0,26
3815.0,19
3817.0,15
3819.0,5
3821.0,15
3823.0,6
3825.0,10
3827.0,6
3829.0,5
3831.0,15
3833.0,12
3835.0,16
3837.0,17
3839.0,10
3841.0,13
3843.0,14
3845.0,6
3847.0,12
3849.0,15
3851.0,15
3853.0,15
3855.0,17
3857.0,11
3859.0,11
3861.0,11
3863.0,16
3865.0,14
3867.0,10
3869.0,8
3871.0,9
3873.0,8
3875.0,9
3877.0,15
3879.0,20
3881.0,11
3883.0,20
3885.0,14
3887.0,13
3889.0,13
3891.0,6
3893.0,6
3895.0,8
3897.0,6
3899.0,4
3901.0,10
3903.0,17
3905.0,37
3907.0,11
3909.0,4
3911.0,7
3913.0,6
3915.0,7
3917.0,12
3919.0,16
3921.0,6
3923.0,8
3925.0,13
3927.0,8
3929.0,7
3931.0,8
3933.0,6
3935.0,15
3937.0,11
3939.0,3
3941.0,7
3943.0,14
3945.0,16
3947.0,8
3949.0,11
3951.0,9
3953.0,4
3955.0,10
3957.0,11
3959.0,6
3961.0,8
3963.0,13
3965.0,13
3967.0,17
3969.0,12
3971.0,5
3973.0,5
3975.0,7
3977.0,2
3979.0,5
3981.0,7
3983.0,5
3985.0,5
3987.0,3
3989.0,6
3991.0,6
3993.0,6
3995.0,7
3997.0,2
3999.0,7
4001.0,12
4003.0,16
4005.0,10
4007.0,12
4009.0,8
4011.0,7
4013.0,7
4015.0,16
4017.0,7
4019.0,5
4021.0,9
4023.0,9
4025.0,7
4027.0,11
4029.0,9
4031.0,13
4033.0,9
4035.0,9
4037.0,4
4039.0,3
4041.0,5
4043.0,7
4045.0,12
4047.0,3
4049.0,10
4051.0,8
4053.0,2
4055.0,1
4057.0,6
4059.0,4
4061.0,7
4063.0,3
4065.0,1
4067.0,7
4069.0,1
4071.0,7
4073.0,2
4075.0,6
4077.0,4
4079.0,9
4081.0,10
4083.0,20
4085.0,24
4087.0,21
4089.0,6
4091.0,3
4093.0,8
4095.0,6
4097.0,8
4099.0,8
4101.0,6
4103.0,9
4105.0,5
4107.0,3
4109.0,2
4111.0,6
4113.0,3
4115.0,2
4117.0,8
4119.0,6
4121.0,20
4123.0,7
4125.0,5
4127.0,14
4129.0,6
4131.0,5
4133.0,4
4135.0,8
4137.0,6
4139.0,6
4141.0,7
4143.0,5
4145.0,3
4147.0,3
4149.0,8
4151.0,5
4153.0,2
4155.0,4
4157.0,8
4159.0,5
4161.0,14
4163.0,6
4165.0,8
4167.0,11
4169.0,12
4171.0,6
4173.0,6
4175.0,2
4177.0,2
4179.0,3
4181.0,4
4183.0,5
4185.0,9
4187.0,2
4189.0,7
4191.0,8
4193.0,3
4195.0,5
4197.0,9
4199.0,12
4201.0,12
4203.0,9
4205.0,15
4207.0,9
4209.0,8
4211.0,9
4213.0,3
4215.0,10
4217.0,5
4219.0,7
4221.0,9
4223.0,9
4225.0,3
4227.0,5
4229.0,6
4231.0,5
4233.0,6
4235.0,6
4237.0,4
4239.0,4
4241.0,5
4243.0,5
4245.0,3
4247.0,10
4249.0,9
4251.0,10
4253.0,16
4255.0,14
4257.0,9
4259.0,5
4261.0,5
4263.0,6
4265.0,6
4267.0,9
4269.0,6
4271.0,12
4273.0,10
4275.0,1
4277.0,12
4279.0,13
4281.0,6
4283.0,8
4285.0,9
4287.0,10
4289.0,6
4291.0,2
4293.0,2
4295.0,7
4297.0,11
4299.0,9
4301.0,7
4303.0,5
4305.0,6
4307.0,4
4309.0,5
4311.0,7
4313.0,7
4315.0,13
4317.0,4
4319.0,10
4321.0,11
4323.0,7
4325.0,8
4327.0,4
4329.0,12
4331.0,22
4333.0,13
4335.0,8
4337.0,7
4339.0,6
4341.0,10
4343.0,17
4345.0,11
4347.0,13
4349.0,5
4351.0,6
4353.0,7
4355.0,11
4357.0,2
4359.0,3
4361.0,7
4363.0,13
4365.0,7
4367.0,14
4369.0,11
4371.0,6
4373.0,10
4375.0,5
4377.0,12
4379.0,4
4381.0,5
4383.0,5
4385.0,5
4387.0,7
4389.0,3
4391.0,8
4393.0,11
4395.0,6
4397.0,9
4399.0,5
4401.0,2
4403.0,4
4405.0,8
4407.0,11
4409.0,12
4411.0,24
4413.0,30
4415.0,21
4417.0,19
4419.0,6
4421.0,6
4423.0,6
4425.0,7
4427.0,10
4429.0,1
4431.0,6
4433.0,4
4435.0,8
4437.0,8
4439.0,14
4441.0,8
4443.0,5
4445.0,6
4447.0,3
4449.0,3
4451.0,3
4453.0,5
4455.0,5
4457.0,6
4459.0,6
4461.0,7
4463.0,7
4465.0,1
4467.0,16
4469.0,12
4471.0,10
4473.0,11
4475.0,4
4477.0,6
4479.0,6
4481.0,5
4483.0,7
4485.0,4
4487.0,5
4489.0,5
4491.0,2
4493.0,5
4495.0,3
4497.0,4
4499.0,12
4501.0,7
4503.0,8
4505.0,15
4507.0,18
4509.0,8
4511.0,6
4513.0,5
4515.0,12
4517.0,10
4519.0,10
4521.0,6
4523.0,8
4525.0,5
4527.0,5
4529.0,2
4531.0,2
4533.0,7
4535.0,4
4537.0,3
4539.0,8
4541.0,7
4543.0,5
4545.0,10
4547.0,13
4549.0,6
4551.0,6
4553.0,8
4555.0,4
4557.0,5
4559.0,6
4561.0,8
4563.0,11
4565.0,14
4567.0,11
4569.0,5
4571.0,5
4573.0,7
4575.0,2
4577.0,1
4579.0,5
4581.0,2
4583.0,5
4585.0,3
4587.0,5
4589.0,8
4591.0,5
4593.0,4
4595.0,1
4597.0,5
4599.0,5
4601.0,4
4603.0,6
4605.0,18
4607.0,9
4609.0,19
4611.0,19
4613.0,8
4615.0,5
4617.0,6
4619.0,7
4621.0,7
4623.0,9
4625.0,3
4627.0,2
4629.0,0
4631.0,7
4633.0,3
4635.0,3
4637.0,6
4639.0,1
4641.0,5
4643.0,4
4645.0,2
4647.0,8
4649.0,3
4651.0,3
4653.0,3
4655.0,5
4657.0,11
4659.0,12
4661.0,7
4663.0,8
4665.0,5
4667.0,3
4669.0,5
4671.0,3
4673.0,3
4675.0,5
4677.0,3
4679.0,3
4681.0,4
4683.0,5
4685.0,5
4687.0,5
4689.0,8
4691.0,1
4693.0,4
4695.0,6
4697.0,5
4699.0,2
4701.0,7
4703.0,3
4705.0,4
4707.0,3
4709.0,7
4711.0,3
4713.0,2
4715.0,4
4717.0,2
4719.0,3
4721.0,6
4723.0,1
4725.0,3
4727.0,1
4729.0,3
4731.0,10
4733.0,10
4735.0,7
4737.0,11
4739.0,4
4741.0,5
4743.0,5
4745.0,1
4747.0,5
4749.0,0
4751.0,5
4753.0,0
4755.0,8
4757.0,5
4759.0,4
4761.0,8
4763.0,7
4765.0,5
4767.0,7
4769.0,2
4771.0,6
4773.0,4
4775.0,3
4777.0,0
4779.0,4
4781.0,2
4783.0,4
4785.0,6
4787.0,7
4789.0,7
4791.0,3
4793.0,2
4795.0,9
4797.0,3
4799.0,11
4801.0,6
4803.0,6
4805.0,1
4807.0,12
4809.0,7
4811.0,10
4813.0,6
4815.0,5
4817.0,9
4819.0,5
4821.0,4
4823.0,1
4825.0,4
4827.0,4
4829.0,3
4831.0,7
4833.0,6
4835.0,6
4837.0,8
4839.0,2
4841.0,6
4843.0,2
4845.0,2
4847.0,7
4849.0,4
4851.0,1
4853.0,1
4855.0,4
4857.0,4
4859.0,2
4861.0,3
4863.0,4
4865.0,4
4867.0,3
4869.0,1
4871.0,8
4873.0,2
4875.0,1
4877.0,2
4879.0,6
4881.0,3
4883.0,1
4885.0,2
4887.0,2
4889.0,2
4891.0,4
4893.0,2
4895.0,3
4897.0,3
4899.0,1
4901.0,1
4903.0,2
4905.0,2
4907.0,7
4909.0,5
4911.0,7
4913.0,5
4915.0,10
4917.0,13
4919.0,11
4921.0,14
4923.0,6
4925.0,6
4927.0,6
4929.0,6
4931.0,5
4933.0,7
4935.0,7
4937.0,13
4939.0,7
4941.0,6
4943.0,3
4945.0,3
4947.0,2
4949.0,2
4951.0,5
4953.0,1
4955.0,4
4957.0,2
4959.0,7
4961.0,2
4963.0,2
4965.0,6
4967.0,2
4969.0,4
4971.0,4
4973.0,3
4975.0,4
4977.0,2
4979.0,0
4981.0,2
4983.0,2
4985.0,3
4987.0,3
4989.0,1
4991.0,4
4993.0,4
4995.0,2
4997.0,3
4999.0,2
5001.0,3
5003.0,5
5005.0,2
5007.0,5
5009.0,2
5011.0,3
5013.0,2
5015.0,7
5017.0,4
5019.0,2
5021.0,3
5023.0,7
5025.0,6
5027.0,7
5029.0,6
5031.0,5
5033.0,4
5035.0,7
5037.0,5
5039.0,1
5041.0,5
5043.0,5
5045.0,3
5047.0,7
5049.0,4
5051.0,2
5053.0,4
5055.0,1
5057.0,6
5059.0,3
5061.0,5
5063.0,3
5065.0,4
5067.0,2
5069.0,3
5071.0,4
5073.0,2
5075.0,4
5077.0,3
5079.0,4
5081.0,3
5083.0,0
5085.0,4
5087.0,4
5089.0,1
5091.0,6
5093.0,2
5095.0,4
5097.0,1
5099.0,3
5101.0,2
5103.0,6
5105.0,0
5107.0,4
5109.0,3
5111.0,5
5113.0,8
5115.0,3
5117.0,4
5119.0,2
5121.0,3
5123.0,2
5125.0,3
5127.0,4
5129.0,2
5131.0,3
5133.0,4
5135.0,2
5137.0,3
5139.0,1
5141.0,2
5143.0,2
5145.0,4
5147.0,3
5149.0,7
5151.0,9
5153.0,6
5155.0,4
5157.0,7
5159.0,4
5161.0,7
5163.0,8
5165.0,5
5167.0,2
5169.0,3
5171.0,4
5173.0,3
5175.0,7
5177.0,6
5179.0,3
5181.0,5
5183.0,2
5185.0,3
5187.0,4
5189.0,8
5191.0,1
5193.0,5
5195.0,3
5197.0,3
5199.0,1
5201.0,4
5203.0,5
5205.0,3
5207.0,0
5209.0,0
5211.0,3
5213.0,0
5215.0,2
5217.0,1
5219.0,0
5221.0,2
5223.0,12
5225.0,1
5227.0,3
5229.0,6
5231.0,3
5233.0,0
5235.0,5
5237.0,8
5239.0,6
5241.0,3
5243.0,4
5245.0,2
5247.0,2
5249.0,8
5251.0,6
5253.0,5
5255.0,5
5257.0,2
5259.0,1
5261.0,3
5263.0,2
5265.0,3
5267.0,6
5269.0,5
5271.0,4
5273.0,3
5275.0,11
5277.0,8
5279.0,5
5281.0,3
5283.0,2
5285.0,5
5287.0,6
5289.0,6
5291.0,7
5293.0,4
5295.0,2
5297.0,5
5299.0,2
5301.0,2
5303.0,4
5305.0,5
5307.0,10
5309.0,3
5311.0,5
5313.0,1
5315.0,5
5317.0,2
5319.0,6
5321.0,8
5323.0,5
5325.0,6
5327.0,8
5329.0,8
5331.0,2
5333.0,3
5335.0,1
5337.0,1
5339.0,1
5341.0,5
5343.0,2
5345.0,1
5347.0,2
5349.0,2
5351.0,6
5353.0,5
5355.0,5
5357.0,4
5359.0,2
5361.0,2
5363.0,1
5365.0,2
5367.0,3
5369.0,4
5371.0,1
5373.0,3
5375.0,2
5377.0,2
5379.0,2
5381.0,3
5383.0,2
5385.0,3
5387.0,2
5389.0,2
5391.0,0
5393.0,0
5395.0,2
5397.0,3
5399.0,3
5401.0,4
5403.0,10
5405.0,7
5407.0,4
5409.0,7
5411.0,6
5413.0,5
5415.0,1
5417.0,4
5419.0,4
5421.0,5
5423.0,2
5425.0,4
5427.0,1
5429.0,2
5431.0,6
5433.0,2
5435.0,4
5437.0,2
5439.0,1
5441.0,3
5443.0,4
5445.0,2
5447.0,6
5449.0,6
5451.0,2
5453.0,3
5455.0,8
5457.0,2
5459.0,3
5461.0,6
5463.0,5
5465.0,4
5467.0,3
5469.0,0
5471.0,3
5473.0,4
5475.0,3
5477.0,4
5479.0,5
5481.0,2
5483.0,3
5485.0,3
5487.0,3
5489.0,2
5491.0,4
5493.0,5
5495.0,5
5497.0,2
5499.0,6
5501.0,2
5503.0,1
5505.0,4
5507.0,3
5509.0,6
5511.0,0
5513.0,4
5515.0,7
5517.0,3
5519.0,2
5521.0,3
5523.0,3
5525.0,0
5527.0,3
5529.0,2
5531.0,5
5533.0,5
5535.0,11
5537.0,5
5539.0,4
5541.0,8
5543.0,9
5545.0,4
5547.0,6
5549.0,5
5551.0,5
5553.0,3
5555.0,4
5557.0,1
5559.0,3
5561.0,3
5563.0,1
5565.0,3
5567.0,6
5569.0,2
5571.0,6
5573.0,1
5575.0,1
5577.0,5
5579.0,0
5581.0,3
5583.0,0
5585.0,5
5587.0,0
5589.0,3
5591.0,4
5593.0,8
5595.0,8
5597.0,3
5599.0,6
5601.0,6
5603.0,4
5605.0,2
5607.0,1
5609.0,3
5611.0,8
5613.0,1
5615.0,3
5617.0,4
5619.0,2
5621.0,3
5623.0,2
5625.0,4
5627.0,2
5629.0,2
5631.0,3
5633.0,2
5635.0,2
5637.0,5
5639.0,3
5641.0,6
5643.0,6
5645.0,2
5647.0,3
5649.0,0
5651.0,0
5653.0,3
5655.0,0
5657.0,3
5659.0,2
5661.0,5
5663.0,3
5665.0,5
5667.0,5
5669.0,2
5671.0,5
5673.0,2
5675.0,4
5677.0,10
5679.0,4
5681.0,6
5683.0,4
5685.0,0
5687.0,7
5689.0,6
5691.0,2
5693.0,1
5695.0,1
5697.0,2
5699.0,3
5701.0,1
5703.0,0
5705.0,2
5707.0,2
5709.0,6
5711.0,2
5713.0,4
5715.0,2
5717.0,2
5719.0,5
5721.0,4
5723.0,3
5725.0,7
5727.0,3
5729.0,4
5731.0,3
5733.0,3
5735.0,8
5737.0,1
5739.0,5
5741.0,4
5743.0,1
5745.0,2
5747.0,2
5749.0,2
5751.0,4
5753.0,1
5755.0,2
5757.0,3
5759.0,6
5761.0,4
5763.0,3
5765.0,5
5767.0,2
5769.0,2
5771.0,2
5773.0,1
5775.0,5
5777.0,3
5779.0,0
5781.0,1
5783.0,1
5785.0,4
5787.0,0
5789.0,1
5791.0,5
5793.0,2
5795.0,2
5797.0,0
5799.0,3
5801.0,3
5803.0,1
5805.0,3
5807.0,7
5809.0,2
5811.0,3
5813.0,4
5815.0,4
5817.0,4
5819.0,2
5821.0,2
5823.0,4
5825.0,4
5827.0,3
5829.0,1
5831.0,1
5833.0,2
5835.0,3
5837.0,4
5839.0,3
5841.0,6
5843.0,0
5845.0,2
5847.0,2
5849.0,5
5851.0,3
5853.0,7
5855.0,5
5857.0,2
5859.0,2
5861.0,3
5863.0,4
5865.0,2
5867.0,3
5869.0,3
5871.0,3
5873.0,3
5875.0,4
5877.0,4
5879.0,4
5881.0,0
5883.0,3
5885.0,5
5887.0,5
5889.0,1
5891.0,2
5893.0,3
5895.0,2
5897.0,2
5899.0,2
5901.0,2
5903.0,1
5905.0,1
5907.0,3
5909.0,2
5911.0,3
5913.0,0
5915.0,2
5917.0,2
5919.0,3
5921.0,6
5923.0,3
5925.0,4
5927.0,2
5929.0,4
5931.0,4
5933.0,2
5935.0,4
5937.0,2
5939.0,3
5941.0,1
5943.0,5
5945.0,1
5947.0,0
5949.0,4
5951.0,4
5953.0,0
5955.0,6
5957.0,4
5959.0,6
5961.0,3
5963.0,4
5965.0,5
5967.0,1
5969.0,3
5971.0,4
5973.0,2
5975.0,1
5977.0,4
5979.0,4
5981.0,1
5983.0,8
5985.0,6
5987.0,4
5989.0,5
5991.0,1
5993.0,1
5995.0,3
5997.0,7
5999.0,1
6001.0,2
6003.0,1
6005.0,4
6007.0,3
6009.0,4
6011.0,2
6013.0,1
6015.0,0
6017.0,2
6019.0,1
6021.0,3
6023.0,2
6025.0,2
6027.0,2
6029.0,1
6031.0,3
6033.0,3
6035.0,3
6037.0,1
6039.0,2
6041.0,2
6043.0,2
6045.0,2
6047.0,2
6049.0,1
6051.0,1
6053.0,4
6055.0,1
6057.0,2
6059.0,8
6061.0,0
6063.0,1
6065.0,0
6067.0,0
6069.0,3
6071.0,4
6073.0,3
6075.0,2
6077.0,4
6079.0,0
6081.0,4
6083.0,2
6085.0,10
6087.0,5
6089.0,3
6091.0,2
6093.0,1
6095.0,3
6097.0,1
6099.0,7
6101.0,6
6103.0,1
6105.0,3
6107.0,0
6109.0,3
6111.0,2
6113.0,2
6115.0,0
6117.0,1
6119.0,0
6121.0,0
6123.0,0
6125.0,1
6127.0,1
6129.0,0
6131.0,1
6133.0,3
6135.0,1
6137.0,8
6139.0,1
6141.0,1
6143.0,2
6145.0,2
6147.0,3
6149.0,2
6151.0,1
6153.0,0
6155.0,3
6157.0,0
6159.0,3
6161.0,1
6163.0,3
6165.0,2
6167.0,2
6169.0,4
6171.0,4
6173.0,5
6175.0,2
6177.0,0
6179.0,0
6181.0,3
6183.0,3
6185.0,0
6187.0,2
6189.0,1
6191.0,3
6193.0,1
6195.0,1
6197.0,3
6199.0,4
6201.0,0
6203.0,3
6205.0,1
6207.0,2
6209.0,1
6211.0,0
6213.0,1
6215.0,1
6217.0,1
6219.0,2
6221.0,2
6223.0,2
6225.0,2
6227.0,5
6229.0,0
6231.0,1
6233.0,0
6235.0,1
6237.0,1
6239.0,4
6241.0,6
6243.0,5
6245.0,4
6247.0,4
6249.0,2
6251.0,5
6253.0,2
6255.0,1
6257.0,0
6259.0,0
6261.0,4
6263.0,2
6265.0,6
6267.0,3
6269.0,1
6271.0,2
6273.0,1
6275.0,2
6277.0,0
6279.0,0
6281.0,0
6283.0,1
6285.0,2
6287.0,3
6289.0,0
6291.0,2
6293.0,1
6295.0,2
6297.0,1
6299.0,0
6301.0,1
6303.0,1
6305.0,2
6307.0,1
6309.0,0
6311.0,1
6313.0,2
6315.0,2
6317.0,3
6319.0,4
6321.0,0
6323.0,1
6325.0,2
6327.0,1
6329.0,4
6331.0,0
6333.0,4
6335.0,2
6337.0,2
6339.0,2
6341.0,4
6343.0,3
6345.0,0
6347.0,3
6349.0,1
6351.0,1
6353.0,3
6355.0,0
6357.0,0
6359.0,2
6361.0,2
6363.0,2
6365.0,2
6367.0,2
6369.0,4
6371.0,1
6373.0,4
6375.0,2
6377.0,2
6379.0,1
6381.0,1
6383.0,2
6385.0,0
6387.0,1
6389.0,1
6391.0,1
6393.0,1
6395.0,2
6397.0,1
6399.0,2
6401.0,2
6403.0,1
6405.0,2
6407.0,1
6409.0,2
6411.0,0
6413.0,2
6415.0,1
6417.0,0
6419.0,1
6421.0,3
6423.0,1
6425.0,5
6427.0,1
6429.0,2
6431.0,0
6433.0,1
6435.0,3
6437.0,2
6439.0,0
6441.0,1
6443.0,2
6445.0,0
6447.0,0
6449.0,2
6451.0,3
6453.0,1
6455.0,2
6457.0,5
6459.0,5
6461.0,0
6463.0,1
6465.0,0
6467.0,0
6469.0,0
6471.0,1
6473.0,0
6475.0,1
6477.0,1
6479.0,1
6481.0,2
6483.0,3
6485.0,4
6487.0,5
6489.0,1
6491.0,4
6493.0,0
6495.0,1
6497.0,0
6499.0,0
6501.0,0
6503.0,1
6505.0,1
6507.0,2
6509.0,0
6511.0,1
6513.0,0
6515.0,0
6517.0,0
6519.0,0
6521.0,5
6523.0,1
6525.0,1
6527.0,0
6529.0,2
6531.0,0
6533.0,1
6535.0,0
6537.0,1
6539.0,1
6541.0,2
6543.0,1
6545.0,0
6547.0,2
6549.0,0
6551.0,2
6553.0,1
6555.0,3
6557.0,2
6559.0,5
6561.0,1
6563.0,2
6565.0,2
6567.0,1
6569.0,1
6571.0,1
6573.0,1
6575.0,2
6577.0,1
6579.0,0
6581.0,1
6583.0,1
6585.0,2
6587.0,4
6589.0,5
6591.0,1
6593.0,2
6595.0,2
6597.0,1
6599.0,3
6601.0,3
6603.0,2
6605.0,4
6607.0,3
6609.0,2
6611.0,1
6613.0,2
6615.0,1
6617.0,0
6619.0,0
6621.0,2
6623.0,0
6625.0,3
6627.0,2
6629.0,1
6631.0,1
6633.0,1
6635.0,1
6637.0,2
6639.0,1
6641.0,1
6643.0,1
6645.0,1
6647.0,1
6649.0,0
6651.0,1
6653.0,0
6655.0,0
6657.0,2
6659.0,0
6661.0,0
6663.0,2
6665.0,2
6667.0,0
6669.0,2
6671.0,1
6673.0,1
6675.0,1
6677.0,3
6679.0,1
6681.0,1
6683.0,2
6685.0,2
6687.0,1
6689.0,0
6691.0,1
6693.0,1
6695.0,2
6697.0,0
6699.0,0
6701.0,1
6703.0,0
6705.0,3
6707.0,1
6709.0,2
6711.0,2
6713.0,2
6715.0,0
6717.0,1
6719.0,1
6721.0,4
6723.0,3
6725.0,3
6727.0,2
6729.0,2
6731.0,1
6733.0,2
6735.0,1
6737.0,1
6739.0,2
6741.0,1
6743.0,2
6745.0,2
6747.0,2
6749.0,2
6751.0,1
6753.0,2
6755.0,1
6757.0,2
6759.0,3
6761.0,1
6763.0,2
6765.0,2
6767.0,1
6769.0,2
6771.0,0
6773.0,0
6775.0,0
6777.0,0
6779.0,0
6781.0,1
6783.0,1
6785.0,0
6787.0,0
6789.0,0
6791.0,0
6793.0,2
6795.0,2
6797.0,0
6799.0,2
6801.0,2
6803.0,1
6805.0,3
6807.0,3
6809.0,1
6811.0,1
6813.0,0
6815.0,1
6817.0,0
6819.0,1
6821.0,2
6823.0,1
6825.0,2
6827.0,1
6829.0,1
6831.0,1
6833.0,0
6835.0,0
6837.0,0
6839.0,1
6841.0,0
6843.0,0
6845.0,1
6847.0,0
6849.0,1
6851.0,3
6853.0,3
6855.0,1
6857.0,0
6859.0,1
6861.0,2
6863.0,3
6865.0,1
6867.0,3
6869.0,1
6871.0,1
6873.0,1
6875.0,2
6877.0,0
6879.0,3
6881.0,0
6883.0,1
6885.0,2
6887.0,2
6889.0,3
6891.0,2
6893.0,1
6895.0,3
6897.0,1
6899.0,1
6901.0,1
6903.0,1
6905.0,0
6907.0,4
6909.0,2
6911.0,1
6913.0,0
6915.0,0
6917.0,1
6919.0,0
6921.0,0
6923.0,1
6925.0,1
6927.0,1
6929.0,0
6931.0,1
6933.0,2
6935.0,0
6937.0,0
6939.0,1
6941.0,0
6943.0,1
6945.0,1
6947.0,1
6949.0,2
6951.0,1
6953.0,1
6955.0,0
6957.0,2
6959.0,2
6961.0,1
6963.0,0
6965.0,3
6967.0,3
6969.0,0
6971.0,0
6973.0,1
6975.0,0
6977.0,0
6979.0,1
6981.0,1
6983.0,2
6985.0,2
6987.0,1
6989.0,2
6991.0,1
6993.0,1
6995.0,2
6997.0,0
6999.0,1
7001.0,0
7003.0,1
7005.0,0
7007.0,1
7009.0,2
7011.0,0
7013.0,0
7015.0,0
7017.0,3
7019.0,0
7021.0,1
7023.0,1
7025.0,1
7027.0,0
7029.0,1
7031.0,0
7033.0,0
7035.0,2
7037.0,1
7039.0,2
7041.0,0
7043.0,2
7045.0,1
7047.0,1
7049.0,0
7051.0,0
7053.0,0
7055.0,1
7057.0,0
7059.0,2
7061.0,1
7063.0,0
7065.0,2
7067.0,0
7069.0,1
7071.0,2
7073.0,0
7075.0,1
7077.0,2
7079.0,0
7081.0,0
7083.0,0
7085.0,1
7087.0,0
7089.0,2
7091.0,2
7093.0,0
7095.0,1
7097.0,0
7099.0,1
7101.0,0
7103.0,1
7105.0,0
7107.0,2
7109.0,0
7111.0,1
7113.0,0
7115.0,0
7117.0,0
7119.0,1
7121.0,0
7123.0,0
7125.0,0
7127.0,0
7129.0,0
7131.0,2
7133.0,1
7135.0,0
7137.0,0
7139.0,0
7141.0,0
7143.0,2
7145.0,0
7147.0,2
7149.0,1
7151.0,0
7153.0,0
7155.0,0
7157.0,0
7159.0,0
7161.0,0
7163.0,0
7165.0,0
7167.0,2
7169.0,2
7171.0,1
7173.0,1
7175.0,0
7177.0,0
7179.0,0
7181.0,0
7183.0,0
7185.0,0
7187.0,0
7189.0,0
7191.0,2
7193.0,2
7195.0,0
7197.0,0
7199.0,2
7201.0,1
7203.0,1
7205.0,1
7207.0,1
7209.0,1
7211.0,2
7213.0,2
7215.0,0
7217.0,0
7219.0,0
7221.0,0
7223.0,1
7225.0,0
7227.0,0
7229.0,0
7231.0,0
7233.0,0
7235.0,1
7237.0,0
7239.0,1
7241.0,1
7243.0,0
7245.0,0
7247.0,2
7249.0,1
7251.0,0
7253.0,0
7255.0,0
7257.0,0
7259.0,0
7261.0,0
7263.0,1
7265.0,0
7267.0,1
7269.0,0
7271.0,2
7273.0,2
7275.0,1
7277.0,1
7279.0,1
7281.0,0
7283.0,1
7285.0,0
7287.0,0
7289.0,0
7291.0,0
7293.0,3
7295.0,0
7297.0,0
7299.0,1
7301.0,0
7303.0,2
7305.0,1
7307.0,0
7309.0,0
7311.0,0
7313.0,1
7315.0,0
7317.0,0
7319.0,1
7321.0,0
7323.0,0
7325.0,0
7327.0,3
7329.0,1
7331.0,1
7333.0,1
7335.0,2
7337.0,1
7339.0,1
7341.0,1
7343.0,0
7345.0,0
7347.0,1
7349.0,0
7351.0,0
7353.0,0
7355.0,1
7357.0,0
7359.0,1
7361.0,0
7363.0,1
7365.0,0
7367.0,1
7369.0,0
7371.0,1
7373.0,1
7375.0,0
7377.0,1
7379.0,0
7381.0,1
7383.0,1
7385.0,2
7387.0,2
7389.0,3
7391.0,0
7393.0,0
7395.0,0
7397.0,1
7399.0,1
7401.0,0
7403.0,0
7405.0,0
7407.0,0
7409.0,0
7411.0,0
7413.0,2
7415.0,0
7417.0,1
7419.0,0
7421.0,1
7423.0,1
7425.0,0
7427.0,0
7429.0,0
7431.0,0
7433.0,0
7435.0,2
7437.0,0
7439.0,0
7441.0,1
7443.0,2
7445.0,1
7447.0,0
7449.0,0
7451.0,1
7453.0,1
7455.0,3
7457.0,2
7459.0,3
7461.0,1
7463.0,0
7465.0,0
7467.0,0
7469.0,0
7471.0,1
7473.0,0
7475.0,0
7477.0,0
7479.0,2
7481.0,0
7483.0,0
7485.0,0
7487.0,0
7489.0,2
7491.0,3
7493.0,0
7495.0,1
7497.0,2
7499.0,1
7501.0,1
7503.0,0
7505.0,1
7507.0,2
7509.0,1
7511.0,2
7513.0,1
7515.0,1
7517.0,1
7519.0,4
7521.0,1
7523.0,0
7525.0,0
7527.0,0
7529.0,1
7531.0,2
7533.0,1
7535.0,0
7537.0,0
7539.0,1
7541.0,0
7543.0,0
7545.0,0
7547.0,1
7549.0,0
7551.0,0
7553.0,1
7555.0,1
7557.0,1
7559.0,1
7561.0,0
7563.0,0
7565.0,1
7567.0,0
7569.0,0
7571.0,0
7573.0,1
7575.0,0
7577.0,0
7579.0,2
7581.0,0
7583.0,0
7585.0,1
7587.0,0
7589.0,0
7591.0,0
7593.0,1
7595.0,0
7597.0,2
7599.0,2
7601.0,0
7603.0,0
7605.0,0
7607.0,1
7609.0,1
7611.0,0
7613.0,0
7615.0,2
7617.0,0
7619.0,2
7621.0,0
7623.0,3
7625.0,1
7627.0,0
7629.0,1
7631.0,1
7633.0,1
7635.0,1
7637.0,0
7639.0,0
7641.0,0
7643.0,2
7645.0,1
7647.0,0
7649.0,0
7651.0,0
7653.0,0
7655.0,0
7657.0,0
7659.0,0
7661.0,0
7663.0,0
7665.0,0
7667.0,1
7669.0,1
7671.0,0
7673.0,2
7675.0,0
7677.0,3
7679.0,2
7681.0,0
7683.0,0
7685.0,0
7687.0,0
7689.0,0
7691.0,0
7693.0,0
7695.0,0
7697.0,2
7699.0,0
7701.0,2
7703.0,0
7705.0,2
7707.0,0
7709.0,0
7711.0,1
7713.0,0
7715.0,1
7717.0,0
7719.0,0
7721.0,0
7723.0,0
7725.0,2
7727.0,0
7729.0,1
7731.0,0
7733.0,0
7735.0,1
7737.0,1
7739.0,0
7741.0,1
7743.0,2
7745.0,1
7747.0,1
7749.0,1
7751.0,0
7753.0,0
7755.0,0
7757.0,1
7759.0,0
7761.0,1
7763.0,0
7765.0,0
7767.0,0
7769.0,1
7771.0,1
7773.0,0
7775.0,0
7777.0,0
7779.0,1
7781.0,0
7783.0,0
7785.0,1
7787.0,1
7789.0,2
7791.0,0
7793.0,0
7795.0,0
7797.0,1
7799.0,0
7801.0,0
7803.0,0
7805.0,0
7807.0,0
7809.0,1
7811.0,0
7813.0,1
7815.0,0
7817.0,2
7819.0,0
7821.0,0
7823.0,0
7825.0,0
7827.0,0
7829.0,1
7831.0,0
7833.0,0
7835.0,0
7837.0,1
7839.0,0
7841.0,0
7843.0,0
7845.0,0
7847.0,0
7849.0,1
7851.0,1
7853.0,0
7855.0,2
7857.0,0
7859.0,1
7861.0,0
7863.0,0
7865.0,1
7867.0,0
7869.0,2
7871.0,0
7873.0,0
7875.0,1
7877.0,1
7879.0,0
7881.0,2
7883.0,1
7885.0,0
7887.0,1
7889.0,1
7891.0,1
7893.0,1
7895.0,2
7897.0,0
7899.0,1
7901.0,1
7903.0,0
7905.0,0
7907.0,1
7909.0,0
7911.0,1
7913.0,1
7915.0,0
7917.0,0
7919.0,1
7921.0,1
7923.0,0
7925.0,2
7927.0,0
7929.0,1
7931.0,3
7933.0,1
7935.0,1
7937.0,1
7939.0,1
7941.0,1
7943.0,2
7945.0,1
7947.0,0
7949.0,0
7951.0,0
7953.0,0
7955.0,0
7957.0,1
7959.0,0
7961.0,0
7963.0,1
7965.0,2
7967.0,2
7969.0,1
7971.0,1
7973.0,1
7975.0,0
7977.0,0
7979.0,1
7981.0,1
7983.0,0
7985.0,2
7987.0,0
7989.0,3
7991.0,1
7993.0,0
7995.0,0
7997.0,0
7999.0,0
8001.0,0
8003.0,1
8005.0,1
8007.0,1
8009.0,0
8011.0,2
8013.0,2
8015.0,0
8017.0,2
8019.0,3
8021.0,1
8023.0,0
8025.0,2
8027.0,0
8029.0,2
8031.0,1
8033.0,1
8035.0,0
8037.0,2
8039.0,2
8041.0,1
8043.0,1
8045.0,0
8047.0,3
8049.0,2
8051.0,2
8053.0,1
8055.0,0
8057.0,2
8059.0,1
8061.0,0
8063.0,0
8065.0,2
8067.0,4
8069.0,3
8071.0,0
8073.0,1
8075.0,1
8077.0,1
8079.0,1
8081.0,0
8083.0,1
8085.0,2
8087.0,2
8089.0,1
8091.0,4
8093.0,2
8095.0,1
8097.0,4
8099.0,1
8101.0,0
8103.0,4
8105.0,3
8107.0,0
8109.0,0
8111.0,1
8113.0,1
8115.0,0
8117.0,1
8119.0,0
8121.0,1
8123.0,3
8125.0,1
8127.0,2
8129.0,1
8131.0,0
8133.0,2
8135.0,1
8137.0,0
8139.0,1
8141.0,2
8143.0,2
8145.0,5
8147.0,1
8149.0,4
8151.0,5
8153.0,1
8155.0,1
8157.0,2
8159.0,2
8161.0,2
8163.0,1
8165.0,0
8167.0,2
8169.0,3
8171.0,2
8173.0,0
8175.0,2
8177.0,2
8179.0,0
8181.0,2
8183.0,0
8185.0,0
8187.0,0
8189.0,1
8191.0,2
8193.0,2
8195.0,3
8197.0,4
8199.0,3
8201.0,5
8203.0,6
8205.0,3
8207.0,1
8209.0,6
8211.0,2
8213.0,3
8215.0,4
8217.0,2
8219.0,4
8221.0,3
8223.0,2
8225.0,7
8227.0,4
8229.0,6
8231.0,4
8233.0,2
8235.0,6
8237.0,2
8239.0,2
8241.0,4
8243.0,3
8245.0,9
8247.0,8
8249.0,8
8251.0,7
8253.0,5
8255.0,3
8257.0,7
8259.0,9
8261.0,11
8263.0,15
8265.0,12
8267.0,7
8269.0,0
8271.0,0
8273.0,3
8275.0,0
8277.0,3
8279.0,3
8281.0,4
8283.0,3
8285.0,1
8287.0,3
8289.0,2
8291.0,0
8293.0,3
8295.0,3
8297.0,17
8299.0,47
8301.0,63
8303.0,47
8305.0,44
8307.0,77
8309.0,106
8311.0,83
8313.0,24
8315.0,9
8317.0,6
8319.0,4
8321.0,5
8323.0,2
8325.0,2
8327.0,1
8329.0,0
8331.0,2
8333.0,0
8335.0,2
8337.0,0
8339.0,1
8341.0,0
8343.0,0
8345.0,0
8347.0,0
8349.0,2
8351.0,0
8353.0,0
8355.0,0
8357.0,1
8359.0,0
8361.0,0
8363.0,0
8365.0,1
8367.0,0
8369.0,0
8371.0,0
8373.0,0
8375.0,0
8377.0,0
8379.0,0
8381.0,0
8383.0,1
8385.0,1
8387.0,2
8389.0,1
8391.0,0
8393.0,0
8395.0,1
8397.0,1
8399.0,1
8401.0,2
8403.0,5
8405.0,0
8407.0,1
8409.0,1
8411.0,1
8413.0,0
8415.0,0
8417.0,0
8419.0,2
8421.0,0
8423.0,1
8425.0,0
8427.0,1
8429.0,0
8431.0,1
8433.0,0
8435.0,0
8437.0,1
8439.0,1
8441.0,1
8443.0,1
8445.0,1
8447.0,5
8449.0,19
8451.0,36
8453.0,25
8455.0,4
8457.0,0
8459.0,1
8461.0,0
8463.0,0
8465.0,2
8467.0,0
8469.0,1
8471.0,0
8473.0,0
8475.0,0
8477.0,1
8479.0,0
8481.0,0
8483.0,2
8485.0,0
8487.0,0
8489.0,0
8491.0,0
8493.0,0
8495.0,1
8497.0,0
8499.0,0
8501.0,0
8503.0,2
8505.0,0
8507.0,1
8509.0,0
8511.0,0
8513.0,1
8515.0,1
8517.0,0
8519.0,0
8521.0,0
8523.0,1
8525.0,0
8527.0,1
8529.0,0
8531.0,1
8533.0,0
8535.0,1
8537.0,0
8539.0,1
8541.0,0
8543.0,0
8545.0,0
8547.0,0
8549.0,1
8551.0,1
8553.0,0
8555.0,0
8557.0,1
8559.0,1
8561.0,0
8563.0,1
8565.0,1
8567.0,1
8569.0,0
8571.0,0
8573.0,0
8575.0,0
8577.0,0
8579.0,0
8581.0,3
8583.0,0
8585.0,0
8587.0,0
8589.0,0
8591.0,1
8593.0,2
8595.0,0
8597.0,0
8599.0,1
8601.0,0
8603.0,1
8605.0,1
8607.0,0
8609.0,0
8611.0,0
8613.0,0
8615.0,0
8617.0,0
8619.0,0
8621.0,0
8623.0,0
8625.0,0
8627.0,0
8629.0,0
8631.0,0
8633.0,0
8635.0,0
8637.0,0
8639.0,0
8641.0,1
8643.0,0
8645.0,0
8647.0,0
8649.0,0
8651.0,0
8653.0,0
8655.0,1
8657.0,0
8659.0,0
8661.0,1
8663.0,0
8665.0,0
8667.0,0
8669.0,1
8671.0,0
8673.0,0
8675.0,0
8677.0,0
8679.0,0
8681.0,1
8683.0,0
8685.0,1
8687.0,1
8689.0,0
8691.0,0
8693.0,1
8695.0,0
8697.0,0
8699.0,0
8701.0,1
8703.0,0
8705.0,3
8707.0,0
8709.0,0
8711.0,0
8713.0,2
8715.0,0
8717.0,1
8719.0,0
8721.0,0
8723.0,0
8725.0,0
8727.0,1
8729.0,0
8731.0,0
8733.0,0
8735.0,0
8737.0,1
8739.0,1
8741.0,0
8743.0,0
8745.0,1
8747.0,0
8749.0,0
8751.0,1
8753.0,1
8755.0,0
8757.0,1
8759.0,1
8761.0,6
8763.0,0
8765.0,0
8767.0,1
8769.0,4
8771.0,1
8773.0,0
8775.0,1
8777.0,0
8779.0,0
8781.0,0
8783.0,1
8785.0,0
8787.0,1
8789.0,2
8791.0,0
8793.0,1
8795.0,0
8797.0,0
8799.0,0
8801.0,2
8803.0,1
8805.0,1
8807.0,0
8809.0,0
8811.0,1
8813.0,1
8815.0,0
8817.0,0
8819.0,0
8821.0,0
8823.0,0
8825.0,0
8827.0,0
8829.0,0
8831.0,0
8833.0,0
8835.0,0
8837.0,2
8839.0,3
8841.0,8
8843.0,9
8845.0,2
8847.0,1
8849.0,2
8851.0,0
8853.0,2
8855.0,0
8857.0,0
8859.0,0
8861.0,1
8863.0,0
8865.0,2
8867.0,0
8869.0,0
8871.0,1
8873.0,2
8875.0,1
8877.0,1
8879.0,0
8881.0,0
8883.0,0
8885.0,1
8887.0,1
8889.0,1
8891.0,2
8893.0,1
8895.0,2
8897.0,0
8899.0,0
8901.0,2
8903.0,1
8905.0,1
8907.0,2
8909.0,2
8911.0,1
8913.0,2
8915.0,2
8917.0,1
8919.0,0
8921.0,2
8923.0,1
8925.0,1
8927.0,3
8929.0,1
8931.0,2
8933.0,1
8935.0,1
8937.0,1
8939.0,1
8941.0,5
8943.0,3
8945.0,3
8947.0,1
8949.0,0
8951.0,0
8953.0,2
8955.0,1
8957.0,0
8959.0,1
8961.0,4
8963.0,5
8965.0,2
8967.0,0
8969.0,1
8971.0,1
8973.0,4
8975.0,5
8977.0,7
8979.0,5
8981.0,0
8983.0,3
8985.0,1
8987.0,1
8989.0,0
8991.0,1
8993.0,1
8995.0,1
8997.0,7
8999.0,7
9001.0,4
9003.0,0
9005.0,1
9007.0,1
9009.0,2
9011.0,2
9013.0,3
9015.0,6
9017.0,7
9019.0,6
9021.0,6
9023.0,6
9025.0,2
9027.0,1
9029.0,2
9031.0,1
9033.0,1
9035.0,0
9037.0,0
9039.0,0
9041.0,0
9043.0,1
9045.0,3
9047.0,1
9049.0,2
9051.0,1
9053.0,2
9055.0,5
9057.0,2
9059.0,8
9061.0,13
9063.0,15
9065.0,8
9067.0,2
9069.0,0
9071.0,2
9073.0,2
9075.0,5
9077.0,0
9079.0,1
9081.0,0
9083.0,2
9085.0,0
9087.0,6
9089.0,5
9091.0,16
9093.0,23
9095.0,35
9097.0,22
9099.0,20
9101.0,13
9103.0,10
9105.0,2
9107.0,1
9109.0,2
9111.0,0
9113.0,2
9115.0,3
9117.0,1
9119.0,4
9121.0,8
9123.0,10
9125.0,22
9127.0,60
9129.0,92
9131.0,83
9133.0,61
9135.0,27
9137.0,9
9139.0,7
9141.0,9
9143.0,7
9145.0,5
9147.0,5
9149.0,4
9151.0,2
9153.0,1
9155.0,3
9157.0,1
9159.0,2
9161.0,1
9163.0,6
9165.0,1
9167.0,1
9169.0,0
9171.0,1
9173.0,0
9175.0,0
9177.0,0
9179.0,0
9181.0,1
9183.0,0
9185.0,0
9187.0,0
9189.0,0
9191.0,0
9193.0,2
9195.0,0
9197.0,0
9199.0,0
9201.0,1
9203.0,0
9205.0,1
9207.0,0
9209.0,0
9211.0,0
9213.0,1
9215.0,0
9217.0,0
9219.0,0
9221.0,1
9223.0,0
9225.0,0
9227.0,1
9229.0,0
9231.0,0
9233.0,0
9235.0,0
9237.0,0
9239.0,0
9241.0,0
9243.0,0
9245.0,1
9247.0,2
9249.0,0
9251.0,0
9253.0,0
9255.0,0
9257.0,1
9259.0,1
9261.0,0
9263.0,0
9265.0,0
9267.0,1
9269.0,0
9271.0,1
9273.0,0
9275.0,0
9277.0,0
9279.0,0
9281.0,0
9283.0,0
9285.0,0
9287.0,1
9289.0,0
9291.0,0
9293.0,0
9295.0,0
9297.0,1
9299.0,0
9301.0,0
9303.0,0
9305.0,0
9307.0,0
9309.0,0
9311.0,2
9313.0,0
9315.0,1
9317.0,1
9319.0,0
9321.0,0
9323.0,0
9325.0,1
9327.0,1
9329.0,0
9331.0,0
9333.0,0
9335.0,0
9337.0,0
9339.0,0
9341.0,0
9343.0,0
9345.0,0
9347.0,0
9349.0,0
9351.0,1
9353.0,1
9355.0,0
9357.0,0
9359.0,0
9361.0,1
9363.0,1
9365.0,0
9367.0,1
9369.0,0
9371.0,0
9373.0,0
9375.0,0
9377.0,0
9379.0,0
9381.0,2
9383.0,1
9385.0,1
9387.0,1
9389.0,1
9391.0,1
9393.0,0
9395.0,0
9397.0,1
9399.0,0
9401.0,0
9403.0,0
9405.0,0
9407.0,1
9409.0,0
9411.0,0
9413.0,1
9415.0,0
9417.0,1
9419.0,0
9421.0,0
9423.0,0
9425.0,0
9427.0,0
9429.0,0
9431.0,1
9433.0,1
9435.0,1
9437.0,0
9439.0,0
9441.0,0
9443.0,0
9445.0,1
9447.0,1
9449.0,0
9451.0,0
9453.0,0
9455.0,2
9457.0,0
9459.0,0
9461.0,0
9463.0,1
9465.0,0
9467.0,1
9469.0,0
9471.0,0
9473.0,2
9475.0,0
9477.0,2
9479.0,0
9481.0,0
9483.0,0
9485.0,0
9487.0,0
9489.0,0
9491.0,0
9493.0,0
9495.0,0
9497.0,0
9499.0,1
9501.0,1
9503.0,1
9505.0,0
9507.0,1
9509.0,0
9511.0,1
9513.0,1
9515.0,1
9517.0,1
9519.0,0
9521.0,1
9523.0,0
9525.0,0
9527.0,0
9529.0,0
9531.0,1
9533.0,0
9535.0,2
9537.0,0
9539.0,0
9541.0,1
9543.0,0
9545.0,0
9547.0,0
9549.0,2
9551.0,1
9553.0,0
9555.0,0
9557.0,0
9559.0,1
9561.0,1
9563.0,1
9565.0,0
9567.0,0
9569.0,1
9571.0,0
9573.0,0
9575.0,1
9577.0,2
9579.0,1
9581.0,0
9583.0,0
9585.0,0
9587.0,0
9589.0,0
9591.0,0
9593.0,0
9595.0,0
9597.0,1
9599.0,0
9601.0,0
9603.0,2
9605.0,0
9607.0,1
9609.0,1
9611.0,1
9613.0,4
9615.0,0
9617.0,1
9619.0,2
9621.0,2
9623.0,0
9625.0,2
9627.0,2
9629.0,3
9631.0,0
9633.0,2
9635.0,1
9637.0,3
9639.0,1
9641.0,1
9643.0,1
9645.0,3
9647.0,4
9649.0,1
9651.0,1
9653.0,0
9655.0,1
9657.0,1
9659.0,1
9661.0,0
9663.0,1
9665.0,2
9667.0,2
9669.0,0
9671.0,0
9673.0,1
9675.0,0
9677.0,0
9679.0,2
9681.0,1
9683.0,1
9685.0,1
9687.0,1
9689.0,6
9691.0,9
9693.0,16
9695.0,5
9697.0,4
9699.0,2
9701.0,4
9703.0,3
9705.0,0
9707.0,1
9709.0,0
9711.0,1
9713.0,1
9715.0,2
9717.0,0
9719.0,0
9721.0,1
9723.0,0
9725.0,0
9727.0,0
9729.0,2
9731.0,0
9733.0,1
9735.0,0
9737.0,0
9739.0,1
9741.0,0
9743.0,0
9745.0,0
9747.0,2
9749.0,1
9751.0,3
9753.0,0
9755.0,1
9757.0,0
9759.0,0
9761.0,1
9763.0,0
9765.0,0
9767.0,0
9769.0,1
9771.0,0
9773.0,0
9775.0,1
9777.0,0
9779.0,0
9781.0,1
9783.0,0
9785.0,0
9787.0,0
9789.0,0
9791.0,1
9793.0,0
9795.0,0
9797.0,0
9799.0,0
9801.0,0
9803.0,0
9805.0,0
9807.0,0
9809.0,0
9811.0,0
9813.0,0
9815.0,1
9817.0,1
9819.0,0
9821.0,0
9823.0,0
9825.0,0
9827.0,0
9829.0,0
9831.0,0
9833.0,0
9835.0,0
9837.0,0
9839.0,0
9841.0,0
9843.0,1
9845.0,0
9847.0,0
9849.0,0
9851.0,1
9853.0,0
9855.0,1
9857.0,0
9859.0,1
9861.0,1
9863.0,0
9865.0,1
9867.0,0
9869.0,0
9871.0,0
9873.0,1
9875.0,1
9877.0,0
9879.0,2
9881.0,1
9883.0,0
9885.0,0
9887.0,0
9889.0,1
9891.0,0
9893.0,1
9895.0,1
9897.0,0
9899.0,1
9901.0,0
9903.0,0
9905.0,0
9907.0,0
9909.0,0
9911.0,1
9913.0,0
9915.0,0
9917.0,0
9919.0,1
9921.0,0
9923.0,3
9925.0,0
9927.0,1
9929.0,0
9931.0,0
9933.0,3
9935.0,1
9937.0,0
9939.0,0
9941.0,1
9943.0,0
9945.0,0
9947.0,1
9949.0,0
9951.0,0
9953.0,0
9955.0,0
9957.0,0
9959.0,0
9961.0,0
9963.0,0
9965.0,0
9967.0,0
9969.0,0
9971.0,0
9973.0,1
9975.0,0
9977.0,0
9979.0,0
9981.0,0
9983.0,1
9985.0,0
9987.0,0
9989.0,1
9991.0,0
9993.0,0
9995.0,0
9997.0,1
9999.0,1
10001.0,0
10003.0,1
10005.0,1
10007.0,0
10009.0,0
10011.0,1
10013.0,0
10015.0,0
10017.0,0
10019.0,0
10021.0,1
10023.0,0
10025.0,1
10027.0,0
10029.0,0
10031.0,0
10033.0,0
10035.0,0
10037.0,0
10039.0,0
10041.0,0
10043.0,1
10045.0,2
10047.0,0
10049.0,1
10051.0,0
10053.0,2
10055.0,1
10057.0,0
10059.0,0
10061.0,0
10063.0,0
10065.0,0
10067.0,0
10069.0,0
10071.0,0
10073.0,0
10075.0,0
10077.0,1
10079.0,1
10081.0,0
10083.0,1
10085.0,0
10087.0,0
10089.0,0
10091.0,2
10093.0,0
10095.0,0
10097.0,0
10099.0,0
10101.0,0
10103.0,2
10105.0,0
10107.0,1
10109.0,2
10111.0,0
10113.0,1
10115.0,2
10117.0,0
10119.0,0
10121.0,1
10123.0,0
10125.0,2
10127.0,1
10129.0,2
10131.0,2
10133.0,0
10135.0,0
10137.0,0
10139.0,0
10141.0,1
10143.0,0
10145.0,2
10147.0,0
10149.0,2
10151.0,0
10153.0,0
10155.0,0
10157.0,0
10159.0,2
10161.0,0
10163.0,1
10165.0,0
10167.0,0
10169.0,0
10171.0,0
10173.0,2
10175.0,4
10177.0,0
10179.0,1
10181.0,1
10183.0,1
10185.0,1
10187.0,0
10189.0,3
10191.0,1
10193.0,2
10195.0,0
10197.0,3
10199.0,1
10201.0,0
10203.0,0
10205.0,0
10207.0,1
10209.0,3
10211.0,1
10213.0,2
10215.0,1
10217.0,3
10219.0,3
10221.0,2
10223.0,2
10225.0,1
10227.0,2
10229.0,0
10231.0,1
10233.0,1
10235.0,0
10237.0,2
10239.0,0
10241.0,2
10243.0,2
10245.0,0
10247.0,2
10249.0,2
10251.0,2
10253.0,1
10255.0,2
10257.0,1
10259.0,2
10261.0,1
10263.0,2
10265.0,4
10267.0,4
10269.0,3
10271.0,1
10273.0,4
10275.0,1
10277.0,2
10279.0,1
10281.0,2
10283.0,3
10285.0,0
10287.0,1
10289.0,3
10291.0,2
10293.0,1
10295.0,1
10297.0,1
10299.0,4
10301.0,3
10303.0,2
10305.0,0
10307.0,2
10309.0,5
10311.0,1
10313.0,2
10315.0,2
10317.0,10
10319.0,9
10321.0,6
10323.0,4
10325.0,7
10327.0,4
10329.0,1
10331.0,1
10333.0,2
10335.0,5
10337.0,1
10339.0,1
10341.0,4
10343.0,2
10345.0,1
10347.0,1
10349.0,1
10351.0,6
10353.0,2
10355.0,1
10357.0,3
10359.0,2
10361.0,4
10363.0,3
10365.0,0
10367.0,2
10369.0,3
10371.0,6
10373.0,4
10375.0,1
10377.0,3
10379.0,5
10381.0,6
10383.0,4
10385.0,4
10387.0,1
10389.0,1
10391.0,2
10393.0,3
10395.0,1
10397.0,1
10399.0,4
10401.0,3
10403.0,1
10405.0,7
10407.0,12
10409.0,24
10411.0,13
10413.0,12
10415.0,10
10417.0,7
10419.0,5
10421.0,2
10423.0,6
10425.0,2
10427.0,3
10429.0,3
10431.0,3
10433.0,1
10435.0,1
10437.0,3
10439.0,4
10441.0,2
10443.0,0
10445.0,5
10447.0,5
10449.0,4
10451.0,2
10453.0,4
10455.0,2
10457.0,3
10459.0,2
10461.0,0
10463.0,3
10465.0,1
10467.0,2
10469.0,0
10471.0,2
10473.0,0
10475.0,1
10477.0,1
10479.0,1
10481.0,0
10483.0,1
10485.0,0
10487.0,0
10489.0,1
10491.0,1
10493.0,2
10495.0,3
10497.0,0
10499.0,2
10501.0,4
10503.0,3
10505.0,3
10507.0,4
10509.0,2
10511.0,3
10513.0,5
10515.0,2
10517.0,1
10519.0,1
10521.0,2
10523.0,2
10525.0,0
10527.0,0
10529.0,0
10531.0,0
10533.0,1
10535.0,2
10537.0,0
10539.0,2
10541.0,1
10543.0,3
10545.0,0
10547.0,0
10549.0,0
10551.0,0
10553.0,1
10555.0,0
10557.0,1
10559.0,1
10561.0,1
10563.0,0
10565.0,0
10567.0,1
10569.0,0
10571.0,0
10573.0,0
10575.0,1
10577.0,0
10579.0,0
10581.0,0
10583.0,0
10585.0,0
10587.0,0
10589.0,0
10591.0,0
10593.0,0
10595.0,1
10597.0,0
10599.0,0
10601.0,0
10603.0,0
10605.0,1
10607.0,2
10609.0,0
10611.0,0
10613.0,2
10615.0,0
10617.0,0
10619.0,1
10621.0,0
10623.0,2
10625.0,0
10627.0,0
10629.0,1
10631.0,1
10633.0,0
10635.0,0
10637.0,1
10639.0,0
10641.0,0
10643.0,0
10645.0,1
10647.0,1
10649.0,2
10651.0,0
10653.0,1
10655.0,1
10657.0,2
10659.0,0
10661.0,1
10663.0,1
10665.0,1
10667.0,0
10669.0,0
10671.0,0
10673.0,1
10675.0,1
10677.0,3
10679.0,0
10681.0,4
10683.0,2
10685.0,0
10687.0,0
10689.0,1
10691.0,0
10693.0,1
10695.0,1
10697.0,0
10699.0,0
10701.0,1
10703.0,0
10705.0,2
10707.0,1
10709.0,5
10711.0,3
10713.0,2
10715.0,1
10717.0,0
10719.0,1
10721.0,2
10723.0,1
10725.0,0
10727.0,1
10729.0,1
10731.0,2
10733.0,0
10735.0,0
10737.0,0
10739.0,1
10741.0,0
10743.0,0
10745.0,1
10747.0,1
10749.0,1
10751.0,1
10753.0,1
10755.0,1
10757.0,0
10759.0,0
10761.0,1
10763.0,1
10765.0,0
10767.0,1
10769.0,0
10771.0,1
10773.0,0
10775.0,0
10777.0,0
10779.0,1
10781.0,1
10783.0,0
10785.0,0
10787.0,2
10789.0,1
10791.0,0
10793.0,0
10795.0,2
10797.0,0
10799.0,0
10801.0,1
10803.0,1
10805.0,2
10807.0,1
10809.0,0
10811.0,0
10813.0,0
10815.0,0
10817.0,2
10819.0,1
10821.0,0
10823.0,1
10825.0,1
10827.0,1
10829.0,1
10831.0,0
10833.0,0
10835.0,0
10837.0,0
10839.0,1
10841.0,1
10843.0,1
10845.0,0
10847.0,0
10849.0,0
10851.0,1
10853.0,0
10855.0,0
10857.0,1
10859.0,2
10861.0,0
10863.0,0
10865.0,0
10867.0,1
10869.0,0
10871.0,1
10873.0,2
10875.0,2
10877.0,0
10879.0,1
10881.0,0
10883.0,0
10885.0,2
10887.0,1
10889.0,2
10891.0,0
10893.0,0
10895.0,1
10897.0,0
10899.0,0
10901.0,0
10903.0,1
10905.0,0
10907.0,1
10909.0,0
10911.0,0
10913.0,0
10915.0,1
10917.0,1
10919.0,0
10921.0,0
10923.0,1
10925.0,0
10927.0,0
10929.0,0
10931.0,0
10933.0,1
10935.0,1
10937.0,0
10939.0,0
10941.0,0
10943.0,0
10945.0,0
10947.0,0
10949.0,1
10951.0,0
10953.0,2
10955.0,0
10957.0,0
10959.0,1
10961.0,0
10963.0,0
10965.0,0
10967.0,3
10969.0,2
10971.0,1
10973.0,0
10975.0,1
10977.0,1
10979.0,1
10981.0,0
10983.0,0
10985.0,0
10987.0,0
10989.0,0
10991.0,0
10993.0,1
10995.0,0
10997.0,0
10999.0,0
11001.0,0
11003.0,0
11005.0,1
11007.0,0
11009.0,0
11011.0,3
11013.0,1
11015.0,0
11017.0,0
11019.0,1
11021.0,1
11023.0,0
11025.0,0
11027.0,0
11029.0,0
11031.0,1
11033.0,1
11035.0,1
11037.0,0
11039.0,2
11041.0,1
11043.0,0
11045.0,0
11047.0,0
11049.0,1
11051.0,0
11053.0,0
11055.0,0
11057.0,0
11059.0,0
11061.0,0
11063.0,0
11065.0,1
11067.0,0
11069.0,2
11071.0,0
11073.0,0
11075.0,0
11077.0,0
11079.0,1
11081.0,0
11083.0,0
11085.0,0
11087.0,0
11089.0,0
11091.0,1
11093.0,0
11095.0,0
11097.0,0
11099.0,0
11101.0,1
11103.0,1
11105.0,1
11107.0,0
11109.0,1
11111.0,1
11113.0,0
11115.0,0
11117.0,0
11119.0,0
11121.0,1
11123.0,0
11125.0,0
11127.0,0
11129.0,0
11131.0,0
11133.0,0
11135.0,0
11137.0,0
11139.0,0
11141.0,0
11143.0,0
11145.0,0
11147.0,0
11149.0,0
11151.0,0
11153.0,0
11155.0,0
11157.0,0
11159.0,0
11161.0,0
11163.0,0
11165.0,0
11167.0,0
11169.0,1
11171.0,0
11173.0,0
11175.0,0
11177.0,0
11179.0,0
11181.0,0
11183.0,1
11185.0,0
11187.0,1
11189.0,0
11191.0,1
11193.0,0
11195.0,0
11197.0,0
11199.0,0
11201.0,0
11203.0,0
11205.0,0
11207.0,1
11209.0,0
11211.0,1
11213.0,0
11215.0,1
11217.0,0
11219.0,1
11221.0,1
11223.0,0
11225.0,0
11227.0,0
11229.0,0
11231.0,0
11233.0,0
11235.0,0
11237.0,0
11239.0,1
11241.0,0
11243.0,0
11245.0,0
11247.0,1
11249.0,0
11251.0,0
11253.0,0
11255.0,0
11257.0,0
11259.0,1
11261.0,1
11263.0,0
11265.0,0
11267.0,0
11269.0,1
11271.0,0
11273.0,1
11275.0,0
11277.0,0
11279.0,0
11281.0,1
11283.0,0
11285.0,1
11287.0,1
11289.0,1
11291.0,0
11293.0,0
11295.0,1
11297.0,0
11299.0,0
11301.0,0
11303.0,0
11305.0,1
11307.0,0
11309.0,0
11311.0,0
11313.0,0
11315.0,0
11317.0,1
11319.0,0
11321.0,0
11323.0,1
11325.0,0
11327.0,1
11329.0,0
11331.0,0
11333.0,1
11335.0,0
11337.0,1
11339.0,0
11341.0,0
11343.0,0
11345.0,0
11347.0,1
11349.0,0
11351.0,2
11353.0,2
11355.0,0
11357.0,0
11359.0,0
11361.0,0
11363.0,0
11365.0,1
11367.0,0
11369.0,0
11371.0,0
11373.0,1
11375.0,1
11377.0,0
11379.0,1
11381.0,2
11383.0,1
11385.0,0
11387.0,0
11389.0,1
11391.0,1
11393.0,0
11395.0,1
11397.0,0
11399.0,0
11401.0,1
11403.0,1
11405.0,0
11407.0,0
11409.0,0
11411.0,1
11413.0,0
11415.0,0
11417.0,0
11419.0,0
11421.0,0
11423.0,0
11425.0,1
11427.0,0
11429.0,0
11431.0,0
11433.0,0
11435.0,0
11437.0,1
11439.0,1
11441.0,0
11443.0,0
11445.0,1
11447.0,2
11449.0,0
11451.0,1
11453.0,1
11455.0,0
11457.0,1
11459.0,0
11461.0,1
11463.0,0
11465.0,1
11467.0,1
11469.0,0
11471.0,0
11473.0,1
11475.0,0
11477.0,0
11479.0,0
11481.0,0
11483.0,1
11485.0,0
11487.0,1
11489.0,1
11491.0,2
11493.0,1
11495.0,0
11497.0,1
11499.0,0
11501.0,0
11503.0,0
11505.0,0
11507.0,0
11509.0,0
11511.0,0
11513.0,2
11515.0,2
11517.0,0
11519.0,1
11521.0,0
11523.0,0
11525.0,0
11527.0,1
11529.0,0
11531.0,2
11533.0,0
11535.0,0
11537.0,0
11539.0,1
11541.0,1
11543.0,0
11545.0,1
11547.0,1
11549.0,1
11551.0,3
11553.0,0
11555.0,1
11557.0,0
11559.0,1
11561.0,0
11563.0,1
11565.0,1
11567.0,0
11569.0,0
11571.0,0
11573.0,0
11575.0,0
11577.0,0
11579.0,1
11581.0,0
11583.0,0
11585.0,1
11587.0,2
11589.0,1
11591.0,1
11593.0,0
11595.0,3
11597.0,2
11599.0,4
11601.0,2
11603.0,1
11605.0,2
11607.0,0
11609.0,2
11611.0,0
11613.0,0
11615.0,0
11617.0,0
11619.0,0
11621.0,1
11623.0,1
11625.0,2
11627.0,0
11629.0,1
11631.0,0
11633.0,0
11635.0,2
11637.0,1
11639.0,0
11641.0,2
11643.0,1
11645.0,4
11647.0,1
11649.0,1
11651.0,2
11653.0,3
11655.0,1
11657.0,1
11659.0,3
11661.0,1
11663.0,0
11665.0,1
11667.0,0
11669.0,0
11671.0,0
11673.0,0
11675.0,0
11677.0,0
11679.0,0
11681.0,1
11683.0,0
11685.0,1
11687.0,3
11689.0,1
11691.0,2
11693.0,0
11695.0,0
11697.0,2
11699.0,0
11701.0,0
11703.0,1
11705.0,1
11707.0,0
11709.0,1
11711.0,0
11713.0,1
11715.0,1
11717.0,1
11719.0,1
11721.0,1
11723.0,0
11725.0,3
11727.0,0
11729.0,4
11731.0,1
11733.0,1
11735.0,4
11737.0,1
11739.0,0
11741.0,0
11743.0,1
11745.0,1
11747.0,0
11749.0,0
11751.0,0
11753.0,0
11755.0,0
11757.0,1
11759.0,0
11761.0,0
11763.0,0
11765.0,0
11767.0,0
11769.0,2
11771.0,0
11773.0,0
11775.0,1
11777.0,0
11779.0,1
11781.0,0
11783.0,0
11785.0,0
11787.0,0
11789.0,0
11791.0,1
11793.0,0
11795.0,0
11797.0,1
11799.0,0
11801.0,0
11803.0,0
11805.0,0
11807.0,0
11809.0,0
11811.0,0
11813.0,0
11815.0,0
11817.0,0
11819.0,0
11821.0,0
11823.0,0
11825.0,0
11827.0,0
11829.0,0
11831.0,0
11833.0,0
11835.0,1
11837.0,0
11839.0,0
11841.0,0
11843.0,0
11845.0,0
11847.0,0
11849.0,0
11851.0,1
11853.0,0
11855.0,0
11857.0,0
11859.0,0
11861.0,0
11863.0,0
11865.0,0
11867.0,1
11869.0,0
11871.0,1
11873.0,3
11875.0,0
11877.0,0
11879.0,0
11881.0,2
11883.0,1
11885.0,0
11887.0,1
11889.0,1
11891.0,1
11893.0,1
11895.0,1
11897.0,0
11899.0,0
11901.0,0
11903.0,0
11905.0,0
11907.0,0
11909.0,0
11911.0,0
11913.0,0
11915.0,0
11917.0,0
11919.0,1
11921.0,0
11923.0,0
11925.0,0
11927.0,0
11929.0,0
11931.0,1
11933.0,0
11935.0,1
11937.0,0
11939.0,1
11941.0,2
11943.0,0
11945.0,0
11947.0,2
11949.0,0
11951.0,0
11953.0,0
11955.0,2
11957.0,2
11959.0,3
11961.0,3
11963.0,5
11965.0,6
11967.0,2
11969.0,0
11971.0,3
11973.0,0
11975.0,0
11977.0,1
11979.0,2
11981.0,0
11983.0,1
11985.0,1
11987.0,0
11989.0,0
11991.0,0
11993.0,0
11995.0,0
11997.0,0
11999.0,1
12001.0,0
12003.0,0
12005.0,0
12007.0,0
12009.0,0
12011.0,0
12013.0,1
12015.0,0
12017.0,0
12019.0,1
12021.0,0
12023.0,0
12025.0,0
12027.0,1
12029.0,0
12031.0,0
12033.0,1
12035.0,0
12037.0,0
12039.0,0
12041.0,0
12043.0,0
12045.0,0
12047.0,0
12049.0,0
12051.0,0
12053.0,0
12055.0,1
12057.0,0
12059.0,0
12061.0,0
12063.0,0
12065.0,1
12067.0,0
12069.0,0
12071.0,0
12073.0,0
12075.0,0
12077.0,1
12079.0,0
12081.0,0
12083.0,0
12085.0,0
12087.0,0
12089.0,1
12091.0,1
12093.0,0
12095.0,0
12097.0,1
12099.0,0
12101.0,0
12103.0,0
12105.0,1
12107.0,1
12109.0,0
12111.0,0
12113.0,0
12115.0,0
12117.0,0
12119.0,0
12121.0,0
12123.0,1
12125.0,0
12127.0,1
12129.0,0
12131.0,0
12133.0,0
12135.0,0
12137.0,0
12139.0,0
12141.0,0
12143.0,0
12145.0,0
12147.0,0
12149.0,0
12151.0,0
12153.0,0
12155.0,0
12157.0,0
12159.0,0
12161.0,0
12163.0,0
12165.0,0
12167.0,0
12169.0,0
12171.0,0
12173.0,0
12175.0,0
12177.0,0
12179.0,0
12181.0,1
12183.0,0
12185.0,0
12187.0,0
12189.0,0
12191.0,0
12193.0,0
12195.0,0
12197.0,0
12199.0,0
12201.0,0
12203.0,0
12205.0,0
12207.0,0
12209.0,1
12211.0,0
12213.0,0
12215.0,1
12217.0,0
12219.0,0
12221.0,1
12223.0,0
12225.0,0
12227.0,0
12229.0,1
12231.0,0
12233.0,0
12235.0,0
12237.0,0
12239.0,0
12241.0,0
12243.0,1
12245.0,0
12247.0,0
12249.0,0
12251.0,0
12253.0,0
12255.0,0
12257.0,1
12259.0,0
12261.0,0
12263.0,0
12265.0,0
12267.0,0
12269.0,0
12271.0,0
12273.0,0
12275.0,0
12277.0,0
12279.0,0
12281.0,0
12283.0,0
12285.0,0
12287.0,0
12289.0,0
12291.0,1
12293.0,1
12295.0,1
12297.0,0
12299.0,0
12301.0,0
12303.0,0
12305.0,0
12307.0,0
12309.0,0
12311.0,0
12313.0,0
12315.0,0
12317.0,0
12319.0,0
12321.0,0
12323.0,0
12325.0,0
12327.0,0
12329.0,0
12331.0,0
12333.0,0
12335.0,0
12337.0,0
12339.0,0
12341.0,0
12343.0,0
12345.0,0
12347.0,1
12349.0,0
12351.0,0
12353.0,0
12355.0,0
12357.0,0
12359.0,0
12361.0,0
12363.0,0
12365.0,0
12367.0,0
12369.0,0
12371.0,0
12373.0,0
12375.0,0
12377.0,0
12379.0,1
12381.0,0
12383.0,0
12385.0,1
12387.0,0
12389.0,0
12391.0,0
12393.0,0
12395.0,0
12397.0,0
12399.0,1
12401.0,0
12403.0,1
12405.0,0
12407.0,0
12409.0,0
12411.0,0
12413.0,0
12415.0,0
12417.0,0
12419.0,0
12421.0,0
12423.0,0
12425.0,0
12427.0,0
12429.0,0
12431.0,0
12433.0,0
12435.0,1
12437.0,0
12439.0,0
12441.0,0
12443.0,0
12445.0,0
12447.0,0
12449.0,0
12451.0,0
12453.0,0
12455.0,0
12457.0,1
12459.0,0
12461.0,0
12463.0,0
12465.0,1
12467.0,0
12469.0,0
12471.0,0
12473.0,1
12475.0,0
12477.0,0
12479.0,0
12481.0,0
12483.0,0
12485.0,0
12487.0,0
12489.0,0
12491.0,0
12493.0,0
12495.0,0
12497.0,0
12499.0,0
12501.0,0
12503.0,0
12505.0,0
12507.0,0
12509.0,0
12511.0,0
12513.0,0
12515.0,1
12517.0,0
12519.0,0
12521.0,0
12523.0,0
12525.0,0
12527.0,0
12529.0,0
12531.0,0
12533.0,0
12535.0,0
12537.0,0
12539.0,1
12541.0,0
12543.0,1
12545.0,0
12547.0,0
12549.0,0
12551.0,0
12553.0,1
12555.0,0
12557.0,0
12559.0,0
12561.0,0
12563.0,0
12565.0,0
12567.0,0
12569.0,0
12571.0,0
12573.0,0
12575.0,0
12577.0,0
12579.0,0
12581.0,0
12583.0,0
12585.0,0
12587.0,0
12589.0,0
12591.0,0
12593.0,0
12595.0,0
12597.0,0
12599.0,1
12601.0,0
12603.0,0
12605.0,0
12607.0,1
12609.0,0
12611.0,0
12613.0,0
12615.0,0
12617.0,0
12619.0,0
12621.0,0
12623.0,0
12625.0,0
12627.0,0
12629.0,0
12631.0,0
12633.0,0
12635.0,0
12637.0,0
12639.0,0
12641.0,0
12643.0,0
12645.0,0
12647.0,0
12649.0,0
12651.0,0
12653.0,0
12655.0,1
12657.0,0
12659.0,0
12661.0,0
12663.0,0
12665.0,0
12667.0,1
12669.0,1
12671.0,0
12673.0,0
12675.0,0
12677.0,0
12679.0,0
12681.0,0
12683.0,0
12685.0,1
12687.0,0
12689.0,0
12691.0,0
12693.0,0
12695.0,0
12697.0,0
12699.0,0
12701.0,0
12703.0,0
12705.0,0
12707.0,0
12709.0,0
12711.0,1
12713.0,0
12715.0,0
12717.0,0
12719.0,0
12721.0,0
12723.0,0
12725.0,0
12727.0,0
12729.0,0
12731.0,0
12733.0,0
12735.0,0
12737.0,0
12739.0,0
12741.0,1
12743.0,1
12745.0,0
12747.0,0
12749.0,0
12751.0,0
12753.0,0
12755.0,0
12757.0,0
12759.0,1
12761.0,0
12763.0,1
12765.0,0
12767.0,0
12769.0,0
12771.0,0
12773.0,0
12775.0,0
12777.0,0
12779.0,0
12781.0,0
12783.0,0
12785.0,0
12787.0,0
12789.0,0
12791.0,0
12793.0,2
12795.0,0
12797.0,2
12799.0,0
12801.0,0
12803.0,0
12805.0,0
12807.0,0
12809.0,0
12811.0,0
12813.0,0
12815.0,1
12817.0,0
12819.0,0
12821.0,0
12823.0,0
12825.0,0
12827.0,0
12829.0,2
12831.0,0
12833.0,0
12835.0,0
12837.0,1
12839.0,0
12841.0,0
12843.0,0
12845.0,0
12847.0,0
12849.0,1
12851.0,0
12853.0,0
12855.0,0
12857.0,0
12859.0,0
12861.0,0
12863.0,0
12865.0,1
12867.0,0
12869.0,0
12871.0,0
12873.0,0
12875.0,0
12877.0,0
12879.0,0
12881.0,0
12883.0,0
12885.0,0
12887.0,0
12889.0,0
12891.0,0
12893.0,0
12895.0,0
12897.0,0
12899.0,0
12901.0,0
12903.0,0
12905.0,0
12907.0,0
12909.0,0
12911.0,0
12913.0,0
12915.0,0
12917.0,0
12919.0,0
12921.0,0
12923.0,1
12925.0,0
12927.0,0
12929.0,0
12931.0,0
12933.0,0
12935.0,0
12937.0,0
12939.0,0
12941.0,0
12943.0,0
12945.0,0
12947.0,0
12949.0,0
12951.0,0
12953.0,0
12955.0,0
12957.0,0
12959.0,0
12961.0,1
12963.0,0
12965.0,0
12967.0,0
12969.0,0
12971.0,0
12973.0,0
12975.0,0
12977.0,0
12979.0,0
12981.0,0
12983.0,0
12985.0,0
12987.0,0
12989.0,0
12991.0,0
12993.0,0
12995.0,0
12997.0,0
